
binsize 2
1.000000
0.467327
0.196510
0.087856
0.043213
0.008929
0.014522
0.021759
0.013552
0.006807
-0.001994
0.004494
-0.020028
-0.029374
-0.040039
-0.035330
-0.008003
0.002737
-0.003398
0.021256
-0.000411
-0.019463
-0.022573
-0.023843
-0.015549
0.005340
0.023910
-0.002963
0.002818
0.000266
-0.021176
-0.038806
-0.024412
-0.029816
-0.025016
-0.035453
-0.041145
-0.021073
-0.009442
0.001240
-0.002304
-0.009224
-0.006085
-0.000127
0.005917
0.021105
0.015074
0.012490
0.019561
0.000940
-0.010919
0.008988
0.023153
0.019474
0.017645
0.008553
0.010597
0.000677
-0.019673
-0.018553
-0.005387
-0.026055
-0.042687
-0.039463
-0.032967
-0.011852
-0.016093
-0.001255
0.008056
0.020220
0.020670
0.002344
-0.019069
-0.023906
-0.025868
-0.036736
-0.026923
-0.011682
-0.004569
0.004042
0.009958
-0.006755
0.002175
-0.016462
-0.012230
0.028621
0.015086
-0.000561
0.001727
-0.018221
-0.024331
-0.029236
-0.011300
0.015017
-0.010186
-0.001804
0.008562
0.019868
-0.015276
-0.033637
-0.033137
-0.021208
-0.004666
-0.009322
-0.000691
-0.003709
-0.006224
-0.000058
-0.008343
-0.013803
-0.017299
-0.019594
-0.014176
-0.006291
-0.020545
-0.029245
-0.022974
-0.007160
-0.002676
0.022219
0.015849
0.023495
0.042365
0.040321
0.042904
0.008232
-0.005266
-0.018071
-0.023417
-0.000031
0.019708
0.011405
0.008146
0.009178
-0.009424
-0.005969
-0.010128
-0.023217
-0.021024
-0.017722
0.006646
0.019263
0.013702
-0.011429
-0.021208
0.004465
0.013239
-0.000461
0.002199
-0.003915
0.005159
-0.005860
-0.014480
-0.009485
0.000253
-0.005892
-0.027945
-0.017532
-0.018307
-0.020180
-0.020675
-0.014101
-0.009681
-0.011664
-0.003559
-0.028637
-0.035398
-0.010752
-0.002828
-0.003162
0.009387
0.021393
0.007956
0.010647
0.009457
0.014341
0.016141
0.000821
-0.009606
-0.000728
0.011675
0.030503
0.035415
0.028367
0.032439
0.021417
0.006043
0.016743
0.022877
0.026561
0.034619
0.000243
-0.001793
-0.002479
-0.003177
0.009293
0.012238
0.016304
-0.009934
0.008284
0.018402
0.035622
0.024923
0.026867
0.026552
0.044465
0.041539
0.026364
0.007490
0.005332
0.001413
-0.006901
-0.000616
0.003811
0.002086
-0.000865
0.007712
-0.011312
-0.011921
-0.010590
-0.024549
-0.018727
-0.019549
-0.015312
0.006695
0.029762
0.016113
-0.002796
-0.019738
-0.015764
0.009923
-0.005411
-0.004794
0.005786
-0.017506
-0.000064
-0.003131
-0.006193
-0.018553
-0.006664
0.015714
0.038577
0.048473
0.043890
0.015627
-0.034155
-0.010472
-0.016308
-0.019840
-0.023679
-0.030892
-0.014171
0.006275
0.006010
0.007114
-0.006162

binsize 4
1.000000
0.322744
0.059678
0.018390
0.023570
0.007303
-0.028537
-0.050811
-0.017986
0.007910
0.001922
-0.028233
-0.017158
0.015208
0.003416
-0.027195
-0.038824
-0.044843
-0.046821
-0.010437
-0.006195
-0.002393
0.017603
0.009632
0.016152
-0.006665
0.034307
0.023195
0.010544
-0.016774
-0.021417
-0.047706
-0.045935
-0.016005
0.011101
0.026178
-0.018387
-0.043973
-0.034351
-0.010043
0.011864
-0.016350
0.003031
0.013455
-0.000020
-0.032530
-0.011891
0.004105
0.011987
-0.025462
-0.041024
-0.009821
-0.012275
0.007636
-0.020916
-0.019195
-0.019437
-0.024654
-0.025209
-0.001192
0.025276
0.053777
0.043484
-0.007482
-0.019439
0.020167
0.013375
-0.009795
-0.021464
-0.022699
0.005447
0.012662
-0.026827
0.009855
0.008603
-0.002312
-0.018366
0.001009
-0.026723
-0.020956
-0.029729
-0.016259
-0.008541
-0.041054
-0.007330
0.005393
0.013973
0.029698
0.010680
-0.011825
0.009953
0.054580
0.038470
0.015662
0.029435
0.039876
-0.002156
-0.009003
0.021267
0.006229
0.023477
0.038624
0.040069
0.049963
0.014604
0.005638
0.003803
0.004835
-0.008658
-0.017628
-0.018857
-0.023017
-0.000285
0.024665
-0.014793
-0.010353
-0.007147
-0.002830
0.004573
-0.018545
0.021012
0.054342
0.022617
-0.025770
-0.032282
-0.042105
0.017212
-0.005786
-0.000831
-0.005605
0.009766
0.043554
0.059676
0.042959
0.006192
0.023023
-0.015208
-0.051997
-0.074268
-0.071590
-0.057783
-0.051729
-0.024469
0.017424
0.015110
0.022323
0.003949
0.005658
0.021501
0.006754
-0.039736
-0.004137
0.018235
0.016448
0.018142
0.047438
0.024021
0.023260
-0.028565
-0.028436
-0.021837
-0.041148
-0.040515
-0.030752
-0.040502
-0.030842
0.001049
-0.020531
-0.003864
0.002175
0.007956
-0.007067
-0.028521
-0.003493
0.025166
0.017666
0.005212
-0.015200
0.018076
0.057715
0.027560
-0.021453
0.024148
0.044863
-0.024033
-0.053508
-0.031945
-0.009379
-0.042236
-0.023414
0.001906
0.038280
0.049926
0.018889
0.009593
0.023602
0.042565
0.029992
-0.026587
-0.022429
-0.023723
0.012126
0.008401
0.002125
0.032490
0.023415
0.019870
0.002154
0.028988
0.037779
0.028171
0.008430
0.017000
0.025115
-0.019836
-0.023799
-0.003407
0.028216
0.003078
-0.018311
-0.008395
0.012162
0.034535
-0.000814
-0.028032
-0.018735
0.008382
-0.006990
0.001735
-0.014256
0.015017
0.002698
-0.009152
-0.005456
0.027577
0.031492
0.026874
-0.014118
0.013814
0.038135
-0.003197
-0.026289
-0.027712
0.041519
0.047091
0.018151
-0.017773
0.042239
0.049074
0.017201
0.009351
0.010218
0.020681
0.044102
0.055148
0.010405

binsize 8
1.000000
0.172078
0.025502
-0.043313
-0.006773
-0.035033
-0.012669
0.011211
-0.062665
-0.051479
-0.015990
0.013914
0.019378
0.030896
0.001849
-0.024489
-0.062015
0.010392
-0.031826
-0.043255
0.011392
0.001331
-0.019186
-0.016779
-0.001749
-0.053802
-0.005004
-0.008180
-0.032208
-0.026675
0.033529
0.051074
-0.006770
0.013207
-0.026711
-0.000903
-0.019810
0.028630
-0.020998
-0.033799
-0.026736
-0.036547
-0.024151
0.020738
0.023242
0.025755
0.044554
0.046599
0.003660
0.025869
0.026847
0.077003
0.012712
0.030491
-0.018153
-0.027792
-0.007658
-0.003581
0.004680
-0.017047
0.020453
0.057298
-0.068999
-0.002768
-0.002271
0.006266
0.083832
0.039575
-0.039138
-0.091984
-0.092892
-0.029055
0.024771
-0.000075
0.024865
-0.015539
0.020153
0.034498
0.039629
-0.018751
-0.046897
-0.045852
-0.058794
-0.015465
-0.005459
-0.015913
-0.017044
0.029785
-0.008660
0.051803
0.017669
0.035358
-0.019930
-0.067896
-0.022359
0.002527
0.057080
0.010891
0.055085
-0.011786
-0.031167
0.019264
0.041496
0.022856
0.035144
0.039818
0.029712
-0.014533
-0.004972
-0.000546
-0.003920
0.014913
-0.014230
-0.004194
-0.008574
0.009267
-0.006882
0.042824
0.012926
0.022375
-0.012479
0.000662
0.059651
0.000448
0.075228
0.010610
0.034786
0.068580
0.008462
-0.029281
-0.065426
-0.026652
-0.028704
-0.032675
-0.068571
0.018648
-0.033934
-0.001409
0.019147
0.069442
-0.023500
-0.031577
-0.028016
-0.049082
-0.054856
-0.025895
-0.012066
-0.027109
0.003709
0.078161
0.053797
0.030233
0.023975
-0.016262
0.000566
0.020002
0.039791
0.021097
-0.004800
0.020399
-0.004639
-0.015303
0.021523
0.028660
0.040167
-0.029688
-0.011544
-0.038610
-0.016561
0.030484
0.060854
0.001637
-0.010276
-0.018134
-0.023166
0.004359
-0.014604
-0.003535
-0.020568
-0.045579
-0.031045
-0.042590
-0.001487
0.008724
0.033449
0.061432
0.016219
0.011255
0.014562
-0.009468
-0.037521
-0.035258
0.007599
-0.026173
-0.048711
-0.023290
-0.005326
-0.062653
-0.033664
0.005429
-0.028884
0.005145
0.042672
0.035202
0.025098
0.021150
0.010182
0.046124
-0.048920
0.048995
-0.042265
0.020295
-0.020902
0.032356
-0.035728
0.020658
0.086773
0.039592
0.010238
-0.022015
0.018587
-0.044909
0.037184
0.014784
-0.007712
-0.083378
-0.000520
-0.009679
0.046078
0.059635
0.007441
-0.023396
-0.065853
-0.001697
0.017043
0.030629
0.069923
0.061173
0.051286
-0.040755
0.009067
0.012481
-0.013957
-0.032101
-0.019893
-0.043105
-0.059363
-0.076729
0.020692
-0.010164
0.033714
0.021179
0.001537
0.013271
-0.060419
-0.016461

binsize 16
1.000000
0.106966
-0.053645
-0.004735
-0.098617
-0.024898
0.055744
-0.028685
-0.013190
-0.057750
-0.039460
-0.030233
0.026041
-0.064570
-0.056855
0.069936
0.011581
-0.027298
0.016568
-0.038582
-0.049059
-0.023820
0.038271
0.043369
0.027540
0.106811
0.051478
-0.007744
-0.038542
0.002882
0.043658
-0.029915
-0.010747
0.084867
-0.057100
-0.122693
0.021265
-0.000104
0.028840
0.030069
-0.093627
-0.063106
-0.002162
-0.032458
0.052789
0.070961
-0.054758
-0.055316
0.084832
0.018318
-0.017476
0.061456
0.032224
0.033652
0.027687
-0.009680
-0.021982
0.027729
0.001004
0.023963
0.018836
0.038190
0.051151
0.101441
0.012250
-0.059531
-0.060629
-0.057508
-0.037109
0.045296
0.014934
-0.070492
-0.095320
-0.051356
0.053251
0.076313
0.035730
0.018492
0.045366
0.014026
0.012163
0.015124
0.034543
-0.054026
-0.006607
0.068635
-0.029678
-0.003346
-0.045302
-0.034199
-0.035310
-0.037000
0.033528
0.082046
-0.014652
-0.037873
-0.004065
-0.064542
-0.053877
-0.047152
-0.010810
0.028248
0.055603
0.036816
-0.007512
0.012713
-0.014028
0.004494
0.105457
0.033271
-0.027409
0.029775
-0.055153
-0.058322
0.095116
-0.016547
-0.049522
0.021618
0.122860
0.063308
-0.003981
-0.060440
-0.049948
-0.057846
-0.059382
0.065750
-0.026373
-0.025805
-0.044312
-0.018343
-0.002861
-0.014643
-0.034888
0.012759
-0.002872
-0.051282
0.020075
0.089095
0.022363
0.016668
-0.064422
0.003927
0.029491
-0.002051
0.115458
-0.050197
-0.151405
-0.067851
-0.082753
-0.079006
0.066106
0.055217
-0.011845
0.026419
-0.031087
-0.034859
0.041335
-0.033460
-0.076850
0.014578
-0.024248
0.019804
0.145045
0.120316
-0.063536
-0.099969
0.020472
0.060437
-0.011002
0.053307
-0.023457
0.042372
0.041976
-0.035122
0.064534
0.000358
-0.036496
0.021014
0.097724
-0.070018
-0.077102
0.045588
-0.041621
0.027445
0.022869
-0.085625
-0.028828
-0.006227
0.062701
0.063905
-0.079155
-0.099361
0.030521
0.020271
-0.016272
-0.001078
0.114153
-0.048634
-0.085976
0.091055
-0.014377
-0.045506
-0.081503
-0.088479
-0.040994
0.047683
0.003293
0.108086
-0.036578
-0.112759
-0.009151
0.136880
0.072682
0.004160
0.050256
-0.054427
-0.032101
-0.013049
-0.059163
-0.019177
0.066034
0.051278
0.067183
0.025407
-0.069428
-0.042766
0.006812
-0.017379
0.029432
0.060883
-0.047286
-0.118641
-0.038876
-0.027300
-0.056364
0.089936
0.077290
0.057252
0.120196
-0.029091
-0.033384
-0.039387
-0.144071
-0.039897
0.091720
0.072412
0.000870
-0.060031
-0.128269
-0.107013
-0.032531
-0.048727
0.085632
0.007672
-0.029247
-0.006892

binsize 32
1.000000
-0.007351
-0.113177
0.010143
-0.034078
-0.100215
0.018774
-0.064446
0.039160
-0.027655
-0.051090
0.069711
0.058139
0.074208
-0.010278
0.015699
-0.009145
-0.064960
-0.022277
0.025843
-0.105294
-0.007502
0.087482
-0.098765
0.077263
0.043294
0.048686
0.034820
-0.022185
0.022765
0.041294
0.114388
0.003732
-0.055843
-0.077228
-0.004666
-0.086142
0.008967
0.102269
0.052675
0.004488
0.045182
-0.029602
0.007985
-0.080268
-0.043384
0.048484
0.020071
-0.009982
-0.157460
0.013385
0.126241
-0.024791
-0.034538
0.143906
-0.030924
-0.045883
0.041523
-0.069807
0.167074
0.049312
-0.130276
-0.071780
0.030453
-0.089284
0.017212
-0.089228
0.039988
0.005784
0.073960
-0.059042
0.002435
0.132334
-0.173090
-0.195790
0.061664
0.053974
-0.089402
0.082735
-0.094573
-0.031238
0.223951
-0.067949
0.011464
0.005449
0.023640
0.058034
0.049174
-0.041300
0.073714
-0.059367
-0.004210
0.003038
-0.095105
0.066996
-0.087428
0.012970
-0.018412
0.110119
-0.078799
0.055597
-0.219557
0.009757
0.018419
-0.036896
0.066549
0.058243
0.040442
-0.005597
-0.091001
0.035837
0.169695
-0.132983
-0.003025
0.095603
-0.111956
-0.148529
0.037377
0.115924
0.120635
-0.054097
-0.157902
0.108107
-0.035986
-0.153612
-0.148097
0.094574
-0.001771
-0.012641
0.044641
0.032856
-0.063645
0.044328
-0.060265
-0.021238
-0.021585
0.048175
-0.023842
-0.073640
-0.070203
0.090256
-0.109051
-0.100943
0.170857
0.074575
0.090755
-0.027417
-0.221956
-0.012966
-0.079204
-0.032245
-0.012903
-0.150487
-0.017573
-0.033883
-0.133741
0.061255
0.262116
0.083811
0.018058
-0.218256
-0.010774
-0.026994
-0.187224
-0.037051
0.214907
-0.203533
0.090163
0.136627
0.085961
0.148383
-0.108136
-0.117293
-0.002508
0.066333
0.041857
-0.091955
0.042606
0.027737
-0.063463
-0.050143
0.042640
-0.006031
0.116687
-0.154848
-0.035577
0.155380
-0.103681
-0.112778
0.199008
-0.124879
-0.103052
0.027763
-0.156687
0.135254
-0.003878
0.015232
0.153613
0.150831
0.120812
0.002877
-0.295274
-0.061172
-0.029273
0.021113
0.211022
-0.154818
-0.103026
0.216844
0.007678
-0.054440
0.160460
0.071765
-0.013698
-0.134915
0.216157
0.209544
0.039149
-0.098281
-0.136611
0.185722
-0.036171
-0.380498
0.032125
0.144895
0.033898
0.167748
-0.059897
0.117244
0.113777
0.037388
-0.170872
-0.411199
-0.358553
-0.012877
-0.040436
0.052473
0.240823
-0.188720
0.173095
0.225154
-0.201092
-0.037175
-0.036460
-0.457894
0.347014
0.537910
0.021910
0.012326
0.043484
0.340459
0.297262
-0.300878
-0.743502
-0.503963
-0.146281
