
binsize 2
0.385117
0.382336
0.386639
0.384858
0.382601
0.387973
0.390965
0.387395
0.388134
0.387369
0.386120
0.383281
0.386831
0.387196
0.387890
0.388467
0.386541
0.386956
0.388300
0.387948
0.386454
0.385530
0.387672
0.381135
0.386885
0.388337
0.390698
0.387340
0.386626
0.386447
0.390286
0.388707
0.387392
0.382189
0.384382
0.381746
0.385011
0.386149
0.386575
0.393000
0.389134
0.391122
0.387694
0.387445
0.388682
0.386077
0.389071
0.392541
0.387149
0.383881
0.386254
0.388162
0.385094
0.387009
0.388517
0.385091
0.386354
0.385340
0.383805
0.387022
0.384411
0.387540
0.390700
0.387930
0.390882
0.386601
0.388785
0.386108
0.388558
0.391648
0.391016
0.384791
0.384019
0.383913
0.388531
0.393058
0.391558
0.391505
0.391279
0.386874
0.386889
0.389057
0.389776
0.386794
0.387284
0.381566
0.385004
0.385668
0.387495
0.387788
0.380072
0.387368
0.387947
0.384492
0.381269
0.391421
0.387201
0.386443
0.383322
0.386434
0.386763
0.385906
0.387763
0.390602
0.391583
0.385909
0.391051
0.385208
0.387948
0.390749
0.390520
0.388766
0.386708
0.394440
0.394193
0.389652
0.392132
0.389398
0.388566
0.385554
0.387055
0.389391
0.388106
0.385215
0.387966
0.391303
0.386611
0.394907
0.391528
0.390808
0.384003
0.385632
0.383103
0.392220
0.389651
0.390829
0.391965
0.389843
0.388512
0.392368
0.386980
0.382706
0.385673
0.387816
0.387092
0.394843
0.386406
0.387598
0.386856
0.388796
0.388531
0.392389
0.386676
0.383481
0.386739
0.384227
0.388463
0.391300
0.385399
0.382523
0.386734
0.392675
0.395426
0.388988
0.387701
0.383711
0.384782
0.383674
0.388667
0.390528
0.389888
0.389215
0.386563
0.381805
0.384797
0.387004
0.387774
0.387778
0.390238
0.390491
0.384836
0.383903
0.383849
0.382938
0.387970
0.385403
0.388868
0.384878
0.386270
0.388346
0.385608
0.390529
0.387009
0.387607
0.389603
0.388425
0.389364
0.383982
0.387046
0.391175
0.387098
0.385742
0.391265
0.389325
0.389526
0.386830
0.393710
0.387959
0.384148
0.387693
0.389854
0.389348
0.388224
0.389564
0.391338
0.389319
0.388423
0.387530
0.390929
0.391396
0.386082
0.389760
0.387869
0.383494
0.386408
0.386009
0.387637
0.390680
0.391165
0.389622
0.386159
0.389315
0.391594
0.389066
0.391014
0.387445
0.378904
0.381975
0.389110
0.387777
0.387434
0.385930
0.387875
0.384773
0.384468
0.386729
0.389983
0.390152
0.387058
0.389471
0.393626
0.385298
0.387092
0.387968
0.390808
0.387279
0.385726
0.390464
0.387749
0.384276
0.388657
0.384321
0.385619
0.387297
0.388577
0.386404
0.385626
0.382898
0.387875
0.388681
0.386598
0.385365
0.389667
0.386978
0.389429
0.386032
0.386581
0.382812
0.381125
0.388795
0.387510
0.389822
0.386567
0.385969
0.389980
0.388584
0.389658
0.388262
0.387429
0.384082
0.387652
0.387363
0.389057
0.389542
0.383124
0.384821
0.389789
0.386132
0.384051
0.383521
0.385804
0.386885
0.388717
0.386683
0.387160
0.388810
0.385585
0.384705
0.391085
0.386490
0.386753
0.389497
0.387217
0.387175
0.389297
0.387230
0.385386
0.386214
0.387382
0.388497
0.387645
0.388530
0.382354
0.383682
0.389095
0.385781
0.385234
0.388691
0.392831
0.388120
0.388743
0.388015
0.389159
0.389876
0.388351
0.386376
0.389252
0.389867
0.389237
0.385787
0.387942
0.387141
0.386799
0.385420
0.387420
0.387230
0.390307
0.389498
0.391126
0.392269
0.388355
0.389557
0.386434
0.384945
0.389818
0.388972
0.390621
0.385585
0.392098
0.385925
0.385476
0.391584
0.385787
0.386402
0.391096
0.390303
0.385471
0.387608
0.385515
0.389161
0.386090
0.386868
0.384592
0.385099
0.388274
0.387512
0.391240
0.385703
0.385954
0.387252
0.392546
0.386815
0.389233
0.387107
0.385435
0.392636
0.390727
0.388071
0.387153
0.387796
0.386318
0.384133
0.386326
0.389278
0.389401
0.392642
0.392961
0.387574
0.384763
0.387142
0.384385
0.381483
0.384533
0.387141
0.389109
0.385208
0.388136
0.384204
0.391921
0.384506
0.388534
0.384447
0.389665
0.388015
0.391192
0.392525
0.385698
0.388669
0.385157
0.388375
0.385325
0.391140
0.390194
0.389589
0.390276
0.393790
0.390065
0.386884
0.386646
0.383758
0.385966
0.389264
0.389930
0.391092
0.387350
0.389883
0.388270
0.383825
0.390609
0.386264
0.385504
0.387439
0.389441
0.384809
0.394294
0.389671
0.379887
0.386890
0.388127
0.390404
0.386819
0.389326
0.385821
0.383524
0.386946
0.391289
0.393432
0.389224
0.389622
0.390712
0.387797
0.390105
0.393350
0.385631
0.383521
0.385758
0.386105
0.392958
0.390673
0.382867
0.386320
0.388037
0.387469
0.390532
0.386626
0.387837
0.388099
0.389520
0.387178
0.389114
0.388064
0.389401
0.389690
0.390217
0.390973
0.381056
0.386305
0.387285
0.383024
0.383654
0.378454
0.390085
0.387146
0.385179
0.388132
0.387776
0.387502
0.390803
0.387067
0.381616
0.390088
0.391286
0.384248
0.388507
0.390166
0.386998
0.384575
0.384759
0.390621
0.386102
0.386863
0.385814
0.386785
0.387876
0.389245
0.387782
0.386434
0.385572
0.392329
0.390433
0.384090
0.387787
0.389842
0.391689
0.389787
0.386305
0.391153
0.390388
0.392706
0.387450
0.386671
0.393026
0.389377
0.390241
0.391994
0.389141
0.389432
0.390035
0.387924
0.384757
0.388839
0.394361
0.386308
0.386438
0.386912
0.391602
0.383928
0.386253
0.384684
0.386375
0.388339
0.390975
0.386785
0.386831
0.385507
0.385641
0.387030
0.387100
0.380035
0.379632
0.386041
0.385671
0.385121
0.386072
0.389401
0.388679
0.388038
0.385308
0.388595
0.388709
0.385203
0.385612
0.389041
0.381642
0.387561
0.384039
0.384506
0.388672
0.385294
0.384995
0.382422
0.385151
0.384873
0.386704
0.383854
0.385526
0.391288
0.389450
0.386145
0.390216
0.390272
0.386612
0.388774
0.388078
0.387061
0.386802
0.388891
0.388248
0.386506
0.389511
0.383288
0.388310
0.389558
0.382900
0.381761
0.386803
0.387812
0.386674
0.389576
0.389716
0.389776
0.388137
0.390651
0.388238
0.387472
0.388394
0.390774
0.387143
0.391300
0.386996
0.390316
0.387992
0.381075
0.387855
0.388683
0.388776
0.387826
0.389823
0.392070
0.389324
0.389915
0.387487
0.388074
0.389504
0.387353
0.382793
0.385294
0.388467
0.388496
0.388734
0.387420
0.388007
0.386813
0.387183
0.387134
0.389361
0.380991
0.388909
0.388511
0.393120
0.390769
0.383802
0.390487
0.385046
0.384502
0.393580
0.386659
0.387156
0.384459
0.388384
0.386752
0.388485
0.385128
0.384812
0.387499
0.388903
0.385254
0.389893
0.384204
0.384124
0.383637
0.388054
0.383903
0.386475
0.390886
0.388926
0.385180
0.389323
0.387819
0.388971
0.385624
0.384365
0.387258
0.386302
0.389952
0.390258
0.385670
0.389578
0.388548
0.385435
0.385515
0.386137
0.391381
0.385830
0.384779
0.390647
0.387331
0.388311
0.386750
0.388649
0.388370
0.388626
0.386748
0.386037
0.386683
0.385678
0.392708
0.391678
0.380223
0.386745
0.388518
0.385198
0.387479
0.390266
0.386514
0.390603
0.390407
0.388658
0.389235
0.384194
0.387550
0.386506
0.384812
0.384664
0.388113
0.394413
0.391841
0.387899
0.388403
0.387823
0.390349
0.385232
0.386826
0.386735
0.386400
0.384603
0.391270
0.388435
0.391665
0.391957
0.393042
0.389260
0.394979
0.389547
0.387276
0.391142
0.386697
0.388067
0.388244
0.385824
0.389081
0.390665
0.385729
0.389697
0.387813
0.390271
0.386724
0.385966
0.387156
0.386733
0.385903
0.387512
0.390463
0.391675
0.390387
0.387084
0.386307
0.384729
0.387093
0.391849
0.388607
0.388790
0.386594
0.387657
0.394235
0.387854
0.388237
0.386169
0.381399
0.385681
0.383808
0.386903
0.390031
0.382777
0.386362
0.389381
0.389261
0.389421
0.390294
0.389762
0.387888
0.387618
0.392138
0.387418
0.389221
0.390621
0.386520
0.385270
0.385279
0.383388
0.386376
0.386430
0.383585
0.386495
0.386087
0.386975
0.391244
0.388072
0.387063
0.387070
0.382909
0.382406
0.387703
0.380051
0.385416
0.384501
0.385518
0.389370
0.387502
0.389616
0.387576
0.389188
0.384282
0.390393
0.387334
0.390305
0.390495
0.386651
0.389657
0.386637
0.384322
0.386305
0.389214
0.389424
0.386687
0.390622
0.390018
0.388365
0.391605
0.389725
0.391109
0.386534
0.393414
0.388144
0.389412
0.389567
0.386279
0.385048
0.389304
0.388787
0.384550
0.385066
0.388697
0.389741
0.393877
0.388333
0.387013
0.384617
0.383294
0.385638
0.383514
0.387706
0.391741
0.386528
0.383877
0.383017
0.383322
0.381257
0.383855
0.382934
0.386627
0.387707
0.388273
0.388603
0.391145
0.388126
0.387776
0.387087
0.383947
0.388782
0.386265
0.388764
0.383319
0.388006
0.383895
0.385603
0.383699
0.388841
0.385031
0.387887
0.385986
0.386359
0.390310
0.386115
0.391107
0.389146
0.385172
0.387295
0.385091
0.385197
0.385624
0.386844
0.386248
0.387210
0.389302
0.389758
0.391181
0.392174
0.390045
0.389479
0.388563
0.390424
0.388342
0.386861
0.386185
0.385028
0.383884
0.392183
0.385091
0.386608
0.388715
0.387861
0.387123
0.386922
0.390711
0.388907
0.387227
0.388989
0.383646
0.383687
0.386006
0.387614
0.384712
0.383514
0.386435
0.392022
0.388356
0.388499
0.388513
0.383398
0.390286
0.387636
0.388293
0.382967
0.389371
0.389208
0.383581
0.384287
0.389543
0.392830
0.391626
0.387852
0.389873
0.384642
0.389371
0.389674
0.389740
0.388838
0.391364
0.388569
0.389603
0.385852
0.385825
0.392567
0.393477
0.391352
0.387825
0.382631
0.388354
0.386993
0.384792
0.390417
0.385248
0.384652
0.383370
0.382597
0.385659
0.383457
0.384174
0.394026
0.390789
0.389971
0.388814
0.385725
0.390977
0.389724
0.390254
0.392011
0.390883
0.388819
0.387184
0.383011
0.384561
0.387691
0.387427
0.389312
0.386805
0.391975
0.390401
0.390945
0.385541
0.387493
0.389352
0.387000
0.388888
0.387644
0.383759
0.387744
0.387070
0.386764
0.384437
0.389194
0.386042
0.383414
0.385578
0.386988
0.388373
0.389041
0.393893
0.384810
0.387389
0.388982
0.387738
0.384390
0.387160
0.390206
0.388013
0.387760
0.389013
0.385597
0.391239
0.390127
0.387068
0.383836
0.386946
0.385589
0.390972
0.384677
0.388705
0.389124
0.393759
0.390093
0.388347
0.385867
0.389136
0.390848
0.392728
0.389663
0.393326
0.387388
0.385713
0.387698
0.386503
0.386690
0.387891
0.384833
0.386073
0.389419
0.385000
0.387896
0.387361
0.386971
0.386348
0.387231
0.388005
0.385390
0.388352
0.386391
0.388065
0.392405
0.387089
0.391329
0.389772
0.388316
0.390395
0.387932
0.384642
0.386202
0.388088
0.386566
0.383650
0.387187
0.384357
0.389931
0.388402
0.386387
0.390972
0.385963
0.386530
0.387946
0.388822
0.385503
0.383897
0.388306
0.390774
0.387526
0.388773
0.390051
0.389613
0.386689
0.383489
0.383411
0.388135
0.387018
0.386468
0.389119
0.386871
0.385718
0.385935
0.391788
0.391060
0.390460
0.388560
0.390776
0.394611
0.388861
0.387448
0.388903
0.390116
0.386486
0.384602
0.389509
0.383816
0.386416
0.388954
0.389344
0.385295
0.382635
0.390512
0.390002
0.387960
0.388751
0.388218
0.388244
0.384975
0.388350
0.387415
0.391650
0.384769
0.384083
0.384150
0.388948
0.383567
0.384259
0.388348
0.391396
0.386806
0.383125
0.387513
0.383853
0.384851
0.382924
0.386149
0.386597
0.384694
0.386680
0.382375
0.387665
0.393729
0.391963
0.386928
0.382544
0.385140
0.385667
0.382282
0.385313
0.382697
0.387671
0.388281
0.387537
0.388643
0.384807
0.386698
0.380700
0.382135
0.385033
0.389659
0.386341
0.388314
0.383400
0.387859
0.385266
0.392076
0.389403
0.385487
0.384753
0.380928
0.383027
0.385079
0.383717
0.386725
0.388434
0.389939
0.390271
0.386932
0.388614
0.386213
0.386934
0.382506
0.390415
0.389855
0.388439
0.389804
0.388214
0.382638
0.381564
0.385518
0.391695
0.391591
0.389124
0.386048
0.384681
0.384247
0.383019
0.391807
0.386781
0.386090
0.387860
0.386782
0.391056
0.388823
0.383944
0.387027
0.390270
0.387458
0.382412
0.382223
0.385444
0.385970
0.385829
0.386510
0.385694
0.389709
0.388736
0.387730
0.383512
0.385619
0.387909
0.387862
0.387112
0.386296
0.391648
0.391736
0.384961
0.387645
0.388519
0.387931
0.388072
0.384128
0.382849
0.386196
0.382194
0.386167
0.388167
0.387820
0.389351
0.387109
0.388819
0.383854
0.387951
0.385342
0.389604
0.389679
0.383665
0.384573
0.387537
0.386693
0.391178
0.392873
0.389384
0.386528
0.388764
0.390428
0.384501
0.385531
0.390899
0.387806
0.390835
0.389669
0.384527
0.386225
0.386307
0.387500
0.389365
0.392728
0.386668
0.388628
0.381589
0.389531
0.396931
0.389995
0.389027
0.387457
0.384196
0.386568
0.387725
0.386661
0.386174
0.386017
0.389333
0.383961
0.388155
0.393410
0.390211
0.389340
0.386582
0.387963
0.389578
0.388321
0.394125
0.388769
0.387832
0.388246
0.386541
0.386452
0.394737
0.389346
0.384032
0.385785
0.384927
0.384275
0.386396
0.389450
0.385245
0.385517
0.387333
0.392076
0.387775
0.393929
0.388138
0.390593
0.386323
0.384557
0.390299
0.393814
0.390702
0.389086
0.391706
0.387408
0.394150
0.386808
0.385932
0.390099
0.389386
0.385307
0.388541
0.390816
0.388015
0.385043
0.388114
0.386817
0.384861
0.385548
0.385831
0.389512
0.388412
0.390965
0.388997
0.384219
0.382049
0.388870
0.388157
0.386488
0.390035
0.390185
0.384279
0.387956
0.389529
0.384876
0.386446
0.386401
0.386764
0.390779
0.389949
0.388242
0.385596
0.388053
0.387550
0.386642
0.393166
0.393153
0.389876
0.391625
0.384805
0.389829
0.392330
0.387581
0.389048
0.388851
0.385776
0.390029
0.389023
0.385553
0.384149
0.387588
0.386809
0.391795
0.385783
0.386610
0.390633
0.388553
0.391029
0.389594
0.388057
0.389245
0.386803
0.384781
0.389352
0.391191
0.390674
0.388851
0.384446
0.393545
0.394378
0.386279
0.390187
0.386026
0.391999
0.391159
0.391817
0.391230
0.385101
0.387063
0.386924
0.386886
0.395475
0.388634
0.386926
0.386483
0.388685
0.390377
0.386740
0.382898
0.384994
0.387109
0.386430
0.388794
0.386098
0.389067
0.387577
0.387318
0.388632
0.391770
0.389396
0.387839
0.384809
0.390594
0.387188
0.389247
0.387400
0.385780
0.387240
0.388385
0.385408
0.388311
0.383998
0.392795
0.384444
0.386220
0.386967
0.388320
0.385983
0.389352
0.390071
0.383735
0.391355
0.391900
0.389435
0.384768
0.383704
0.391223
0.388196
0.387555
0.390790
0.387588
0.388022
0.387870
0.385530
0.381242
0.386696
0.385289
0.383254
0.383982
0.391010
0.393859
0.385186
0.391528
0.385747
0.387619
0.384591
0.378460
0.387187
0.388432
0.383645
0.388025
0.388159
0.387359
0.388039
0.389944
0.390271
0.389471
0.387299
0.382127
0.384159
0.386421
0.388129
0.383477
0.387398
0.384359
0.388652
0.393335
0.382897
0.387346
0.386853
0.387870
0.387640
0.392009
0.386686
0.389956
0.389105
0.386393
0.389487
0.385489
0.387907
0.385400
0.387952
0.389473
0.387905
0.386616
0.391942
0.383862
0.387808
0.387165
0.386477
0.388882
0.381891
0.387499
0.386939
0.385024
0.384252
0.388346
0.390904
0.392979
0.388507
0.386567
0.392084
0.389732
0.382907
0.386922
0.386805
0.388599
0.388546
0.387761
0.387374
0.387951
0.389564
0.389613
0.388004
0.390004
0.388645
0.388430
0.387913
0.393086
0.389183
0.385530
0.388249
0.387743
0.387322
0.385949
0.388954
0.388924
0.384156
0.390636
0.387846
0.387004
0.391480
0.383964
0.385191
0.386299
0.384926
0.389109
0.386089
0.388002
0.386920
0.385570
0.388579
0.386948
0.389475
0.384063
0.385316
0.389839
0.388188
0.389120
0.386418
0.386341
0.390389
0.385798
0.387616
0.389960
0.385409
0.388859
0.387479
0.388020
0.390742
0.388643
0.384889
0.385829
0.389914
0.390863
0.386748
0.389658
0.390870
0.391847
0.388519
0.387941
0.389565
0.390420
0.387852
0.387009
0.388176
0.381848
0.386747
0.385707
0.390525
0.388617
0.388298
0.384221
0.384521
0.385317
0.383529
0.384332
0.386882
0.384719
0.385886
0.387244
0.384546
0.389982
0.388775
0.385911
0.389061
0.387737
0.390174
0.386078
0.385940
0.385487
0.384641
0.384925
0.392255
0.391014
0.386163
0.384803
0.380438
0.388769
0.390179
0.389820
0.388167
0.385709
0.386689
0.386322
0.390299
0.385079
0.384654
0.383717
0.385836
0.389472
0.387747
0.386508
0.387761
0.387414
0.385591
0.386348
0.385858
0.387987
0.388664
0.391142
0.391164
0.394877
0.387459
0.385310
0.388297
0.388481
0.391220
0.396788
0.386615
0.386886
0.383751
0.384219
0.387833
0.388152
0.386618
0.388463
0.383656
0.387720
0.389277
0.390744
0.388529
0.387501
0.389722
0.384855
0.387923
0.386257
0.391092
0.386948
0.387114
0.387305
0.388283
0.387256
0.390043
0.391736
0.387982
0.390103
0.387748
0.388339
0.390073
0.387700
0.386306
0.386243
0.385652
0.390573
0.389220
0.387604
0.387237
0.387560
0.387388
0.381803
0.382634
0.385450
0.388888
0.390315
0.387029
0.385534
0.387439
0.388355
0.387647
0.386483
0.385426
0.384767
0.389429
0.391873
0.386661
0.386199
0.385169
0.388721
0.389351
0.388048
0.390249
0.388433
0.384865
0.388362
0.387349
0.384332
0.388638
0.387674
0.386914
0.389792
0.389104
0.391767
0.389429
0.386134
0.384689
0.385758
0.386571
0.388151
0.387042
0.388048
0.387401
0.385190
0.385480
0.387612
0.387106
0.388345
0.388986
0.388957
0.388396
0.383587
0.388811
0.388909
0.385986
0.391403
0.391153
0.390833
0.385671
0.387482
0.387110
0.388007
0.383551
0.385480
0.387520
0.387573
0.388590
0.395573
0.389208
0.389645
0.386243
0.392868
0.390573
0.390836
0.388320
0.390190
0.389950
0.387639
0.388757
0.387509
0.389077
0.386676
0.387587
0.384964
0.392257
0.390286
0.389864
0.386794
0.388708
0.389023
0.386542
0.383344
0.385047
0.385370
0.390641
0.389630
0.388219
0.385263
0.385727
0.390817
0.390657
0.389442
0.389901
0.390123
0.387182
0.391318
0.386874
0.387581
0.387148
0.381765
0.385660
0.386595
0.386945
0.381753
0.384329
0.390375
0.385703
0.386945
0.383979
0.385134
0.391521
0.391485
0.386963
0.388421
0.387903
0.385682
0.389047
0.388018
0.382544
0.386644
0.386045
0.393462
0.388224
0.388054
0.388407
0.387866
0.390180
0.386036
0.389533
0.387572
0.386010
0.387175
0.392942
0.388235
0.387187
0.384517
0.382655
0.387596
0.383886
0.382948
0.384669
0.385225
0.390740
0.391714
0.388879
0.383504
0.386780
0.385777
0.392698
0.387088
0.384625
0.392459
0.389809
0.389840
0.384932
0.383441
0.387880
0.388610
0.385611
0.386755
0.389740
0.388923
0.386792
0.388894
0.393503
0.386910
0.388531
0.386503
0.392155
0.392075
0.384748
0.384192
0.384404
0.386222
0.386191
0.387552
0.385638
0.386328
0.389077
0.387530
0.385984
0.385271
0.386678
0.387727
0.387144
0.384073
0.386493
0.387747
0.387703
0.384898
0.390149
0.387631
0.389537
0.389073
0.384842
0.389956
0.388473
0.391746
0.387247
0.390947
0.386605
0.391349
0.391595
0.388507
0.388347
0.383302
0.385031
0.388154
0.387779
0.386837
0.385582
0.389052
0.390837
0.389005
0.391503
0.384248
0.379177
0.387961
0.390047
0.388869
0.390042
0.389724
0.386883
0.390662
0.388905
0.388540
0.386226
0.386671
0.387139
0.385614
0.387400
0.387296
0.388878
0.392797
0.390306
0.388685
0.386826
0.384993
0.386217
0.382697
0.390401
0.389704
0.392543
0.387952
0.388734
0.385881
0.387879
0.387676
0.392123
0.383208
0.385261
0.384552
0.386058
0.387897
0.386757
0.385742
0.388232
0.385655
0.393388
0.391185
0.390394
0.389510
0.390336
0.390757
0.388778
0.390872
0.383694
0.389851
0.393259
0.388554
0.388432
0.388968
0.385910
0.390297
0.388765
0.388251
0.383653
0.395368
0.388166
0.390446
0.385892
0.390708
0.389676
0.386352
0.387454
0.388861
0.385565
0.387065
0.382233
0.383235
0.385094
0.388329
0.388005
0.392306
0.393214
0.387038
0.387135
0.385519
0.392949
0.384611
0.387736
0.388857
0.385886
0.385760
0.389589
0.384393
0.385806
0.383700
0.384234
0.384933
0.389669
0.386994
0.386491
0.384021
0.387614
0.387602
0.390843
0.388026
0.380535
0.381428
0.386431
0.387150
0.389699
0.390923
0.388629
0.383284
0.385968
0.386257
0.384949
0.386237
0.386048
0.385956
0.385284
0.385513
0.386185
0.389442
0.388942
0.390066
0.389655
0.393231
0.391391
0.389891
0.389420
0.387818
0.385064
0.385182
0.380874
0.381861
0.382431
0.380857
0.389822
0.392989
0.386550
0.383857
0.388911
0.387705
0.388341
0.391153
0.391220
0.383706
0.385293
0.383160
0.387566
0.381556
0.384844
0.388479
0.388340
0.389410
0.383355
0.380949
0.389028
0.382101
0.384879
0.389084
0.389785
0.389514
0.387498
0.390404
0.384921
0.389039
0.384092
0.388109
0.384416
0.383519
0.386900
0.387233
0.387970
0.385829
0.388510
0.386897
0.383821
0.384198
0.387791
0.386107
0.391109
0.389715
0.386477
0.381946
0.385811
0.385154
0.390664
0.391399
0.391030
0.386730
0.387424
0.387465
0.383784
0.385031
0.384775
0.388710
0.390510
0.389937
0.383113
0.391100
0.386688
0.387266
0.392711
0.394094
0.395233
0.388479
0.385200
0.389307
0.389685
0.389555
0.387602
0.390240
0.389862
0.386803
0.381773
0.385694
0.387801
0.392591
0.387960
0.390912
0.388049
0.388493
0.386489
0.385414
0.383097
0.386856
0.389521
0.390500
0.389035
0.390302
0.389579
0.386403
0.390726
0.386629
0.389803
0.389631
0.392357
0.388241
0.390496
0.388403
0.388965
0.384850
0.384354
0.384403
0.385349
0.383698
0.384377
0.384442
0.384661
0.386425
0.387131
0.389297
0.394230
0.391493
0.384904
0.380800
0.385816
0.386092
0.385334
0.385957
0.388878
0.386942
0.387150
0.388092
0.389664
0.388872
0.389454
0.385660
0.387201
0.388541
0.389376
0.392355
0.389978
0.387209
0.387556
0.388385
0.385481
0.387659
0.390477
0.386208
0.390019
0.384750
0.388762
0.389906
0.393611
0.384986
0.393880
0.388426
0.388479
0.387375
0.384948
0.385919
0.391785
0.387637
0.389096
0.389923
0.387825
0.387953
0.386710
0.384312
0.385684
0.388300
0.386566
0.386488
0.384784
0.387963
0.386598
0.384830
0.383295
0.386553
0.384301
0.387274
0.386665
0.388702
0.385353
0.387060
0.390186
0.388390
0.392467
0.384778
0.388049
0.389346
0.390460
0.390737
0.389606
0.389325
0.393436
0.389234
0.388744
0.387954
0.388014
0.388084
0.381512
0.380610
0.384581
0.387721
0.387223
0.385059
0.388139
0.393360
0.389154
0.388671
0.391040
0.388087
0.388247
0.388073
0.389092
0.386613
0.390464
0.388746
0.388931
0.389320
0.387996
0.387860
0.387166
0.390511
0.389925
0.385045
0.388475
0.385140
0.389834
0.390071
0.388998
0.387203
0.384337
0.388456
0.385314
0.388120
0.389740
0.387837
0.386753
0.390350
0.385970
0.390194
0.385968
0.385817
0.387539
0.390948
0.392845
0.386900
0.381547
0.383169
0.389772
0.390791
0.393195
0.387628
0.386080
0.386353
0.390985
0.388912
0.386859
0.387115
0.388735
0.388182
0.388016
0.383745
0.389518
0.388944
0.388838
0.389068
0.389191
0.390123
0.389780
0.389614
0.389301
0.390057
0.388512
0.384037
0.388851
0.388930
0.387475
0.388269
0.392994
0.389291
0.386250
0.384302
0.387771
0.380865
0.387385
0.388683
0.392310
0.387341
0.388904
0.389386
0.390780
0.384264
0.383889
0.387165
0.387061
0.383554
0.388350
0.391894
0.388554
0.385601
0.383654
0.385441
0.389546
0.388182
0.380559
0.387106
0.390755
0.389236
0.390432
0.384853
0.384948
0.387623
0.386594
0.387562
0.386850
0.388583
0.389983
0.384734
0.385770
0.390900
0.389843
0.389281
0.389985
0.385718
0.387587
0.385698
0.386882
0.388952
0.387544
0.387956
0.390066
0.390209
0.387854
0.393660
0.389897
0.385766
0.386725
0.388804
0.385681
0.388288
0.386371
0.387800
0.385165
0.390278
0.391105
0.389042
0.388837
0.390276
0.383110
0.389725
0.389273
0.386506
0.384633
0.388291
0.386676
0.386455
0.385775
0.387548
0.391228
0.391466
0.385852
0.384495
0.389478
0.393761
0.391395
0.391056
0.390677
0.386054
0.389147
0.392069
0.382731
0.380169
0.387059
0.385350
0.392142
0.389880
0.390895
0.389788
0.387757
0.386618
0.389915
0.384625
0.385243
0.382565
0.389816
0.384709
0.386965
0.387328
0.388010
0.391817
0.390329
0.387761
0.388556
0.390111
0.391532
0.387862
0.390891
0.386051
0.381260
0.385694
0.385243
0.385831
0.389234
0.391115
0.385893
0.383710
0.392860
0.390119
0.388960
0.385566
0.387326
0.386845
0.386532
0.385040
0.390143
0.387491
0.384876
0.388967
0.387819
0.387348
0.394857
0.382207
0.387824
0.385831
0.388716
0.384109
0.387066
0.379699
0.385824
0.386511
0.384333
0.387683
0.388503
0.385646
0.388123
0.388737
0.387553
0.390164
0.388261
0.385312
0.387855
0.386154
0.391459
0.385278
0.386893
0.391620
0.393125
0.392279
0.388997
0.387092
0.383275
0.383647
0.388618
0.386117
0.385943
0.383795
0.385555
0.386210
0.387344
0.387215
0.389467
0.389624
0.385849
0.389831
0.387920
0.388318
0.389673
0.390953
0.388148
0.388039
0.388248
0.390882
0.390455
0.389099
0.388212
0.389976
0.392299
0.391284
0.387955
0.388717
0.382657
0.391940
0.394890
0.389768
0.385432
0.389095
0.389810
0.390654
0.386018
0.390377
0.386589
0.388700
0.387576
0.387923
0.385545
0.387510
0.387133
0.384373
0.384396
0.385945
0.388896
0.388140
0.386153
0.381669
0.384950
0.390933
0.386820
0.387081
0.387653
0.385715
0.387796
0.384516
0.386951
0.387823
0.392444
0.391909
0.385711
0.387610
0.385868
0.386913
0.388629
0.381491
0.387952
0.387951
0.389159
0.390000
0.391364
0.389089
0.382759
0.387690
0.384677
0.387324
0.387017
0.388699
0.393306
0.389541
0.386413
0.387329
0.387979
0.390320
0.387644
0.391252
0.388566
0.393116
0.389203
0.386418
0.387006
0.387683
0.386855
0.388707
0.388071
0.384261
0.393462
0.390586
0.391290
0.387586
0.392611
0.392198
0.386853
0.386470
0.385660
0.388687
0.380060
0.381176
0.389641
0.392925
0.389619
0.388852
0.383703
0.387828
0.385296
0.385105
0.390420
0.388821
0.385146
0.386909
0.390462
0.385187
0.390097
0.391836
0.389778
0.387364
0.390412
0.388378
0.385543
0.392121
0.389408
0.385620
0.386495
0.384250
0.383896
0.385440
0.386881
0.389394
0.389559
0.388286
0.383623
0.384980
0.389324
0.391281
0.387430
0.390063
0.387399
0.384253
0.389769
0.391833
0.390173
0.389633
0.388420
0.387449
0.389688
0.385628
0.387140
0.386579
0.387766
0.388161
0.387913
0.387736
0.389144
0.387920
0.385317
0.385670
0.385514
0.385462
0.386260
0.386410
0.390216
0.386719
0.388179
0.389057
0.390885
0.386888
0.385898
0.386187
0.385892
0.389403
0.387652
0.385703
0.387055
0.385939
0.386341
0.390386
0.384543
0.383523
0.388920
0.389831
0.387834
0.387776
0.387592
0.386111
0.386123
0.386448
0.384482
0.385832
0.383109
0.382783
0.382880
0.384111
0.386102
0.384197
0.386534
0.386574
0.386073
0.387549
0.387159
0.391949
0.389068
0.390000
0.392254
0.389760
0.384441
0.387127
0.385535
0.388213
0.389299
0.387346
0.384869
0.386475
0.386743
0.386191
0.386904
0.388659
0.384770
0.386485
0.385645
0.389230
0.391806
0.384992
0.387477
0.389518
0.387799
0.392754
0.394422
0.393035
0.392881
0.390988
0.385698
0.389953
0.388994
0.384835
0.387552
0.386959
0.386825
0.383947
0.390806
0.388419
0.384665
0.389039
0.389434
0.388037
0.390944
0.386025
0.385861
0.387286
0.388248
0.384480
0.382460
0.384752
0.386087
0.389245
0.385840
0.386958
0.386844
0.387910
0.386599
0.388079
0.387349
0.387398
0.385633
0.386599
0.391134
0.386012
0.390839
0.386069
0.386342
0.385433
0.387288
0.384295
0.386532
0.387280
0.386989
0.386830
0.380184
0.383578
0.389787
0.389383
0.389096
0.387125
0.386833
0.387125
0.386364
0.388630
0.390097
0.390205
0.388159
0.384950
0.389521
0.392302
0.390110
0.383689
0.390281
0.388179
0.389567
0.387119
0.388804
0.389432
0.390265
0.383617
0.383750
0.391278
0.388155
0.385645
0.386763
0.385277
0.385317
0.385916
0.386888
0.387109
0.390159
0.386947
0.387894
0.386769
0.391406
0.377988
0.384654
0.383411
0.385636
0.387907
0.388554
0.392669
0.389303
0.387126
0.385852
0.384497
0.381625
0.384585
0.388243
0.387109
0.385933
0.387809
0.384263
0.386491
0.385087
0.387387
0.391050
0.388649
0.391985
0.388249
0.389373
0.389810
0.394012
0.389687
0.386416
0.384658
0.384321
0.386305
0.393194
0.387893
0.386660
0.388274
0.386378
0.388265
0.386148
0.380864
0.382081
0.389696
0.385245
0.388613
0.389312
0.386541
0.387629
0.386647
0.389966
0.389404
0.386003
0.386762
0.390248
0.389200
0.390816
0.387761
0.393564
0.389179
0.388702
0.386636
0.386858
0.383857
0.385823
0.390892
0.391663
0.389855
0.391069
0.391010
0.387571
0.387788
0.388135
0.385319
0.392400
0.389821
0.389646
0.387493
0.382107
0.385755
0.385487
0.391380
0.387602
0.388336
0.387774
0.383422
0.379664
0.382955
0.389052
0.390969
0.384865
0.385692
0.386531
0.386972
0.388535
0.385099
0.388488
0.383418
0.386727
0.391266
0.386067
0.388282
0.385386
0.388889
0.385801
0.385083
0.386503
0.389974
0.387801
0.389408
0.385973
0.385042
0.382458
0.386049
0.387739
0.388181
0.388281
0.389904
0.385933
0.389081
0.385588
0.386290
0.383248
0.385473
0.387816
0.389517
0.382568
0.384772
0.384985
0.383860
0.385605
0.386484
0.385593
0.384298
0.382002
0.384184
0.385276
0.384133
0.385987
0.386152
0.387845
0.389009
0.385065
0.389922
0.390380
0.389859
0.391059
0.387578
0.390958
0.387258
0.387801
0.388919
0.391389
0.389379
0.387945
0.386162
0.384316
0.384867
0.386803
0.387279
0.394318
0.389698
0.387856
0.384760
0.381256
0.387877
0.391850
0.393147
0.388858
0.386998
0.385747
0.387909
0.384129
0.386537
0.384989
0.385391
0.385669
0.388229
0.389445
0.385480
0.389127
0.382111
0.387194
0.385718
0.390011
0.390841
0.387440
0.380852
0.385959
0.387124
0.384065
0.390641
0.391085
0.390464
0.384314
0.386584
0.386551
0.390910
0.386363
0.388231
0.387223
0.385525
0.386355
0.386404
0.387978
0.388252
0.384852
0.388164
0.385006
0.388389
0.389012
0.390033
0.392800
0.387703
0.383331
0.387552
0.388800
0.390241
0.387533
0.384590
0.381501
0.386040
0.386907
0.386368
0.390601
0.388915
0.386561
0.388784
0.386917
0.387878
0.386509
0.386774
0.385410
0.386150
0.383789
0.388610
0.389136
0.387328
0.382285
0.382039
0.380398
0.388748
0.382562
0.389385
0.389737
0.389012
0.383921
0.389547
0.388399
0.391869
0.385638
0.386464
0.391560
0.386020
0.384675
0.391816
0.393553
0.387862
0.386093
0.387044
0.384817
0.385583
0.388612
0.386357
0.387061
0.383574
0.388932
0.388257
0.388485
0.385629
0.385807
0.386213
0.388756
0.393559
0.386268
0.385341
0.392052
0.387877
0.386718
0.388598
0.391351
0.390553
0.384764
0.390588
0.384601
0.389287
0.386291
0.386182
0.387840
0.391406
0.387873
0.388923
0.387164
0.387849
0.389420
0.389175
0.394464
0.390293
0.392129
0.385035
0.387636
0.385678
0.390936
0.391153
0.387761
0.385201
0.389973
0.388774
0.391346
0.387610
0.387835
0.381708
0.384847
0.387719
0.392246
0.388022
0.387112
0.387688
0.391004
0.386263
0.387269
0.387484
0.387230
0.388482
0.386811
0.390339
0.386241
0.385473
0.385296
0.382362
0.386834
0.386782
0.385819
0.387384
0.386080
0.383475
0.386022
0.385857
0.385822
0.386619
0.390018
0.386185
0.389665
0.392068
0.389205
0.394416
0.389960
0.390638
0.390234
0.388571
0.388330
0.389342
0.389490
0.387584
0.388384
0.389627
0.386461
0.386286
0.387655
0.390519
0.387463
0.381366
0.386532
0.388201
0.389957
0.389309
0.391562
0.389284
0.393182
0.390248
0.388546
0.386470
0.385742
0.385964
0.389963
0.383957
0.385619
0.386156
0.386302
0.388278
0.391073
0.386558
0.385468
0.381407
0.386730
0.387107
0.384003
0.384816
0.388017
0.386646
0.386887
0.391049
0.388373
0.384402
0.390091
0.385278
0.389792
0.386151
0.384392
0.391697
0.385985
0.386127
0.388432
0.389242
0.388014
0.388805
0.391410
0.384388
0.384638
0.390812
0.389752
0.391114
0.393298
0.386456
0.386049
0.385869
0.386919
0.387996
0.388121
0.389572
0.391607
0.388033
0.389948
0.391943
0.389933
0.385933
0.384651
0.393371
0.388422
0.387403
0.388886
0.386695
0.383140
0.386570
0.388877
0.387961
0.389613
0.386969
0.384314
0.389013
0.388286
0.385593
0.391290
0.387170
0.388394
0.384512
0.391356
0.384218
0.383636
0.390073
0.390008
0.386632
0.386327
0.387128
0.391928
0.388791
0.387065
0.388447
0.388011
0.385105
0.390063
0.385648
0.386659
0.390392
0.386527
0.389050
0.391635
0.388015
0.381695
0.388041
0.388133
0.389344
0.389374
0.386699
0.387354
0.390322
0.394702
0.392891
0.384656
0.389303
0.386638
0.385807
0.388192
0.388650
0.392685
0.386291
0.386973
0.382755
0.382661
0.388711
0.388586
0.387312
0.387052
0.387536
0.388440
0.389521
0.386542
0.386538
0.389988
0.390973
0.393160
0.386625
0.389390
0.386874
0.386080
0.390284
0.391158
0.389202
0.391114
0.385840
0.384481
0.386215
0.383255
0.385771
0.387776
0.386233
0.384220
0.387900
0.389770
0.391935
0.390973
0.387123
0.391109
0.389867
0.389033
0.386664
0.388910
0.388817
0.390225
0.384285
0.381612
0.386276
0.384714
0.386127
0.381453
0.388306
0.389673
0.385620
0.384074
0.386150
0.385706
0.384741
0.389318
0.386328
0.390262
0.386602
0.387165
0.380244
0.388764
0.388546
0.391580
0.391273
0.386664
0.392114
0.390080
0.385191
0.386214
0.381775
0.385521
0.384902
0.389490
0.385800
0.385436
0.379689
0.386155
0.383929
0.388008
0.386670
0.389359
0.385857
0.385163
0.381228
0.386544
0.389083
0.388882
0.383007
0.383316
0.387151
0.386285
0.389330
0.384412
0.387420
0.385197
0.389237
0.389926
0.386113
0.386933
0.390478
0.390838
0.388515
0.385043
0.387501
0.389835
0.392460
0.389351
0.385731
0.388721
0.384555
0.388328
0.387089
0.386026
0.387175
0.388081
0.384136
0.386750
0.389218
0.382530
0.388673
0.391853
0.390676
0.385841
0.384315
0.388153
0.390598
0.386188
0.386103
0.387921
0.389267
0.385361
0.387057
0.386501
0.387353
0.385966
0.382565
0.385385
0.387660
0.385225
0.384985
0.380032
0.386511
0.382799
0.382532
0.389079
0.388922
0.392773
0.390762
0.388380
0.385944
0.382964
0.389093
0.393618
0.388447
0.387118
0.385145
0.388820
0.387217
0.390670
0.381652
0.384348
0.387286
0.382783
0.390354
0.389367
0.388181
0.386662
0.393352
0.383394
0.385458
0.394021
0.392916
0.389698
0.385419
0.383131
0.386335
0.393602
0.386042
0.385989
0.390477
0.389320
0.387340
0.383980
0.387203
0.389981
0.389069
0.387119
0.385346
0.384333
0.388825
0.386257
0.386356
0.382378
0.385224
0.385818
0.390334
0.391033
0.384728
0.386036
0.389128
0.389174
0.384679
0.387615
0.388883
0.390149
0.386835
0.383507
0.386247
0.384868
0.384678
0.383265
0.388636
0.390076
0.387844
0.389082
0.391390
0.387681
0.387733
0.382089
0.384413
0.385058
0.390118
0.389558
0.387121
0.388102
0.389682
0.389579
0.385095
0.384765
0.384530
0.387033
0.392874
0.391181
0.387105
0.388664
0.389228
0.384939
0.387609
0.386313
0.389813
0.390497
0.388592
0.384167
0.385433
0.387737
0.387224
0.385830
0.384174
0.385915
0.388691
0.386704
0.383293
0.386668
0.388819
0.387527
0.388764
0.390194
0.387571
0.388358
0.390433
0.386294
0.392682
0.388838
0.388682
0.385269
0.385555
0.384938
0.387627
0.382429
0.383295
0.387808
0.387694
0.388882
0.389314
0.388441
0.389933
0.386017
0.392707
0.390528
0.385304
0.385060
0.389323
0.393831
0.387584
0.387182
0.387903
0.384264
0.387632
0.389008
0.385567
0.391220
0.389418
0.392328
0.384924
0.388063
0.390963
0.391744
0.389552
0.387687
0.388020
0.383742
0.385695
0.387114
0.388737
0.386883
0.384995
0.385501
0.381096
0.384050
0.387843
0.388057
0.391773
0.390823
0.385771
0.385049
0.386125
0.388929
0.387459
0.391142
0.384276
0.380039
0.388998
0.390997
0.388878
0.387910
0.392725
0.384718
0.382736
0.388608
0.387630
0.388874
0.395464
0.391490
0.388268
0.387758
0.387285
0.392603
0.388635
0.384384
0.389190
0.389017
0.383978
0.382661
0.387670
0.386877
0.386192
0.386071
0.389320
0.388990
0.385596
0.391292
0.393811
0.389309
0.388103
0.390871
0.392005
0.393665
0.390591
0.389129
0.385208
0.386000
0.387653
0.391933
0.391506
0.385287
0.385576
0.385189
0.384094
0.387901
0.384259
0.384541
0.384164
0.389560
0.385776
0.385194
0.388108
0.387718
0.392727
0.389832
0.385498
0.383478
0.390024
0.390033
0.383253
0.389696
0.388643
0.384387
0.384922
0.386867
0.385506
0.389911
0.388934
0.390205
0.387036
0.386450
0.385439
0.385415
0.388741
0.384975
0.389378
0.390446
0.389474
0.390072
0.389891
0.380929
0.387096
0.388478
0.387110
0.385563
0.382865
0.388360
0.384287
0.387609
0.392066
0.390547
0.390840
0.390402
0.390943
0.386441
0.389341
0.387008
0.384992
0.386989
0.392833
0.386285
0.386105
0.385537
0.389884
0.388945
0.389953
0.386747
0.385408
0.387523
0.384570
0.388249
0.383749
0.385940
0.387171
0.390551
0.386577
0.383758
0.385495
0.383474
0.386208
0.388908
0.391312
0.391730
0.388893
0.386306
0.387150
0.396039
0.386719
0.383097
0.387726
0.386521
0.386847
0.391952
0.390109
0.389008
0.382902
0.385153
0.385482
0.392611
0.390305
0.388582
0.386116
0.386553
0.387828
0.391074
0.390446
0.388748
0.390844
0.390188
0.386389
0.385816
0.387402
0.386757
0.383214
0.384029
0.390891
0.391965
0.392430
0.393033
0.388839
0.389103
0.385247
0.382212
0.386237
0.389752
0.387692
0.387649
0.389209
0.393594
0.386530
0.387030
0.385392
0.386665
0.385374
0.389928
0.388206
0.385181
0.388065
0.387267
0.384713
0.388796
0.387452
0.392179
0.391094
0.383514
0.387861
0.388949
0.393589
0.392604
0.385092
0.388537
0.390144
0.391783
0.386985
0.389253
0.392360
0.384911
0.384436
0.383231
0.385318
0.390796
0.391979
0.388892
0.391067
0.384345
0.384744
0.388078
0.391107
0.388799
0.389156
0.390266
0.391682
0.389632
0.390365
0.389264
0.393346
0.386491
0.384943
0.384204
0.386971
0.388544
0.385151
0.382983
0.387140
0.389397
0.387583
0.390709
0.395357
0.386977
0.385414
0.389411
0.386923
0.384716
0.391330
0.386652
0.386940
0.386118
0.386652
0.389552
0.388976
0.390181
0.385780
0.386757
0.391293
0.388202
0.389847
0.386936
0.383213
0.386030
0.387394
0.389780
0.384142
0.384724
0.389389
0.386086
0.384695
0.387092
0.389997
0.389766
0.386431
0.386159
0.386071
0.386934
0.387789
0.386281
0.384034
0.389266
0.388013
0.386124
0.383913
0.387241
0.390699
0.393112
0.391040
0.388084
0.383512
0.385815
0.382998
0.383712
0.385554
0.389568
0.387586
0.392176
0.382743
0.389037
0.392935
0.390966
0.386673
0.387616
0.388575
0.388704
0.385351
0.385929
0.393629
0.387089
0.385779
0.386156
0.385274
0.385483
0.389951
0.389042
0.386219
0.385167
0.388040
0.392418
0.391284
0.389964
0.387878
0.392142
0.386014
0.387983
0.388794
0.393949
0.389717
0.386236
0.388389
0.391645
0.386855
0.386602
0.386213
0.390404
0.392368
0.386002
0.388904
0.387495
0.388639
0.388785
0.385436
0.390185
0.385033
0.384824
0.388319
0.383946
0.384864
0.385298
0.382636
0.389087
0.385389
0.387506
0.385042
0.387263
0.386416
0.386846
0.386112
0.380798
0.385013
0.386407
0.386401
0.381016
0.386484
0.386056
0.389106
0.385640
0.387522
0.387622
0.385921
0.386590
0.387226
0.388780
0.393357
0.383315
0.384396
0.382607
0.383916
0.380707
0.382968
0.383726
0.390416
0.390838
0.390037
0.386846
0.389268
0.387062
0.388934
0.386543
0.384731
0.385446
0.388674
0.387967
0.384947
0.386974
0.389776
0.389333
0.387992
0.389992
0.385328
0.387215
0.384088
0.386038
0.385149
0.390458
0.389870
0.389410
0.384397
0.382522
0.383527
0.386943
0.387504
0.383622
0.385403
0.382930
0.388709
0.388358
0.387754
0.390216
0.388899
0.384154
0.387985
0.387666
0.382858
0.384781
0.388645
0.388544
0.388111
0.385500
0.385814
0.389408
0.386083
0.389808
0.383136
0.384006

binsize 4
0.383726
0.385748
0.385287
0.389180
0.387752
0.384701
0.387013
0.388178
0.386749
0.388124
0.385992
0.384403
0.387611
0.389019
0.386537
0.389496
0.384790
0.383064
0.385580
0.389787
0.390128
0.387569
0.387379
0.390806
0.385515
0.387208
0.386051
0.386804
0.385847
0.385413
0.385976
0.389315
0.388741
0.387446
0.390103
0.387903
0.383966
0.390795
0.391532
0.389076
0.387973
0.388285
0.384425
0.385336
0.387642
0.383720
0.386220
0.386345
0.386822
0.384878
0.386334
0.389183
0.388746
0.388130
0.389348
0.389643
0.390574
0.391923
0.390765
0.387060
0.388223
0.386660
0.389634
0.390759
0.391168
0.384818
0.387661
0.390240
0.390904
0.390440
0.384843
0.386744
0.390967
0.387002
0.387826
0.390460
0.385078
0.385483
0.389882
0.383961
0.389705
0.392207
0.385706
0.384228
0.389597
0.389551
0.384184
0.385900
0.387776
0.390364
0.384370
0.383394
0.386686
0.386873
0.387308
0.388068
0.387308
0.389014
0.386673
0.389111
0.386420
0.390295
0.388178
0.390835
0.385921
0.389601
0.388894
0.390329
0.387977
0.391163
0.387921
0.385681
0.386208
0.389158
0.390393
0.387737
0.390330
0.389230
0.380440
0.388444
0.386682
0.386324
0.385599
0.390068
0.388264
0.389462
0.387530
0.389044
0.388095
0.386013
0.386489
0.386458
0.387490
0.384262
0.388278
0.385982
0.388323
0.387730
0.384697
0.384960
0.388666
0.386268
0.389282
0.388960
0.385755
0.387508
0.389299
0.383972
0.387960
0.383786
0.386345
0.387700
0.387985
0.385145
0.388788
0.388125
0.387196
0.388263
0.385800
0.387940
0.388087
0.383018
0.387438
0.386962
0.390475
0.388379
0.389517
0.387364
0.389560
0.387512
0.387542
0.386109
0.387325
0.389902
0.391697
0.388956
0.385689
0.389395
0.388103
0.389011
0.388530
0.386094
0.390700
0.386539
0.387338
0.386479
0.384845
0.387893
0.388471
0.386603
0.389680
0.388170
0.389036
0.389399
0.387475
0.385226
0.387802
0.391022
0.390268
0.385953
0.382934
0.385837
0.387158
0.386170
0.388213
0.386491
0.388840
0.391858
0.387184
0.386766
0.388233
0.389891
0.392033
0.388474
0.385202
0.387615
0.390511
0.388617
0.386048
0.388437
0.386472
0.387125
0.391982
0.383389
0.389266
0.388072
0.384673
0.389118
0.391328
0.390167
0.388951
0.389491
0.384639
0.389532
0.386770
0.387179
0.389001
0.387231
0.388810
0.388146
0.388732
0.389954
0.386014
0.386795
0.383339
0.384270
0.386162
0.387954
0.389153
0.384342
0.390687
0.386378
0.388582
0.384667
0.388362
0.386338
0.387330
0.388513
0.386003
0.391381
0.385939
0.390765
0.388046
0.390770
0.390078
0.389848
0.389809
0.390568
0.389734
0.386341
0.391600
0.386373
0.389257
0.385091
0.385529
0.389657
0.386808
0.385574
0.387065
0.379833
0.385856
0.385596
0.389040
0.386673
0.388652
0.385407
0.385342
0.385800
0.386589
0.385144
0.383786
0.385788
0.384690
0.390369
0.388181
0.388442
0.388426
0.386931
0.388569
0.388008
0.385799
0.386229
0.384282
0.387243
0.389646
0.388957
0.389445
0.387933
0.388959
0.389148
0.389154
0.384465
0.388730
0.388824
0.390697
0.388701
0.388789
0.385073
0.386880
0.388615
0.387714
0.386998
0.388247
0.384950
0.390815
0.387285
0.387767
0.389041
0.386907
0.386421
0.387618
0.384970
0.388201
0.387574
0.384164
0.385845
0.385189
0.389906
0.387251
0.388395
0.384995
0.386780
0.390105
0.387624
0.386991
0.385826
0.388606
0.387713
0.387821
0.387699
0.388498
0.386392
0.386181
0.392193
0.383484
0.386858
0.388872
0.388558
0.389533
0.386715
0.387028
0.384738
0.391263
0.389870
0.388113
0.387790
0.386780
0.385502
0.389853
0.391811
0.391151
0.392263
0.389209
0.387382
0.387034
0.389873
0.387713
0.389042
0.386345
0.386944
0.386707
0.391069
0.388736
0.385518
0.389471
0.388699
0.387126
0.391045
0.387203
0.383540
0.385355
0.386404
0.387871
0.389341
0.390028
0.387753
0.389778
0.389921
0.385895
0.384334
0.386403
0.385040
0.386531
0.389658
0.387067
0.382657
0.383877
0.384958
0.387444
0.388559
0.388382
0.387337
0.388819
0.388573
0.388147
0.385313
0.389319
0.388655
0.389192
0.390665
0.388821
0.390779
0.389490
0.385664
0.389045
0.384808
0.389219
0.391105
0.385815
0.384466
0.385610
0.389134
0.383447
0.382289
0.383394
0.387167
0.388438
0.389636
0.387432
0.386364
0.387515
0.385663
0.384749
0.386270
0.386459
0.386173
0.388213
0.390126
0.386234
0.385144
0.386234
0.386729
0.389530
0.391678
0.389762
0.389493
0.387601
0.385607
0.388033
0.385850
0.388288
0.387022
0.389809
0.388108
0.383667
0.386810
0.384113
0.389228
0.388428
0.385955
0.388961
0.385630
0.389289
0.383934
0.391187
0.389739
0.387258
0.389522
0.389289
0.389966
0.387727
0.389196
0.392414
0.385228
0.387673
0.387604
0.384950
0.382984
0.384558
0.389100
0.390380
0.387269
0.390350
0.391133
0.389851
0.385097
0.386126
0.388369
0.389390
0.390673
0.386517
0.388176
0.388266
0.385752
0.386917
0.386815
0.384728
0.386283
0.388707
0.389351
0.388186
0.386064
0.388683
0.387887
0.387305
0.390683
0.385452
0.386267
0.387825
0.388915
0.391926
0.387107
0.389992
0.391195
0.390357
0.386706
0.386597
0.386362
0.387746
0.386448
0.387166
0.386789
0.386698
0.387371
0.390235
0.389209
0.389044
0.389163
0.385422
0.387327
0.385419
0.387144
0.387394
0.388468
0.387238
0.387163
0.386102
0.389150
0.389412
0.388151
0.383450
0.387577
0.387794
0.386294
0.388861
0.390760
0.389668
0.391736
0.388175
0.388301
0.387055
0.385116
0.389149
0.383965
0.390257
0.388355
0.388231
0.386662
0.389533
0.384426
0.386549
0.383913
0.389872
0.384966
0.385683
0.383887
0.386373
0.385687
0.385020
0.392846
0.384736
0.385404
0.383797
0.385184
0.387909
0.386725
0.383699
0.383584
0.388000
0.385857
0.386563
0.390740
0.385120
0.381977
0.384398
0.387579
0.390105
0.387773
0.386574
0.386460
0.389147
0.389009
0.382101
0.388607
0.390357
0.385365
0.383633
0.389294
0.386975
0.388919
0.386384
0.388649
0.384935
0.383834
0.385899
0.386102
0.389223
0.385621
0.386764
0.387487
0.388972
0.388348
0.388082
0.388002
0.383489
0.384195
0.387167
0.388585
0.387964
0.385902
0.387473
0.386672
0.386055
0.388936
0.391128
0.387646
0.387464
0.388215
0.389321
0.387098
0.386266
0.388433
0.389698
0.385109
0.393231
0.389511
0.385826
0.387147
0.386418
0.387675
0.386058
0.391810
0.387961
0.388771
0.391223
0.388300
0.387393
0.390595
0.386689
0.385356
0.385336
0.387348
0.386425
0.389926
0.391034
0.388458
0.387428
0.392258
0.390396
0.390779
0.386370
0.389742
0.386924
0.389416
0.386578
0.385839
0.385689
0.388962
0.389981
0.383134
0.388513
0.388262
0.387232
0.388743
0.385661
0.386583
0.390364
0.386919
0.387802
0.389904
0.391514
0.388215
0.391080
0.388315
0.387313
0.389526
0.384851
0.387199
0.388789
0.388621
0.389791
0.388825
0.388024
0.387067
0.390933
0.386648
0.393961
0.388233
0.389013
0.391488
0.388166
0.386993
0.391181
0.387780
0.387584
0.388559
0.383946
0.386769
0.387446
0.388322
0.387975
0.390583
0.386324
0.388891
0.388323
0.386510
0.386897
0.386154
0.388619
0.386593
0.387152
0.389712
0.387545
0.390668
0.384236
0.389710
0.389173
0.387805
0.386700
0.383969
0.384271
0.387496
0.389523
0.388637
0.386105
0.382823
0.386038
0.388092
0.387699
0.390108
0.388385
0.383143
0.387275
0.385437
0.386506
0.388116
0.387099
0.387755
0.389347
0.389531
0.387940
0.386698
0.386676
0.388689
0.389279
0.385835
0.386821
0.385387
0.387219
0.384638
0.389625
0.390743
0.389325
0.386319
0.386863
0.388573
0.387568
0.388758
0.388809
0.389325
0.388172
0.391135
0.386889
0.387533
0.387451
0.386540
0.389241
0.389242
0.384577
0.385612
0.387599
0.387461
0.387074
0.388211
0.384689
0.389014
0.387769
0.388365
0.386707
0.387684
0.388169
0.389381
0.386766
0.387872
0.388806
0.390264
0.390183
0.388753
0.389136
0.387593
0.384297
0.388116
0.388458
0.384371
0.384423
0.385607
0.385302
0.385895
0.389379
0.387486
0.388955
0.386009
0.385064
0.388590
0.388588
0.382621
0.389474
0.388993
0.386199
0.388311
0.384867
0.384776
0.388609
0.387134
0.386503
0.386103
0.388325
0.391153
0.391168
0.386804
0.389850
0.391702
0.385319
0.386026
0.387385
0.386060
0.388498
0.389636
0.388612
0.386389
0.388674
0.387031
0.387794
0.388649
0.389859
0.388926
0.389206
0.387003
0.385947
0.389896
0.387421
0.387474
0.382218
0.387169
0.388672
0.386487
0.388001
0.385955
0.387098
0.389267
0.385684
0.389036
0.389149
0.386649
0.387855
0.386485
0.387294
0.389448
0.390598
0.385411
0.386164
0.387596
0.387725
0.385335
0.387359
0.388666
0.388676
0.386199
0.387448
0.391278
0.388252
0.387296
0.385779
0.386500
0.388081
0.392391
0.387944
0.391721
0.389578
0.390070
0.388198
0.388293
0.387132
0.388611
0.390075
0.387751
0.387782
0.384196
0.388006
0.388925
0.385495
0.390737
0.389671
0.388653
0.389096
0.387365
0.383712
0.386770
0.383041
0.388039
0.385462
0.388327
0.389224
0.388162
0.387364
0.385281
0.386345
0.390843
0.388230
0.389023
0.387785
0.386791
0.390058
0.387711
0.383586
0.385741
0.383808
0.387983
0.390297
0.385142
0.389238
0.385857
0.391134
0.387386
0.385660
0.387110
0.388247
0.387858
0.391198
0.387721
0.389329
0.388411
0.384298
0.386207
0.386595
0.387702
0.386757
0.385974
0.387436
0.385283
0.387725
0.387524
0.388584
0.386958
0.389214
0.389497
0.388776
0.391472
0.388427
0.384167
0.387967
0.386210
0.389945
0.390254
0.381712
0.389004
0.389456
0.388303
0.389784
0.387383
0.386905
0.386507
0.388087
0.391551
0.387756
0.385605
0.386549
0.391124
0.388343
0.386880
0.389899
0.384234
0.385305
0.387327
0.386987
0.389521
0.390790
0.389923
0.389768
0.387283
0.391555
0.388493
0.387439
0.389531
0.385952
0.391767
0.388169
0.390192
0.386903
0.387213
0.384649
0.384165
0.388167
0.392760
0.387086
0.389234
0.386173
0.387372
0.387674
0.385099
0.383967
0.387301
0.386742
0.385818
0.389223
0.384280
0.383930
0.388425
0.389776
0.384626
0.385603
0.386142
0.385620
0.385849
0.389192
0.389861
0.392311
0.389655
0.386441
0.383028
0.382146
0.385340
0.389770
0.386384
0.388023
0.391187
0.384499
0.385363
0.383200
0.388410
0.386383
0.384988
0.383490
0.389434
0.388506
0.387662
0.386565
0.386262
0.385209
0.387601
0.387169
0.385359
0.385995
0.388608
0.388096
0.383879
0.387909
0.391214
0.387077
0.385624
0.384903
0.389610
0.386525
0.388894
0.389989
0.394663
0.386840
0.389496
0.388578
0.390051
0.384288
0.386747
0.390275
0.389480
0.387491
0.384255
0.388188
0.389767
0.389941
0.388564
0.388216
0.390994
0.389369
0.388684
0.384602
0.384876
0.384038
0.384551
0.386778
0.391764
0.388198
0.383308
0.385713
0.387418
0.387046
0.388878
0.389163
0.386431
0.388959
0.391166
0.387382
0.386933
0.389068
0.388114
0.386756
0.391759
0.389433
0.388453
0.386161
0.388852
0.388367
0.388874
0.387331
0.384998
0.387433
0.385636
0.387280
0.384063
0.385427
0.386970
0.387028
0.388623
0.390429
0.386413
0.389903
0.390172
0.391381
0.388989
0.387984
0.384798
0.382595
0.387472
0.386599
0.391257
0.389855
0.388167
0.388583
0.388538
0.388838
0.388658
0.387513
0.390218
0.386760
0.387487
0.389535
0.385770
0.386885
0.388930
0.387295
0.388160
0.388081
0.386678
0.391896
0.384224
0.386470
0.391993
0.386854
0.388669
0.387885
0.387925
0.388099
0.386632
0.388891
0.389129
0.389952
0.389457
0.389284
0.386444
0.388202
0.390632
0.387770
0.386037
0.384125
0.390497
0.388122
0.390083
0.384077
0.387113
0.385952
0.390224
0.384628
0.387493
0.384370
0.388931
0.389834
0.384901
0.387109
0.387206
0.389283
0.385252
0.390371
0.389633
0.386652
0.386290
0.388248
0.389011
0.389031
0.391778
0.386246
0.387243
0.387329
0.386483
0.390691
0.388940
0.386693
0.389499
0.385569
0.387483
0.386115
0.389388
0.388659
0.386986
0.392578
0.390866
0.387600
0.387400
0.383614
0.388746
0.390388
0.388773
0.388266
0.384934
0.386191
0.385837
0.387669
0.391073
0.388159
0.390822
0.389377
0.383656
0.385468
0.387533
0.388504
0.388285
0.389539
0.386446
0.386688
0.387591
0.386183
0.388393
0.391102
0.385015
0.387273
0.385588
0.382762
0.385422
0.388093
0.386885
0.388145
0.389213
0.386583
0.388807
0.386086
0.392372
0.390638
0.385184
0.386133
0.386030
0.384675
0.386777
0.388341
0.387736
0.388876
0.388995
0.389550
0.388144
0.390668
0.388656
0.391138
0.389620
0.385687
0.393415
0.387600
0.389452
0.388336
0.388483
0.388138
0.386734
0.387321
0.384385
0.387421
0.387147
0.383309
0.388877
0.387367
0.386755
0.385733
0.390134
0.388810
0.386739
0.387771
0.384721
0.388555
0.390682
0.385924
0.386184
0.387170
0.391003
0.387977
0.387654
0.388982
0.389909
0.391160
0.386712
0.387269
0.388389
0.388861
0.390938
0.390099
0.389526
0.386065
0.384373
0.385408
0.391272
0.386277
0.386562
0.387762
0.386983
0.388685
0.387642
0.390807
0.388888
0.386960
0.390765
0.386058
0.384073
0.386161
0.389477
0.385954
0.387152
0.389356
0.388731
0.387011
0.391003
0.389027
0.388569
0.386384
0.387173
0.388037
0.388440
0.386619
0.385592
0.385861
0.388313
0.387449
0.389971
0.386393
0.386039
0.388527
0.386379
0.386140
0.387465
0.386221
0.388833
0.387684
0.386117
0.385465
0.384470
0.382832
0.385106
0.385366
0.386324
0.387354
0.390509
0.391127
0.387100
0.386331
0.388756
0.386107
0.386609
0.386547
0.386714
0.386065
0.390518
0.386235
0.388658
0.393588
0.392958
0.388343
0.389474
0.386194
0.386892
0.387377
0.386542
0.389236
0.389490
0.385943
0.387767
0.383470
0.385419
0.387542
0.386901
0.387255
0.387714
0.386516
0.388867
0.388426
0.386206
0.386361
0.385414
0.387134
0.383507
0.386682
0.389240
0.386979
0.386744
0.389364
0.389182
0.387236
0.391206
0.386985
0.388873
0.387961
0.389849
0.383684
0.389717
0.386204
0.385297
0.386402
0.388634
0.387420
0.389087
0.381321
0.384523
0.388230
0.390986
0.386489
0.383061
0.386414
0.386521
0.386036
0.385789
0.389218
0.390317
0.388811
0.391911
0.388052
0.384490
0.389749
0.387277
0.387326
0.387206
0.381472
0.387470
0.388962
0.387085
0.388307
0.387703
0.388505
0.390008
0.390663
0.388941
0.386747
0.384840
0.391277
0.390462
0.389291
0.387961
0.388859
0.389733
0.384800
0.385621
0.389491
0.388055
0.381543
0.386004
0.387917
0.386111
0.387754
0.386794
0.385072
0.388667
0.386834
0.387345
0.385793
0.388888
0.387691
0.383750
0.386894
0.388231
0.387919
0.387335
0.384769
0.386645
0.386043
0.384879
0.384732
0.386038
0.383150
0.384730
0.385060
0.386998
0.387037
0.390151
0.390459
0.389268
0.387529
0.390154
0.388662
0.385239
0.385835
0.390799
0.388777
0.383008
0.389863
0.391003
0.386372
0.386019
0.385763
0.385530
0.388837
0.387303
0.384652
0.387865
0.389140
0.383405
0.385595
0.390863
0.387389
0.386567
0.388636
0.387727
0.385940
0.387191
0.386552
0.386585
0.388701
0.391417
0.385517
0.388176
0.388887
0.383046
0.386474
0.388484
0.387738
0.387850
0.387193
0.386092
0.384969
0.388873
0.384806
0.381218
0.385655
0.389561
0.386466
0.388973
0.388754
0.389012
0.385347
0.392684
0.386977
0.385930
0.387098
0.386709
0.386253
0.388371
0.385718
0.387485
0.389914
0.388697
0.387297
0.389974
0.387659
0.387594
0.387789
0.387011
0.389640
0.388043
0.388635
0.391820
0.391211
0.386336
0.388307
0.389457
0.387587
0.390060
0.387723
0.383277
0.389983
0.387567
0.389346
0.386766
0.387357
0.387646
0.388290
0.385384
0.384598
0.386301
0.386732
0.384749
0.385840
0.388319
0.387925
0.390636
0.392188
0.390436
0.388450
0.389416
0.387984
0.388044
0.386970
0.388991
0.383949
0.389079
0.390435
0.391233
0.389397
0.386106
0.387963
0.384788
0.386229
0.389675
0.386013
0.384069
0.385555
0.386416
0.386767
0.389711
0.387247
0.387535
0.385272
0.388841
0.387280
0.388628
0.390108
0.384513
0.390282
0.392206
0.386253
0.386394
0.388059
0.390590
0.388990
0.390938
0.385292
0.390896
0.388145
0.384917
0.387723
0.388787
0.385641
0.388649
0.388442
0.387782
0.387934
0.383927
0.390040
0.386479
0.389528
0.387928
0.388229
0.387584
0.386153
0.388459
0.390342
0.384855
0.388087
0.389359
0.387026
0.392512
0.388773
0.387971
0.387000
0.390667
0.386632
0.382708
0.388649
0.387182
0.387988
0.388031
0.388263
0.392066
0.388007
0.386477
0.390721
0.390158
0.385161
0.384735
0.386773
0.385227
0.388835
0.391454
0.389116
0.389450
0.387787
0.389521
0.382949
0.385495
0.383790
0.388990
0.384847
0.385928
0.387029
0.388295
0.386883
0.384504
0.390063
0.388969
0.391097
0.385703
0.383648
0.387196
0.385618
0.382922
0.385968
0.388015
0.385510
0.383886
0.388982
0.383162
0.386718
0.386871
0.386309
0.389582
0.386523
0.390658
0.386779
0.388668
0.390905
0.387226
0.386441
0.386558
0.387628
0.385443
0.385874
0.390263
0.388258
0.386234
0.388393
0.387012
0.387314
0.386779
0.386660
0.383975
0.386443
0.382508
0.384655
0.385805
0.390848
0.389571
0.384454
0.391355
0.387783
0.386983
0.388943
0.383000
0.385034
0.389860
0.387421
0.388373
0.389740
0.391307
0.384275
0.389969
0.386015
0.389899
0.385660
0.388592
0.388094
0.384840
0.387541
0.384367
0.385521
0.390684
0.385382
0.389151
0.386147
0.389516
0.385171
0.385558
0.383971
0.389356
0.388463
0.389536
0.384911
0.384736
0.389838
0.387612
0.389630
0.384930
0.385781
0.392027
0.387884
0.387083
0.386961
0.390155
0.386380
0.386585
0.386527
0.385045
0.387698
0.384981
0.388173
0.389479
0.387964
0.388364
0.390760
0.386976
0.385246
0.385028
0.385551
0.388288
0.388877
0.387975
0.391617
0.385182
0.391577
0.387383
0.386083
0.388320
0.388393
0.390873
0.386494
0.391354
0.388620
0.385881
0.386405
0.387810
0.385248
0.382573
0.387950
0.391298
0.385410
0.387527
0.389300
0.382157
0.389997
0.388394
0.388722
0.385672
0.388252
0.393477
0.388013
0.389944
0.386510
0.389103
0.383320
0.387274
0.386132
0.389155
0.388444
0.391560
0.389487
0.392835
0.389860
0.385604
0.389793
0.388396
0.385382
0.385998
0.384400
0.386862
0.385485
0.387913
0.391279
0.384488
0.390029
0.386475
0.386515
0.385895
0.387708
0.389570
0.386743
0.385427
0.386858
0.389912
0.389773
0.385410
0.387787
0.386336
0.385613
0.385948
0.391306
0.390621
0.388692
0.388175
0.385990
0.389559
0.385821
0.389414
0.388350
0.386465
0.386410
0.384845
0.388861
0.385168
0.384485
0.387558
0.391521
0.387600
0.391594
0.384908
0.387123
0.389399
0.389559
0.384027
0.389046
0.389443
0.386334
0.389451
0.389597
0.390516
0.386103
0.387080
0.383621
0.391428
0.392731
0.388971
0.383729
0.387995
0.387671
0.391402
0.386780
0.386028
0.387651
0.386693
0.387666
0.386754
0.389816
0.387304
0.388405
0.393096
0.386815
0.390964
0.388119
0.388635
0.383834
0.388057
0.390435
0.387706
0.386411
0.389953
0.389711
0.390657
0.389815
0.389918
0.384574
0.387757
0.384067
0.388268
0.389146
0.391167
0.387413
0.385819
0.388991
0.386529
0.388102
0.389579
0.386269
0.389747
0.388392
0.384621
0.388587
0.384433
0.387738
0.385893
0.389881
0.386295
0.386502
0.387035
0.386650
0.387068
0.385577
0.391905
0.389562
0.384663
0.383355
0.387561
0.389881
0.385890
0.391950
0.387145
0.388639
0.385640
0.390359
0.385967
0.385379
0.389496
0.385693
0.390229
0.390624
0.390010
0.386998
0.391371
0.387977
0.390017
0.386729
0.388308
0.389185
0.388200
0.388712
0.387811
0.384929
0.386133
0.385081
0.385862
0.386448
0.386152
0.386631
0.383455
0.385710
0.383708
0.386270
0.387373
0.387572
0.386256
0.388003
0.388336
0.383501
0.382311
0.383347
0.390627
0.388442
0.388165
0.387739
0.385089
0.388321
0.385960
0.389554
0.388992
0.386271
0.385063
0.387803
0.389640
0.383459
0.385235
0.385563
0.384166
0.388534
0.388985
0.386526
0.387826
0.383820
0.388595
0.386805
0.387611
0.387946
0.383571

binsize 8
0.384737
0.387234
0.386226
0.387596
0.387436
0.385198
0.388315
0.388017
0.383927
0.387684
0.388849
0.389093
0.386361
0.386428
0.385630
0.387645
0.388094
0.389003
0.387380
0.390304
0.388129
0.384881
0.385681
0.386282
0.385850
0.387758
0.388438
0.389495
0.391248
0.388912
0.387442
0.390197
0.387993
0.388951
0.390672
0.385794
0.388985
0.389143
0.385281
0.386921
0.390956
0.384967
0.389574
0.385042
0.389070
0.383882
0.386780
0.387688
0.388161
0.387892
0.388358
0.389506
0.387761
0.389611
0.389570
0.386801
0.387683
0.389065
0.389780
0.384442
0.386503
0.387833
0.388863
0.388287
0.387054
0.386474
0.385876
0.387130
0.388026
0.384828
0.387467
0.389121
0.386632
0.386636
0.385873
0.387023
0.386565
0.388457
0.387730
0.386870
0.385553
0.387200
0.389427
0.388441
0.388536
0.386826
0.388614
0.390327
0.387542
0.388557
0.387312
0.388620
0.386908
0.386369
0.387537
0.388925
0.389218
0.386350
0.389412
0.388110
0.384385
0.386664
0.387352
0.390349
0.386975
0.389062
0.390253
0.386408
0.389564
0.387242
0.386798
0.387685
0.388669
0.386895
0.390747
0.389221
0.387086
0.386974
0.388116
0.388478
0.389343
0.386405
0.383804
0.387058
0.386747
0.388532
0.386625
0.387350
0.387922
0.388692
0.388352
0.389408
0.389963
0.390188
0.388037
0.388987
0.387174
0.387593
0.386191
0.383449
0.385726
0.387857
0.387030
0.385571
0.385867
0.384787
0.387530
0.388311
0.387679
0.388289
0.386014
0.385762
0.389301
0.388689
0.389053
0.386809
0.388777
0.389699
0.386931
0.387748
0.387356
0.386599
0.389050
0.388404
0.386664
0.386294
0.387887
0.385005
0.387548
0.387823
0.385887
0.388865
0.386408
0.388159
0.387760
0.387445
0.389187
0.385171
0.388715
0.388124
0.385883
0.390567
0.387952
0.386141
0.390832
0.391707
0.388296
0.388454
0.388377
0.386645
0.388888
0.387127
0.389085
0.389085
0.385372
0.385880
0.388606
0.388891
0.389850
0.385114
0.385721
0.388095
0.384862
0.384418
0.388002
0.387860
0.388696
0.386730
0.388987
0.389928
0.389800
0.387577
0.386927
0.390162
0.385140
0.387372
0.382868
0.385281
0.389037
0.386898
0.386589
0.385509
0.386316
0.389170
0.385689
0.386482
0.390604
0.389628
0.386604
0.386941
0.387655
0.388958
0.385238
0.386671
0.387192
0.387296
0.386612
0.390463
0.388390
0.389628
0.388462
0.388821
0.387639
0.383967
0.386829
0.388825
0.390741
0.387474
0.387247
0.390032
0.387347
0.387009
0.386866
0.385505
0.389029
0.387125
0.388285
0.388994
0.385860
0.388370
0.389516
0.390594
0.388531
0.386479
0.387097
0.386978
0.387034
0.389722
0.389104
0.386375
0.386281
0.387931
0.387200
0.387626
0.388781
0.385513
0.387044
0.389811
0.390702
0.388238
0.386086
0.386557
0.389306
0.387447
0.386979
0.385231
0.387419
0.384785
0.386030
0.388933
0.385070
0.384491
0.387317
0.383642
0.386928
0.388651
0.383549
0.385989
0.388939
0.386517
0.389078
0.385354
0.387861
0.386464
0.387947
0.387516
0.384384
0.386001
0.387422
0.387126
0.388660
0.388042
0.383842
0.387876
0.386933
0.387073
0.387495
0.389387
0.387840
0.388209
0.387349
0.387403
0.391371
0.386487
0.387046
0.388934
0.388366
0.389762
0.388994
0.386022
0.386342
0.388175
0.389746
0.389843
0.390587
0.388056
0.388170
0.386209
0.387326
0.386558
0.388387
0.387987
0.386122
0.388641
0.388853
0.389865
0.389697
0.388420
0.386025
0.388705
0.389308
0.387545
0.388791
0.391097
0.390250
0.387580
0.389480
0.388071
0.385358
0.387884
0.389279
0.387608
0.387417
0.386525
0.387606
0.388432
0.389106
0.386973
0.388489
0.385335
0.385884
0.389080
0.384464
0.387065
0.388903
0.385764
0.386356
0.387311
0.387427
0.389439
0.387319
0.387682
0.387557
0.386104
0.385929
0.390184
0.387822
0.387718
0.388163
0.389067
0.389653
0.387211
0.386995
0.389241
0.385095
0.387530
0.387643
0.386852
0.388067
0.387196
0.388775
0.387319
0.389535
0.389468
0.388364
0.386207
0.386414
0.385015
0.385599
0.388432
0.387482
0.386827
0.385605
0.389234
0.387255
0.384822
0.387872
0.386303
0.389739
0.388986
0.390776
0.385672
0.386722
0.389067
0.387500
0.387853
0.388222
0.389392
0.388104
0.387922
0.387448
0.384694
0.387579
0.386978
0.388182
0.387360
0.387899
0.387170
0.388371
0.388005
0.386880
0.386530
0.388012
0.387438
0.389363
0.387774
0.386140
0.390236
0.389832
0.389824
0.388245
0.387871
0.388913
0.385989
0.388465
0.388116
0.389162
0.388230
0.385241
0.385540
0.386895
0.388693
0.386323
0.388594
0.388627
0.387288
0.388884
0.384663
0.385895
0.387719
0.387547
0.389260
0.386385
0.388052
0.389459
0.388870
0.385252
0.387149
0.386366
0.386359
0.387624
0.387771
0.389355
0.390124
0.386297
0.387088
0.390099
0.385358
0.388880
0.388583
0.386706
0.389819
0.386680
0.388836
0.387612
0.387067
0.386316
0.388254
0.390356
0.388525
0.390024
0.388485
0.388860
0.389180
0.387058
0.384407
0.390463
0.388160
0.386772
0.386387
0.385634
0.386280
0.386752
0.386177
0.387201
0.385873
0.385734
0.389526
0.390983
0.384735
0.383743
0.388077
0.389605
0.384931
0.385805
0.385685
0.386462
0.388084
0.386414
0.386405
0.386264
0.387301
0.385988
0.389562
0.386351
0.387257
0.387710
0.392326
0.388168
0.389315
0.385518
0.389878
0.385873
0.388978
0.389252
0.389605
0.389027
0.384739
0.384295
0.389271
0.385753
0.386565
0.387962
0.387797
0.390063
0.387158
0.388591
0.389257
0.388943
0.387507
0.388620
0.386165
0.386535
0.385672
0.386198
0.387825
0.388421
0.390037
0.390185
0.386391
0.385034
0.388928
0.389011
0.388561
0.388748
0.388866
0.387124
0.387652
0.387908
0.387728
0.387380
0.388060
0.389232
0.387761
0.387905
0.387365
0.389010
0.389704
0.387864
0.389417
0.386903
0.387311
0.389103
0.385595
0.388088
0.386061
0.386650
0.387367
0.387157
0.387268
0.390002
0.386471
0.388630
0.390405
0.386744
0.386906
0.389816
0.388096
0.386526
0.387752
0.387823
0.391722
0.387500
0.386180
0.389580
0.386600
0.386014
0.389371
0.389490
0.386516
0.386501
0.388394
0.387993
0.387140
0.387288
0.388059
0.386430
0.384092
0.387489
0.388679
0.387695
0.389229
0.387911
0.386081
0.385726
0.388038
0.388936
0.388847
0.389662
0.390379
0.389551
0.388526
0.388409
0.387436
0.385853
0.387284
0.386093
0.387061
0.387933
0.387774
0.386246
0.389618
0.386054
0.389087
0.387815
0.389445
0.388936
0.387829
0.389900
0.389812
0.385219
0.388340
0.386420
0.387373
0.388164
0.389847
0.388862
0.385065
0.387819
0.386553
0.389043
0.389007
0.388798
0.386778
0.388239
0.386105
0.387087
0.388710
0.386216
0.387453
0.386802
0.387527
0.386900
0.384968
0.383969
0.385845
0.388931
0.389114
0.387543
0.386358
0.386631
0.388292
0.387447
0.393273
0.388908
0.386543
0.386959
0.389363
0.386855
0.384445
0.387222
0.387484
0.387691
0.387316
0.385887
0.385321
0.387961
0.386862
0.389273
0.389221
0.387929
0.388905
0.386700
0.385750
0.387518
0.388254
0.382922
0.389608
0.384775
0.386467
0.385912
0.389768
0.390361
0.386271
0.388513
0.387266
0.384471
0.388024
0.388005
0.389256
0.389802
0.385794
0.390870
0.388626
0.389296
0.385210
0.388773
0.383774
0.387014
0.387274
0.386870
0.387090
0.387341
0.385720
0.387563
0.387627
0.385707
0.385461
0.385385
0.383940
0.386029
0.388594
0.389864
0.388842
0.386951
0.388317
0.385892
0.390433
0.386196
0.385646
0.388070
0.386259
0.386273
0.388229
0.386978
0.388182
0.386565
0.386569
0.390059
0.386846
0.385966
0.387479
0.387794
0.386643
0.386921
0.383012
0.387608
0.387720
0.388883
0.389016
0.386454
0.386903
0.387312
0.386601
0.389305
0.388636
0.387626
0.387400
0.388842
0.390227
0.388773
0.388882
0.388824
0.385500
0.388775
0.388056
0.387502
0.386837
0.385449
0.385740
0.387079
0.389281
0.391312
0.388933
0.388014
0.387981
0.386514
0.390834
0.387751
0.386376
0.387952
0.385041
0.385986
0.388239
0.387391
0.387056
0.387954
0.387310
0.391244
0.386323
0.389324
0.389964
0.388094
0.386531
0.388255
0.387145
0.388112
0.385930
0.388260
0.388728
0.387907
0.387306
0.387599
0.388723
0.389769
0.388372
0.388834
0.384670
0.387915
0.388010
0.390165
0.387242
0.390440
0.384948
0.386000
0.390144
0.389283
0.388654
0.384222
0.386390
0.385388
0.387662
0.385694
0.389516
0.388400
0.385422
0.384270
0.386991
0.384698
0.386072
0.386795
0.387945
0.388590
0.387724
0.389066
0.386499
0.386536
0.388068
0.387246
0.387702
0.387047
0.385317
0.384476
0.385230
0.390209
0.387905
0.387383
0.385972
0.387447
0.387897
0.390523
0.387122
0.387957
0.387126
0.386467
0.385954
0.388102
0.387266
0.387832
0.385364
0.386664
0.388999
0.384823
0.388725
0.387280
0.388904
0.387484
0.388558
0.386482
0.385786
0.386339
0.388826
0.388164
0.388868
0.385137
0.386920
0.388426
0.388400
0.389480
0.387202
0.389633
0.388924
0.387250
0.387107
0.383910
0.389624
0.386469
0.385729
0.389196
0.387197
0.390865
0.388978
0.387807
0.385297
0.387644
0.390002
0.391161
0.387732
0.389095
0.385690
0.385631
0.386699
0.387884
0.388252
0.386205
0.388639
0.386085
0.388385
0.387591
0.387062
0.385780
0.390964
0.388433
0.387775
0.387618
0.387408
0.385627
0.387014
0.386022
0.389560
0.388251
0.388261
0.386793
0.389245
0.387893
0.390056
0.386591
0.387525
0.390851
0.385862
0.389536
0.386404
0.387172
0.387210
0.388560
0.390751
0.388889
0.388377
0.385945
0.389071
0.388182
0.390184
0.389866
0.386165
0.386168
0.390157
0.386616
0.387760
0.388840
0.388008
0.386506
0.386510
0.386815
0.388088
0.386769
0.386859
0.388741
0.387113
0.385458
0.387886
0.389547
0.387140
0.388163
0.387437
0.387961
0.390317
0.389185
0.388997
0.387518
0.388692
0.388261
0.385531
0.385471
0.386300
0.385043
0.384709
0.386822
0.386914
0.388169
0.382906
0.386987
0.388303
0.386414
0.387141
0.389273
0.385667
0.388722
0.384347
0.384865
0.388759
0.387176
0.386207
0.387208
0.385758

binsize 16
0.385985
0.386911
0.386317
0.388166
0.385805
0.388971
0.386394
0.386638
0.388549
0.388842
0.386505
0.385982
0.386804
0.388967
0.390080
0.388819
0.388472
0.388233
0.389064
0.386101
0.387961
0.387308
0.386476
0.387234
0.388026
0.388932
0.388686
0.388186
0.388374
0.387111
0.387168
0.388575
0.386764
0.386503
0.386427
0.388294
0.386634
0.386448
0.387511
0.387300
0.386377
0.388934
0.387681
0.389470
0.388050
0.387966
0.386639
0.388231
0.387784
0.388761
0.385525
0.388851
0.388019
0.388331
0.388403
0.387242
0.387782
0.389984
0.387030
0.388297
0.387874
0.385431
0.387640
0.386987
0.388307
0.388880
0.390076
0.388512
0.387384
0.384820
0.386791
0.386300
0.385327
0.387920
0.387984
0.385888
0.388995
0.387931
0.389238
0.387339
0.386977
0.388727
0.386479
0.386446
0.387685
0.387376
0.387284
0.387603
0.387179
0.388419
0.388225
0.387046
0.391269
0.388375
0.387511
0.388007
0.389085
0.385626
0.388748
0.387482
0.386908
0.384640
0.387931
0.387713
0.389458
0.388688
0.388544
0.386256
0.384074
0.387967
0.386049
0.387743
0.386085
0.390116
0.386773
0.388307
0.385954
0.387244
0.388537
0.389009
0.388641
0.385803
0.387827
0.389108
0.388640
0.387178
0.386186
0.388077
0.388639
0.387115
0.390055
0.387505
0.387037
0.388378
0.387739
0.387106
0.387413
0.387147
0.388427
0.389470
0.386321
0.388376
0.386105
0.386102
0.387482
0.384780
0.385479
0.387790
0.384769
0.387728
0.387216
0.387162
0.387732
0.385192
0.387274
0.388351
0.385859
0.387003
0.388441
0.388024
0.387376
0.388929
0.387990
0.389064
0.387508
0.387259
0.389794
0.389322
0.387189
0.386942
0.388187
0.387382
0.389359
0.389058
0.387365
0.388427
0.389944
0.388915
0.388776
0.386621
0.388443
0.386971
0.388019
0.388040
0.386912
0.387482
0.385765
0.387334
0.386833
0.388433
0.387501
0.386831
0.388056
0.387770
0.388615
0.388432
0.388118
0.386312
0.387247
0.387631
0.388047
0.389501
0.387286
0.385715
0.387016
0.387155
0.387419
0.386038
0.387087
0.389363
0.388224
0.387895
0.387677
0.388807
0.388013
0.386071
0.387279
0.387771
0.387535
0.388188
0.386705
0.387725
0.388568
0.388188
0.389828
0.388058
0.387451
0.388291
0.388696
0.385390
0.387794
0.387458
0.387957
0.386774
0.386807
0.388404
0.387219
0.389165
0.386201
0.386362
0.387698
0.389740
0.386693
0.387729
0.388731
0.388262
0.387758
0.387339
0.387285
0.389441
0.389254
0.389020
0.385732
0.389312
0.386580
0.385957
0.386464
0.386537
0.387630
0.387859
0.385910
0.387268
0.385745
0.387273
0.386410
0.386783
0.387775
0.386804
0.390018
0.388741
0.387698
0.387426
0.389429
0.386883
0.386783
0.386159
0.387880
0.388610
0.388924
0.388225
0.387393
0.386103
0.387012
0.389229
0.388288
0.386981
0.388786
0.388807
0.387388
0.387818
0.387720
0.388497
0.387635
0.389357
0.388641
0.387107
0.387349
0.387074
0.387009
0.387213
0.388237
0.389517
0.386825
0.388956
0.387139
0.389773
0.386840
0.388090
0.387692
0.388003
0.387447
0.387566
0.387673
0.385261
0.388084
0.388462
0.386996
0.386882
0.388891
0.390020
0.389039
0.387923
0.386568
0.386577
0.387854
0.387932
0.387570
0.388630
0.388382
0.389856
0.386780
0.386896
0.389006
0.386964
0.387186
0.389025
0.387788
0.387172
0.387899
0.386834
0.387165
0.385934
0.384907
0.389022
0.386951
0.387461
0.390360
0.387726
0.388161
0.385650
0.387353
0.387503
0.385604
0.387411
0.389247
0.388417
0.386225
0.387886
0.386265
0.385621
0.387840
0.388316
0.387890
0.386248
0.388631
0.387798
0.389748
0.387253
0.386273
0.387144
0.386980
0.386530
0.387595
0.385584
0.384663
0.387311
0.389353
0.387634
0.388163
0.385921
0.387164
0.387251
0.387580
0.386567
0.388452
0.386723
0.387218
0.384967
0.387664
0.388949
0.386679
0.386957
0.388970
0.387513
0.389534
0.388828
0.387162
0.388415
0.387170
0.385595
0.388180
0.390123
0.387997
0.388674
0.387064
0.386496
0.387112
0.387224
0.387632
0.388784
0.389644
0.387313
0.387700
0.387021
0.388494
0.387607
0.388161
0.389071
0.386752
0.387963
0.388703
0.387694
0.388072
0.388969
0.385306
0.386525
0.387605
0.386911
0.385631
0.385385
0.387370
0.388157
0.387783
0.387302
0.387474
0.386182
0.384853
0.389057
0.386677
0.387672
0.388823
0.387541
0.386211
0.387684
0.386598
0.387831
0.386774
0.388092
0.388021
0.386134
0.387583
0.388516
0.386028
0.388413
0.388341
0.389278
0.387179
0.386767
0.386099
0.388196
0.389921
0.386552
0.388823
0.389447
0.387392
0.386165
0.388068
0.387422
0.387235
0.387327
0.388372
0.388104
0.387513
0.386321
0.387791
0.388256
0.388019
0.388975
0.387058
0.388357
0.387970
0.387191
0.389655
0.388633
0.387508
0.389183
0.388016
0.388162
0.387188
0.388424
0.386508
0.387452
0.386814
0.387927
0.386672
0.388344
0.387800
0.389139
0.389091
0.388105
0.386896
0.385886
0.384876
0.386868
0.385538
0.387645
0.386777
0.387470
0.386534
0.386812
0.386692
0.386483

binsize 32
0.386448
0.387241
0.387388
0.386516
0.388695
0.386243
0.387885
0.389450
0.388352
0.387582
0.387635
0.386855
0.388479
0.388436
0.387743
0.387872
0.386633
0.387361
0.386541
0.387405
0.387655
0.388575
0.388008
0.387435
0.388272
0.387188
0.388175
0.387822
0.388883
0.387663
0.386653
0.387313
0.388593
0.389294
0.386102
0.386546
0.386624
0.386936
0.388463
0.388289
0.387852
0.386463
0.387531
0.387443
0.387799
0.387636
0.389822
0.387759
0.387355
0.388115
0.385774
0.387822
0.389073
0.387400
0.386021
0.386896
0.388100
0.387540
0.386599
0.388773
0.387222
0.388467
0.387909
0.387131
0.387877
0.388780
0.387708
0.387423
0.387280
0.388949
0.387349
0.386104
0.386131
0.386634
0.386248
0.387189
0.386462
0.387812
0.386431
0.388233
0.388153
0.388527
0.387383
0.389558
0.387065
0.387784
0.389209
0.387896
0.389429
0.387698
0.387707
0.388029
0.387197
0.386549
0.387633
0.387166
0.387913
0.388523
0.387215
0.387439
0.388774
0.386500
0.387085
0.386729
0.388225
0.388059
0.388242
0.387042
0.387525
0.387861
0.387215
0.388378
0.388943
0.387871
0.387043
0.387626
0.387366
0.387605
0.388192
0.386282
0.388719
0.387211
0.388497
0.387549
0.388363
0.389137
0.387522
0.386268
0.386500
0.387745
0.386589
0.386509
0.386596
0.387289
0.389380
0.387562
0.388156
0.386471
0.388245
0.388574
0.386748
0.388120
0.387634
0.388796
0.387603
0.388108
0.388496
0.387874
0.387211
0.387111
0.388877
0.387890
0.388456
0.387465
0.387848
0.387507
0.386467
0.388273
0.386939
0.389456
0.388481
0.386573
0.387893
0.388100
0.389119
0.386838
0.387985
0.388106
0.387480
0.387367
0.386549
0.386965
0.387206
0.389043
0.386906
0.387428
0.386508
0.388832
0.387056
0.385943
0.388078
0.387069
0.388214
0.388501
0.386709
0.386755
0.386589
0.385987
0.388493
0.387042
0.387208
0.387073
0.387588
0.386093
0.388307
0.386818
0.388242
0.389181
0.387789
0.386382
0.389151
0.388336
0.386780
0.387168
0.388208
0.388478
0.387361
0.388050
0.388616
0.387357
0.388199
0.388520
0.385915
0.387258
0.385508
0.387763
0.387542
0.386828
0.386955
0.387175
0.388182
0.386947
0.387215
0.387433
0.387077
0.388049
0.387221
0.388810
0.386973
0.387148
0.388237
0.389135
0.386779
0.387745
0.387281
0.388238
0.386917
0.388024
0.388497
0.387707
0.387581
0.389144
0.388345
0.388089
0.387806
0.386980
0.387370
0.387508
0.388470
0.388598
0.386391
0.385872
0.386592
0.387124
0.386673
0.386587
