
binsize 2
1.000000
0.219193
0.069196
-0.000620
0.020734
-0.003581
-0.078126
-0.016344
-0.013987
-0.018972
-0.023591
-0.040468
-0.053875
-0.015400
-0.003333
0.033822
0.031055
0.071571
0.038092
0.049890
0.015193
-0.008150
-0.005869
0.024984
0.008071
0.000586
0.018072
0.004952
0.001135
-0.023465
0.004686
0.017825
-0.068750
-0.011716
0.020471
0.039715
0.080295
0.008843
0.047946
-0.016826
-0.076136
-0.044637
0.005908
0.062030
-0.010454
-0.016354
-0.051826
-0.036542
0.009532
0.030218
0.049037
0.042020
0.042772
0.042358
0.004785
0.001246
0.004479
0.022018
-0.041209
-0.001266
0.023718
0.028637
-0.001096
0.025750

binsize 4
1.000000
0.121951
0.044833
-0.065241
-0.049479
-0.025249
-0.061526
-0.012487
0.073582
0.067201
0.049842
-0.005067
0.030269
0.005357
-0.003697
-0.013170
-0.056113
0.019062
0.093117
0.029381
-0.059293
-0.009008
-0.005167
-0.030113
0.005931
0.058317
0.086318
0.016763
-0.006919
-0.028165
0.040834
0.026068
0.020916
-0.018224
0.031670
0.026968
0.016290
-0.018670
-0.041052
-0.053929
-0.010738
-0.002511
0.030408
0.032052
0.002779
-0.003819
-0.019299
-0.075609
-0.063288
-0.025969
0.054260
-0.024909
0.060590
-0.013180
-0.057747
0.023217
-0.049786
-0.070884
0.010409
0.002689
0.058254
0.037144
-0.004160
-0.028067

binsize 8
1.000000
0.061687
-0.071601
-0.114227
0.122323
0.093170
0.003950
-0.024183
-0.044690
0.116915
-0.039834
0.002723
-0.005434
0.103782
0.004973
0.059214
-0.020672
0.041463
0.014624
-0.061681
-0.057775
0.065724
0.007583
-0.050451
-0.107625
0.019719
0.040941
-0.042869
-0.070452
-0.043771
0.104236
-0.037700
0.004443
-0.011749
0.110435
0.014868
0.009836
-0.031066
0.018241
-0.050451
0.015458
0.038487
-0.141548
0.012764
-0.066181
0.131577
0.015870
0.016789
-0.128122
0.093365
0.181014
0.014208
0.070302
-0.025044
0.036799
-0.037342
0.093556
0.008000
0.012733
-0.125698
-0.049063
-0.041127
0.152161
0.011553

binsize 16
1.000000
-0.108267
0.128532
-0.011423
0.041818
0.067759
0.013821
0.074754
0.059760
-0.075496
0.003085
0.023919
-0.115824
0.053740
-0.220773
0.160214
-0.073572
0.173202
-0.106591
0.071597
-0.058886
-0.047487
-0.028000
0.128129
-0.047397
0.101606
0.131719
0.016128
0.048350
-0.071299
-0.015761
0.042527
0.058722
0.059070
0.047541
-0.071893
0.100433
-0.148712
-0.030195
-0.045801
-0.224965
-0.148968
0.115476
-0.204811
-0.080915
-0.181817
0.062495
-0.242903
-0.096407
0.229302
-0.019353
0.134904
-0.100050
0.162326
-0.064461
-0.069477
0.107773
0.022527
-0.044993
0.053031
-0.144244
0.276436
-0.248869
-0.154597

binsize 32
1.000000
0.092544
0.090457
0.188456
-0.046596
-0.057593
0.031370
-0.130507
0.151749
-0.096722
0.029220
0.063712
0.047480
0.252735
-0.091713
0.044211
0.087102
0.081794
0.020502
-0.140974
-0.334007
-0.123390
-0.360633
-0.164259
-0.116388
0.165248
0.006603
-0.028255
0.083917
0.049214
-0.104957
-0.047809
-0.226861
-0.175858
-0.231942
-0.012964
-0.167855
-0.201087
0.110604
-0.081023
-0.072711
0.166761
-0.072694
0.184389
0.184790
-0.182110
0.313543
-0.094790
-0.298735
0.167475
-0.130464
-0.236663
0.415225
0.113128
-0.231266
0.179722
0.256689
-0.349896
-0.471199
0.090843
0.031037
-0.337516
0.013509
0.508718
