
binsize 2
1.000000
0.067778
0.005253
0.035050
-0.002850
0.008024
0.011968
-0.025912
-0.019323
0.016686
0.006008
0.034640
-0.002590
-0.008084
-0.001421
-0.019730
0.016012
0.014239
0.015537
-0.014252
-0.005738
0.008639
0.021276
-0.009914
0.011517
-0.013090
-0.024919
-0.016043
0.012976
-0.003029
-0.013888
-0.011054
-0.010089
0.012727
-0.002095
0.018149
-0.013111
0.008969
0.002776
-0.016908
0.019563
0.026566
0.001396
-0.006593
0.043652
-0.014948
0.001266
0.007709
-0.007351
-0.006247
-0.003019
0.003201
-0.014550
0.003820
-0.016251
0.008749
0.000425
0.003082
0.006740
-0.000181
-0.014363
-0.004129
-0.010604
0.009675
0.020665
-0.033407
-0.004625
0.011052
0.021703
-0.010342
-0.010294
0.022742
-0.008051
0.027465
0.016918
-0.003354
0.020300
0.015549
-0.004681
0.018331
0.024136
0.011473
0.012828
0.014730
0.008810
0.004103
0.013462
0.007925
0.002579
0.025809
0.015693
0.004077
-0.015377
0.003243
0.005281
-0.006983
0.025532
-0.010113
0.002239
-0.018809
0.009329
-0.004605
-0.006216
-0.020825
-0.018208
-0.015163
-0.006784
-0.007481
0.020756
-0.032300
-0.004822
0.016120
0.006759
-0.012525
-0.001488
0.005133
-0.014046
-0.015346
0.012607
0.002423
-0.006188
-0.017693
-0.006322
-0.003128
0.020933
-0.000896
-0.017549
0.024221
0.005242
-0.017550
0.001698
0.035867
0.004735
-0.018238
-0.009779
0.005700
0.005766
0.026344
0.001777
-0.005171
0.007401
0.011355
0.015271
-0.010948
-0.026363
0.012636
0.015237
-0.006819
0.011421
-0.013896
-0.024390
0.027004
0.000052
-0.017699
0.000927
0.011102
0.001046
0.021063
0.004295
-0.001379
0.014819
0.004297
-0.001699
-0.001787
0.001059
0.037769
0.013858
-0.006597
-0.010402
0.007004
-0.024045
-0.028181
0.027064
-0.004405
-0.012890
0.006594
-0.004111
-0.017971
-0.007294
0.002612
-0.007991
-0.015834
-0.007362
-0.011075
0.024321
-0.009237
0.009250
-0.003179
0.003892
-0.014476
0.000733
-0.029443
-0.030005
-0.004171
0.001748
0.027442
0.017724
-0.008813
-0.008254
-0.005174
-0.011939
-0.001025
0.001498
-0.031967
0.020974
0.004329
-0.003193
-0.002994
0.010978
-0.021809
-0.015856
-0.016762
-0.004308
0.007906
-0.007186
0.002048
0.006120
-0.007951
-0.007460
-0.039155
0.010105
-0.001027
-0.020637
-0.016565
0.020338
-0.012469
-0.005286
-0.038226
0.020636
0.009302
0.009420
0.031535
0.021472
0.008068
0.000648
0.002124
0.014671
0.021998
0.037126
0.024632
-0.005132
0.002148
0.015645
-0.016649
-0.004220
-0.023492
0.038761
0.007457
-0.001567
0.014846
0.018947
0.015261
0.028986
-0.038719
-0.026405
0.021217

binsize 4
1.000000
0.064442
0.009492
0.004663
-0.032530
0.038037
-0.006923
0.014448
0.012448
0.012714
-0.020390
0.026833
-0.004280
-0.043767
0.007371
-0.007441
-0.002571
-0.000443
-0.010521
-0.009721
0.039444
0.013249
0.020926
0.003095
0.001126
-0.009379
-0.015765
-0.005333
-0.001011
0.008306
-0.014064
-0.008805
0.013235
-0.010576
0.020377
-0.011106
0.012156
0.033135
0.021735
0.020096
0.024169
0.042001
0.012069
0.007877
0.030367
0.032524
-0.015375
-0.016636
0.028161
-0.007349
-0.006143
-0.024865
-0.027014
-0.019762
0.008174
-0.013701
0.006669
-0.009662
-0.021704
0.013464
-0.005526
-0.029054
0.022239
-0.005990
0.002952
0.011376
0.041559
-0.045225
0.025585
0.024392
-0.000209
0.019921
-0.016961
-0.010949
0.019282
-0.011414
-0.000126
-0.007264
0.013709
0.011050
0.018025
0.002486
0.013877
0.030889
-0.023330
-0.014723
0.014133
-0.023499
-0.001009
-0.021836
-0.022312
-0.003869
0.013481
0.005918
-0.003496
-0.010639
-0.065899
0.018118
0.037077
-0.028229
-0.000019
-0.019075
-0.009663
0.014150
-0.007641
-0.034878
-0.001936
-0.014772
0.008652
-0.022358
-0.007626
-0.029556
-0.003022
-0.015295
0.002370
0.027604
0.040020
-0.014295
0.047891
0.052711
0.008225
-0.005362
-0.007920
0.011017
0.024249
0.031308
0.007905
-0.027477
0.006587
-0.002994
0.014895
0.007987
-0.018564
0.003900
0.006617
-0.010746
0.024224
-0.019293
0.024646
-0.002613
0.034749
0.029601
-0.004128
0.000757
0.022181
-0.038700
0.009285
-0.024820
0.009964
0.001520
0.003277
0.041337
0.011204
0.005700
0.028788
0.004504
0.025339
-0.015230
0.013437
-0.004551
-0.038324
-0.038608
-0.011176
0.028114
-0.065684
-0.032025
0.006075
-0.062950
0.010375
-0.036614
-0.020001
0.010365
-0.025777
-0.022899
0.020265
-0.007210
0.006513
-0.006944
0.003107
-0.027214
-0.008392
0.009900
0.003001
-0.010607
-0.002027
-0.005201
-0.002137
-0.024914
-0.020484
-0.005752
0.025068
-0.011520
-0.015315
0.007528
0.007119
-0.008722
0.002227
-0.025640
0.012433
0.011150
-0.024944
-0.081691
-0.027688
-0.018506
-0.022543
-0.006108
-0.015297
-0.008100
-0.008190
-0.018605
0.004835
0.025944
-0.002142
0.011298
-0.048774
-0.052705
0.001570
-0.015808
0.033631
0.000259
-0.006147
-0.048060
-0.026659
-0.013908
0.000220
-0.016509
-0.048848
0.018603
0.007707
-0.002599
-0.022069
0.010145
-0.046546
-0.006022
-0.002953
-0.033626
-0.013126
-0.022474
0.005161
-0.021504
-0.035306
-0.020214
0.005435
-0.021320
-0.026343
-0.032085
-0.030538
-0.034580
-0.032985
0.001018
-0.000540
-0.021462
-0.014569
0.009006
0.017277
-0.053180

binsize 8
1.000000
0.030031
0.003843
0.012650
0.011549
0.001841
0.010361
-0.047061
-0.002256
-0.011240
0.059777
0.011662
-0.018495
-0.020589
0.014689
-0.019202
0.020906
-0.015397
0.015682
0.063849
0.048712
0.031664
0.064791
-0.010515
-0.003341
-0.004348
-0.064482
-0.000307
0.003124
-0.022665
-0.005924
0.005369
-0.006401
0.033044
-0.000467
0.019560
-0.001995
0.017052
-0.015514
0.021752
0.020682
0.003518
0.018748
-0.012406
-0.021415
-0.046024
0.012453
-0.005468
-0.049155
0.039367
-0.016214
-0.047785
-0.001004
-0.024207
-0.006790
-0.009137
-0.040499
0.012309
0.028010
0.089139
0.028113
-0.014842
0.037609
0.001966
0.002913
0.002730
-0.018159
0.022579
0.012664
-0.001612
0.065113
-0.014518
0.008721
-0.027473
0.004894
0.035346
0.005097
0.057748
0.004196
0.019046
-0.089154
0.012057
-0.073145
-0.026706
-0.066207
-0.033325
-0.006122
0.008346
-0.019075
0.013988
-0.039569
0.016087
-0.010832
-0.012104
-0.023624
0.008312
-0.026272
0.001478
0.002722
0.005380
-0.060542
-0.066105
-0.047446
-0.013374
-0.031825
0.016542
0.030413
-0.096603
-0.015699
0.028404
-0.042420
-0.028575
-0.033125
-0.032141
0.016984
-0.021496
-0.054110
-0.007174
-0.012787
-0.031090
-0.049092
-0.034967
-0.054779
-0.064635
-0.031149
-0.005324
-0.017902
0.001438
-0.008009
-0.022790
-0.005935
-0.012393
-0.017209
-0.013634
0.009429
-0.026247
0.009175
0.045720
-0.026466
0.003044
-0.058442
-0.040893
-0.032488
-0.029689
-0.057262
0.067620
-0.019616
0.056551
-0.008376
-0.010139
-0.027163
0.090049
0.023420
0.030277
-0.044117
0.014209
-0.016578
0.007141
-0.021896
-0.027292
-0.056150
0.033099
-0.016147
-0.026813
-0.006294
-0.011612
0.011925
0.103295
-0.021194
-0.032430
-0.020691
0.002788
-0.003674
-0.046486
-0.010612
-0.004246
-0.010050
-0.057226
0.031033
-0.026658
-0.018796
-0.019373
-0.014885
-0.025162
0.059042
0.048574
0.053039
-0.072789
-0.028941
0.039483
-0.023297
-0.041544
-0.017215
-0.071654
0.020240
0.019666
0.008656
0.019317
0.023936
-0.052591
0.066133
0.006204
0.014322
-0.019008
0.038276
-0.014532
-0.018007
0.033460
0.005584
0.051480
0.041918
0.075928
0.002552
0.012534
0.038900
0.008061
-0.015758
0.044389
0.019127
0.037579
0.046401
0.018093
0.010536
0.018864
0.045408
-0.025022
-0.008786
0.010811
0.033193
0.028138
0.039557
0.048622
-0.021361
-0.053358
0.010703
-0.011061
0.019735
0.019899
-0.042449
-0.024754
0.054493
-0.008581
0.094626
0.053958
0.054969
-0.020778
-0.056308
-0.012052
0.013303
-0.032968
0.027983
0.043413
0.022870
0.045560
-0.041125
0.014995

binsize 16
1.000000
0.007936
0.013614
0.022281
-0.056407
0.052684
-0.030319
-0.002822
0.002363
0.042228
0.101747
0.071601
-0.026200
-0.042181
0.020254
-0.040655
0.018283
0.004878
0.024763
-0.003756
0.022010
0.031939
-0.032943
-0.030068
-0.031511
-0.005519
-0.052467
-0.038858
-0.014859
0.076932
0.074157
-0.024402
0.021528
0.038325
0.003331
0.053925
-0.007387
0.011619
0.023732
0.056424
-0.066388
-0.092040
-0.089741
-0.037868
0.035085
-0.030419
-0.030950
0.000316
-0.039868
0.019421
-0.069806
-0.090202
-0.033354
-0.032119
-0.035158
-0.062608
-0.036503
-0.019407
-0.054288
-0.033073
-0.091179
-0.106942
-0.046609
-0.040381
0.008175
-0.007274
-0.042509
0.008775
0.022134
-0.049176
-0.061681
-0.056578
-0.019975
0.023402
-0.004043
0.035122
0.074168
-0.008565
-0.021706
-0.000697
-0.097489
0.028587
-0.040218
0.049794
0.022661
-0.041143
-0.011944
-0.027116
-0.056440
0.006029
-0.078370
-0.023320
0.084570
0.023789
-0.049488
0.004235
-0.079296
0.025196
-0.042732
0.063143
-0.001913
0.047285
0.006636
-0.024966
0.091114
0.047917
0.072714
0.034322
-0.013955
0.068800
0.089905
0.026109
0.086956
-0.055689
0.069648
0.091666
-0.046751
-0.041072
0.058573
-0.079043
0.059030
0.094007
0.084177
-0.090214
0.015607
0.010752
0.067813
-0.013509
0.075819
-0.099376
0.015194
0.105611
-0.037277
0.005183
-0.050673
-0.046904
0.038925
-0.040865
0.061815
-0.002482
0.016050
0.018096
0.113801
0.033866
0.058818
-0.022566
-0.049215
0.047969
-0.041613
0.044786
-0.046378
-0.029304
-0.070770
-0.005702
-0.058898
-0.127281
0.023927
0.034103
0.012896
0.010263
-0.049325
-0.022400
-0.073414
0.045355
-0.028536
0.009646
-0.022061
-0.002251
-0.020253
-0.137012
-0.024867
-0.024928
-0.092651
0.016480
0.070480
0.055540
0.071800
0.069072
-0.064205
-0.035116
-0.060138
-0.161932
0.055869
-0.026298
-0.010983
-0.009927
-0.007161
0.022504
-0.034261
-0.102826
-0.005097
-0.009559
-0.060933
0.059360
0.003687
0.014202
0.026877
-0.018645
0.017630
-0.027405
-0.029097
0.085750
-0.048666
0.022073
0.019004
-0.023133
0.019531
0.045266
-0.056433
0.087208
0.020276
0.031383
-0.036082
-0.026237
0.041211
0.031178
-0.012746
0.003420
-0.013086
0.104943
0.025646
0.028778
-0.028046
0.094526
-0.030584
0.060395
0.036200
-0.057753
0.016139
0.009516
0.046590
-0.011673
0.028154
0.068806
-0.051813
0.099155
0.040496
-0.019429
0.004179
0.015898
0.110715
0.004272
0.044416
-0.005963
-0.031943
-0.043098
0.097950
0.029345
0.134108
0.054936
0.042188
-0.012949
0.106932
-0.025165
-0.074821
-0.015914

binsize 32
1.000000
0.020581
-0.008653
-0.019329
0.007197
0.214414
-0.035099
-0.019652
0.019561
-0.010661
0.081942
-0.035357
-0.097003
-0.046016
0.031886
0.077880
-0.029607
0.118246
0.034394
0.024819
-0.094159
-0.153683
0.020279
-0.053747
-0.020987
-0.073996
-0.169940
-0.014690
-0.104972
-0.072486
-0.200640
-0.138920
0.036431
-0.034665
-0.040368
-0.161740
0.044426
0.010427
0.062416
-0.004297
-0.074880
-0.049620
0.080783
-0.073426
-0.051242
-0.084844
0.089369
-0.048513
-0.042881
0.015838
0.025703
0.038989
0.057894
0.118005
0.065125
0.164292
0.066749
0.033005
-0.029877
0.058970
0.062273
0.107393
-0.118647
0.139251
-0.005584
0.047875
0.046497
-0.137107
0.008084
0.033092
0.093828
0.117969
-0.013148
-0.035950
0.042710
-0.018756
-0.121741
-0.146774
0.055867
-0.000625
-0.061658
-0.091177
0.039385
-0.003535
-0.102253
-0.142823
-0.049585
0.089761
0.133937
-0.074551
-0.198542
-0.052460
0.005567
0.096848
-0.154071
-0.099376
-0.028457
0.077993
0.040637
-0.006439
-0.086602
0.084706
0.037641
0.011351
0.008091
0.059528
-0.039165
0.061907
0.041552
0.076046
0.016053
0.034612
0.095185
-0.024049
-0.035422
0.070821
0.130167
-0.018589
0.105292
0.006231
0.119846
0.058522
-0.083904
0.094102
0.182190
0.006523
0.133238
-0.094539
-0.090302
0.081125
-0.260889
-0.014025
-0.165605
0.032142
0.143625
-0.157320
-0.097715
-0.029682
-0.053199
0.101332
-0.142882
0.087626
-0.041275
0.031558
0.015162
-0.227881
-0.112597
-0.208920
0.033522
-0.121839
-0.012924
0.136380
-0.118107
0.043168
-0.050584
-0.077496
0.129429
0.011455
0.189595
-0.209981
-0.026677
0.113440
0.085389
-0.008955
-0.188975
-0.008793
0.135624
-0.053590
-0.014996
-0.174485
0.184313
0.101918
-0.040409
0.038723
-0.109783
0.312984
0.007316
0.065159
-0.121375
0.071919
0.281592
0.009099
-0.082771
-0.094803
-0.091423
-0.064589
0.113285
0.094561
-0.181204
0.167155
0.192104
-0.247107
0.110790
-0.109130
0.184117
0.130528
-0.057213
0.157967
-0.131318
-0.017474
-0.014267
-0.163933
-0.127012
-0.140681
0.308901
0.014259
-0.012241
0.039131
-0.118341
0.061001
-0.127421
0.064157
0.289377
0.075657
0.209756
-0.139014
-0.127776
0.116723
-0.368210
0.005509
-0.153227
0.130624
0.123157
-0.088336
-0.133391
-0.049678
-0.175304
-0.267534
0.106836
0.401261
-0.022495
-0.018545
0.293968
-0.207237
-0.105639
-0.111989
0.299293
0.224489
0.073049
-0.104185
-0.141290
0.006420
0.049897
-0.337260
-0.154283
0.249789
0.211777
-0.301104
-0.420720
0.674446
-0.166551
-0.720469
0.459222
0.139209
-0.364441
0.242974
