
binsize 2
0.496730
0.501711
0.506355
0.500833
0.505022
0.501322
0.504228
0.498251
0.499162
0.500928
0.504721
0.502662
0.501670
0.506528
0.504790
0.500548
0.502424
0.498104
0.498022
0.500207
0.502322
0.501169
0.501338
0.502075
0.499537
0.500177
0.500561
0.500097
0.503424
0.499706
0.502800
0.504645
0.509730
0.502146
0.500655
0.503354
0.500002
0.501872
0.500529
0.498987
0.503037
0.501285
0.499937
0.501268
0.503857
0.503526
0.503698
0.504468
0.505496
0.501012
0.502650
0.497470
0.493913
0.499852
0.502623
0.506783
0.499814
0.502657
0.502533
0.499681
0.505552
0.508397
0.502996
0.501841
0.509251
0.505690
0.502494
0.500064
0.497025
0.504598
0.502498
0.504174
0.505289
0.505407
0.509214
0.503691
0.508448
0.503824
0.500217
0.500207
0.501415
0.501026
0.499078
0.496216
0.497610
0.504033
0.505078
0.502874
0.492817
0.494663
0.498205
0.495571
0.495096
0.496904
0.501284
0.499666
0.501701
0.499262
0.503811
0.507156
0.504098
0.506100
0.504125
0.503007
0.504033
0.504057
0.501665
0.497708
0.501072
0.499160
0.504829
0.503981
0.499293
0.499155
0.498459
0.501010
0.498565
0.500465
0.497251
0.495998
0.495991
0.499109
0.499531
0.497898
0.499970
0.499143
0.499919
0.494749
0.500072
0.500123
0.501234
0.500632
0.499207
0.500653
0.499498
0.499274
0.499987
0.500438
0.507446
0.503048
0.500283
0.498390
0.503389
0.501639
0.504859
0.500634
0.496854
0.499701
0.500793
0.500063
0.505808
0.502258
0.497110
0.500656
0.505294
0.504701
0.503300
0.504436
0.501654
0.502012
0.502816
0.499674
0.501980
0.501076
0.496022
0.498697
0.496203
0.494112
0.497689
0.501357
0.506559
0.500274
0.502001
0.501470
0.505016
0.503615
0.502055
0.501523
0.499594
0.500612
0.500521
0.508901
0.506901
0.503940
0.507041
0.506966
0.500311
0.495517
0.496778
0.495877
0.499687
0.495651
0.499290
0.495574
0.497955
0.499386
0.495099
0.496478
0.494238
0.500057
0.502503
0.502319
0.501995
0.501668
0.505714
0.501010
0.504061
0.509019
0.504660
0.500837
0.500361
0.496618
0.498765
0.506240
0.503253
0.505863
0.500216
0.502174
0.504920
0.499832
0.501712
0.497933
0.499073
0.498483
0.501093
0.504510
0.504363
0.499424
0.496819
0.501178
0.492643
0.497631
0.497366
0.499688
0.500592
0.501296
0.505083
0.501532
0.497995
0.498349
0.502008
0.498679
0.496215
0.502276
0.501080
0.503473
0.501878
0.499219
0.501486
0.502785
0.501301
0.501282
0.509024
0.502380
0.500965
0.506483
0.499023
0.500274
0.501056
0.500975
0.503796
0.499302
0.498210
0.501402
0.497202
0.496617
0.501742
0.500664
0.505273
0.504939
0.502974
0.502840
0.498690
0.503260
0.504579
0.504884
0.503909
0.505757
0.503308
0.503479
0.502395
0.502378
0.502760
0.502031
0.501225
0.501655
0.501583
0.500766
0.502827
0.504768
0.498313
0.503773
0.502829
0.506150
0.500963
0.500102
0.498924
0.502462
0.499779
0.498926
0.501810
0.500433
0.502090
0.499535
0.498766
0.500978
0.500889
0.504220
0.502278
0.502846
0.502732
0.495363
0.494416
0.498828
0.498892
0.496761
0.498885
0.496210
0.496938
0.498789
0.499329
0.496216
0.497764
0.495312
0.497144
0.502480
0.507443
0.502782
0.503561
0.498474
0.498689
0.498630
0.494412
0.500642
0.509487
0.500264
0.504601
0.510430
0.508297
0.505713
0.501389
0.500085
0.496609
0.496086
0.500421
0.497789
0.499120
0.496867
0.503414
0.500682
0.501014
0.498910
0.495755
0.495970
0.499316
0.498852
0.499551
0.499218
0.497131
0.503405
0.504503
0.499418
0.500050
0.497076
0.494011
0.499688
0.501637
0.504637
0.501971
0.500271
0.500271
0.500310
0.501812
0.504325
0.505750
0.505670
0.500695
0.502594
0.500384
0.501692
0.504756
0.504795
0.498155
0.493597
0.493802
0.495745
0.499993
0.501383
0.500009
0.498383
0.499495
0.501100
0.503571
0.503441
0.495551
0.497186
0.494195
0.499695
0.495171
0.497940
0.506489
0.502378
0.503931
0.505877
0.503490
0.500756
0.505617
0.511536
0.507811
0.503746
0.501885
0.498273
0.500891
0.501314
0.501376
0.496073
0.504645
0.506327
0.506161
0.502488
0.505006
0.504605
0.502655
0.505495
0.497365
0.499830
0.495367
0.499941
0.503176
0.501106
0.499901
0.494944
0.496522
0.501627
0.503034
0.500319
0.494585
0.496229
0.497223
0.496286
0.497906
0.499235
0.502239
0.505858
0.504080
0.504819
0.499134
0.496290
0.498691
0.498720
0.502177
0.497148
0.502653
0.499527
0.496578
0.501992
0.498931
0.505374
0.505211
0.503347
0.500520
0.499647
0.502320
0.499761
0.502552
0.508206
0.501502
0.501125
0.499492
0.497483
0.501566
0.504837
0.505959
0.498036
0.499286
0.502626
0.500991
0.502020
0.499952
0.499523
0.501334
0.500612
0.504469
0.506989
0.498779
0.497319
0.498391
0.497058
0.501752
0.500562
0.500492
0.500392
0.495004
0.497532
0.501955
0.499462
0.502849
0.501821
0.500539
0.495383
0.503229
0.500666
0.496192
0.495001
0.501686
0.502897
0.502759
0.505497
0.504735
0.501203
0.497838
0.499984

binsize 4
0.499221
0.503594
0.503172
0.501240
0.500045
0.503691
0.504099
0.502669
0.500264
0.499115
0.501746
0.501706
0.499857
0.500329
0.501565
0.503723
0.505938
0.502005
0.500937
0.499758
0.502161
0.500603
0.503691
0.504083
0.503254
0.500060
0.496883
0.504703
0.501236
0.501107
0.506975
0.502418
0.507470
0.501279
0.500811
0.503336
0.505348
0.506452
0.506136
0.500212
0.501220
0.497647
0.500822
0.503976
0.493740
0.496888
0.496000
0.500475
0.500481
0.505483
0.505099
0.503566
0.504045
0.499686
0.500116
0.504405
0.499224
0.499734
0.499515
0.496625
0.497550
0.498714
0.499557
0.497334
0.500097
0.500933
0.499930
0.499386
0.500213
0.505247
0.499336
0.502514
0.502747
0.498278
0.500428
0.504033
0.498883
0.504998
0.503868
0.501833
0.501245
0.501528
0.497359
0.495157
0.499523
0.503417
0.501736
0.504315
0.501789
0.500103
0.504711
0.505420
0.507004
0.497914
0.496327
0.497669
0.497432
0.498671
0.495789
0.497148
0.502411
0.501832
0.503362
0.506540
0.502748
0.498490
0.502503
0.504558
0.501195
0.502376
0.499823
0.498778
0.502801
0.501893
0.498999
0.495137
0.498527
0.500944
0.503307
0.498172
0.500343
0.499245
0.502276
0.500548
0.502135
0.501292
0.505702
0.503724
0.499649
0.501016
0.501549
0.499806
0.496910
0.501203
0.505106
0.502907
0.500975
0.504732
0.504833
0.503394
0.502387
0.502395
0.501440
0.501175
0.503798
0.501043
0.504490
0.500532
0.500693
0.499353
0.501121
0.500812
0.499872
0.502555
0.502562
0.499048
0.496622
0.497826
0.497547
0.497863
0.497773
0.496538
0.499812
0.505112
0.501017
0.498659
0.497527
0.504875
0.507515
0.507005
0.500737
0.496348
0.499105
0.497993
0.502048
0.499962
0.495863
0.499084
0.499385
0.500268
0.501961
0.498563
0.496849
0.503137
0.501121
0.500291
0.503068
0.505710
0.501644
0.501038
0.504776
0.495876
0.494774
0.500688
0.499196
0.500298
0.503506
0.496368
0.496945
0.496556
0.504433
0.504904
0.502123
0.508577
0.505779
0.500079
0.501103
0.498725
0.505486
0.504325
0.504806
0.504075
0.498597
0.497654
0.502141
0.497423
0.499074
0.501676
0.495407
0.496754
0.498570
0.504049
0.504450
0.497712
0.498706
0.499663
0.501090
0.499285
0.502152
0.504279
0.500083
0.501041
0.505379
0.501313
0.498487
0.503202
0.501997
0.500956
0.501506
0.499738
0.500973
0.505729
0.498049
0.497724
0.501157
0.500442
0.496268
0.500708
0.502335
0.497961
0.501948
0.495596
0.502292
0.504128
0.502969
0.498911

binsize 8
0.501407
0.502206
0.501868
0.503384
0.499690
0.501726
0.500093
0.502644
0.503971
0.500347
0.501382
0.503887
0.501657
0.500793
0.501171
0.504697
0.504375
0.502074
0.505900
0.503174
0.499434
0.502399
0.495314
0.498238
0.502982
0.504333
0.501866
0.502261
0.499479
0.498070
0.498132
0.498445
0.500515
0.499658
0.502730
0.500925
0.500512
0.502231
0.501940
0.502851
0.501387
0.496258
0.501470
0.503025
0.500946
0.505066
0.502459
0.496998
0.498051
0.496468
0.502121
0.504951
0.500619
0.503530
0.501785
0.499300
0.502347
0.497068
0.499735
0.500740
0.499794
0.501412
0.501714
0.504713
0.500332
0.500677
0.499056
0.504007
0.502853
0.504113
0.502391
0.501307
0.502420
0.502511
0.500023
0.500967
0.501213
0.500805
0.497224
0.497705
0.497156
0.502462
0.499838
0.501201
0.507260
0.498542
0.498549
0.501005
0.497473
0.499826
0.500262
0.499993
0.500706
0.504389
0.501341
0.500326
0.497731
0.499747
0.499937
0.496750
0.504669
0.505350
0.502929
0.499914
0.504905
0.504440
0.498126
0.499782
0.500375
0.496081
0.501309
0.501081
0.499184
0.500188
0.503216
0.500562
0.503346
0.500845
0.501477
0.500622
0.503351
0.497887
0.500799
0.498488
0.500148
0.498772
0.503210
0.500940

binsize 16
0.501807
0.502626
0.500708
0.501368
0.502159
0.502635
0.501225
0.502934
0.503224
0.504537
0.500916
0.496776
0.503657
0.502063
0.498775
0.498289
0.500086
0.501828
0.501372
0.502395
0.498822
0.502248
0.503006
0.499728
0.497260
0.503536
0.502075
0.500543
0.499708
0.500238
0.500603
0.503213
0.500505
0.501531
0.503483
0.501849
0.502466
0.500495
0.501009
0.497465
0.499809
0.500520
0.502901
0.499777
0.498650
0.500127
0.502548
0.500833
0.498739
0.498344
0.505009
0.501421
0.504673
0.498954
0.498228
0.501195
0.499686
0.501889
0.502095
0.501049
0.500619
0.499644
0.499460
0.502075

binsize 32
0.502216
0.501038
0.502397
0.502079
0.503881
0.498846
0.502860
0.498532
0.500957
0.501883
0.500535
0.501367
0.500398
0.501309
0.499973
0.501908
0.501018
0.502666
0.501480
0.499237
0.500164
0.501339
0.499389
0.501691
0.498541
0.503215
0.501813
0.499712
0.500787
0.501572
0.500131
0.500767
