
binsize 2
1.000000
0.835205
0.719924
0.644201
0.577810
0.521794
0.478726
0.443520
0.409797
0.375366
0.344799
0.317666
0.300475
0.279069
0.260606
0.246080
0.235047
0.221291
0.204978
0.193342
0.181683
0.169745
0.153351
0.140163
0.123635
0.113931
0.101396
0.088207
0.078509
0.072670
0.062047
0.055436
0.052222
0.051233
0.057039
0.053164
0.047886
0.043297
0.046664
0.049838
0.051178
0.049249
0.055902
0.059089
0.064851
0.065562
0.070775
0.073489
0.069834
0.065296
0.063043
0.062405
0.065117
0.064628
0.059373
0.053546
0.057908
0.064858
0.059828
0.058602
0.061234
0.067718
0.076069
0.076390
0.074498
0.074608
0.074194
0.083062
0.088495
0.076883
0.075488
0.074928
0.073097
0.074289
0.069011
0.059169
0.054736
0.056886
0.060588
0.072960
0.074989
0.074555
0.070823
0.056244
0.048630
0.050434
0.051191
0.047985
0.052591
0.061456
0.072251
0.077912
0.084850
0.086167
0.077355
0.072479
0.072492
0.071208
0.074109
0.070723
0.068645
0.072853
0.076539
0.068559
0.052813
0.042886
0.029667
0.017232
0.005102
0.003761
0.002678
-0.001354
0.000572
0.002439
0.008037
0.010842
0.010324
0.008379
0.000856
0.002079
-0.001109
-0.009088
-0.016566
-0.021504
-0.027799
-0.026691
-0.028365
-0.030400
-0.027886
-0.029643
-0.030455
-0.028053
-0.028931
-0.032852
-0.042181
-0.041769
-0.033378
-0.030462
-0.031362
-0.033144
-0.035331
-0.037412
-0.038490
-0.044352
-0.042634
-0.045365
-0.046260
-0.043951
-0.045072
-0.043390
-0.046654
-0.045996
-0.040905
-0.035250
-0.029161
-0.025586
-0.022418
-0.024165
-0.022958
-0.014619
-0.013189
-0.016309
-0.015912
-0.019345
-0.027658
-0.030393
-0.039841
-0.050175
-0.054649
-0.054937
-0.057486
-0.057035
-0.054119
-0.052157
-0.057534
-0.060462
-0.066287
-0.064575
-0.068662
-0.060707
-0.049572
-0.044962
-0.040494
-0.042068
-0.039169
-0.047083
-0.042093
-0.034777
-0.029064
-0.019114
-0.005756
-0.000411
0.010165
0.021321
0.031427
0.033984
0.040609
0.045017
0.047893
0.049193
0.045770
0.044435
0.039145
0.035439
0.026885
0.024571
0.026369
0.022822
0.024529
0.018070
0.011569
0.005060
0.004279
-0.001459
-0.008453
-0.001215
0.001974
0.010249
0.020828
0.031206
0.037146
0.036244
0.027651
0.011273
0.002531
-0.005949
-0.004737
-0.007443
-0.006180
-0.013173
-0.019921
-0.025865
-0.029781
-0.026647
-0.031756
-0.037965
-0.040752
-0.039896
-0.041094
-0.045882
-0.049389
-0.046580
-0.047479
-0.055507
-0.055555
-0.054662
-0.050022
-0.045064
-0.042771
-0.037164
-0.034155
-0.030056
-0.019009
-0.018396
-0.018226
-0.016373

binsize 4
1.000000
0.794457
0.630343
0.524645
0.442599
0.375637
0.325633
0.285588
0.256188
0.221303
0.198958
0.166306
0.138089
0.108459
0.088361
0.067657
0.058582
0.059422
0.052658
0.051386
0.053843
0.058825
0.069088
0.075507
0.074185
0.069143
0.069503
0.065083
0.065248
0.067053
0.067178
0.079474
0.081944
0.084771
0.090930
0.081352
0.080445
0.071437
0.064107
0.069811
0.078776
0.075367
0.055157
0.054821
0.058764
0.079398
0.089966
0.086811
0.077175
0.080331
0.075765
0.079749
0.058894
0.031658
0.007942
-0.000934
-0.000335
0.008820
0.011152
0.003372
-0.005798
-0.016739
-0.028396
-0.028548
-0.032355
-0.032569
-0.033568
-0.040849
-0.038044
-0.033980
-0.038640
-0.042322
-0.047623
-0.049186
-0.050995
-0.049060
-0.045310
-0.033012
-0.024650
-0.022959
-0.017794
-0.016928
-0.029026
-0.045094
-0.056912
-0.061293
-0.058078
-0.061505
-0.068327
-0.074731
-0.056940
-0.045638
-0.046969
-0.044007
-0.026423
-0.008883
0.011676
0.030994
0.043694
0.052617
0.050734
0.039267
0.032386
0.027031
0.025655
0.013244
0.004228
-0.005058
0.001659
0.022867
0.038877
0.028350
0.005269
-0.006658
-0.009972
-0.024109
-0.028299
-0.036758
-0.041673
-0.047117
-0.050206
-0.054503
-0.059501
-0.056107
-0.047572
-0.037046
-0.023311
-0.017681
-0.021545
-0.029012
-0.014277
-0.005958
-0.007688
0.003202
0.021166
0.032104
0.028478
0.025531
0.017070
0.016078
0.015251
0.018115
0.029859
0.043198
0.058578
0.065700
0.068592
0.073084
0.077726
0.075722
0.073984
0.048120
0.012493
-0.001201
0.010838
0.013679
0.015920
0.009163
-0.002171
-0.006211
-0.029854
-0.060419
-0.088670
-0.112966
-0.118486
-0.117446
-0.132849
-0.133481
-0.128789
-0.127428
-0.119501
-0.105518
-0.094030
-0.093591
-0.090881
-0.074948
-0.056398
-0.056039
-0.055114
-0.045374
-0.035331
-0.013592
0.004880
0.011027
0.029101
0.041840
0.049147
0.047748
0.052377
0.044776
0.027281
0.020124
0.016652
0.030001
0.035400
0.028614
0.022554
0.024615
0.013853
0.009619
-0.000503
-0.018959
-0.030450
-0.034898
-0.019359
0.004496
0.029250
0.027365
0.018912
-0.000150
-0.007152
-0.012197
-0.018237
-0.029595
-0.039170
-0.040574
-0.031896
-0.028659
-0.020698
-0.009078
0.012495
0.032614
0.048786
0.053359
0.054011
0.061206
0.069557
0.065241
0.058688
0.061155
0.057396
0.051674
0.044447
0.040113
0.044099
0.031339
0.024532
0.021178
0.005229
0.007998
0.012384
0.016523
0.021499
0.011008
0.020055
0.045537
0.059099
0.048213
0.038417
0.026235
0.013302
0.013316
0.015708
0.027676
0.031790
0.038135

binsize 8
1.000000
0.709876
0.491396
0.362641
0.281421
0.215785
0.152708
0.092948
0.070036
0.057225
0.063975
0.074008
0.077747
0.075862
0.071485
0.077657
0.094180
0.096924
0.085377
0.072888
0.084119
0.066934
0.072607
0.093017
0.086459
0.085643
0.063647
0.013907
0.004716
0.009178
-0.003668
-0.027218
-0.040498
-0.040029
-0.043067
-0.042334
-0.049704
-0.053689
-0.046075
-0.029177
-0.018361
-0.034746
-0.055477
-0.073063
-0.076713
-0.064386
-0.049171
-0.031517
0.014651
0.043162
0.054940
0.037393
0.024798
0.006882
0.003295
0.036761
0.006609
-0.010726
-0.034012
-0.047701
-0.052526
-0.062866
-0.053202
-0.028409
-0.024101
-0.015644
-0.006755
0.021143
0.027136
0.022606
0.018235
0.028691
0.066168
0.076878
0.083268
0.077358
0.017792
0.017069
0.017610
-0.001382
-0.038511
-0.098093
-0.131229
-0.141448
-0.144350
-0.131690
-0.104969
-0.099182
-0.065209
-0.059233
-0.033118
-0.000474
0.029715
0.054616
0.058770
0.034032
0.021868
0.035385
0.021565
0.019792
-0.002224
-0.034980
-0.018459
0.026132
0.015029
-0.006606
-0.023587
-0.039651
-0.038763
-0.020104
0.019128
0.048867
0.059259
0.075520
0.067697
0.062174
0.049209
0.044951
0.031757
0.007082
0.013048
0.018901
0.030928
0.056833
0.040283
0.020147
0.016077
0.038563
0.049081
0.040109
0.025006
0.007391
-0.004168
0.007933
0.025472
0.032913
0.034324
0.020346
0.020760
0.001616
-0.012678
-0.005756
0.005076
0.034358
0.026900
0.026788
0.042707
0.048039
0.047140
0.009288
-0.015029
-0.044226
-0.049639
-0.070987
-0.113170
-0.157342
-0.171624
-0.150112
-0.105277
-0.056437
-0.031669
-0.022868
-0.018943
0.000263
0.002347
0.000747
0.007730
0.004235
0.001840
-0.030003
-0.023599
-0.023470
-0.042420
-0.062780
-0.094546
-0.109615
-0.107683
-0.096435
-0.085686
-0.088131
-0.098899
-0.107152
-0.109060
-0.082630
-0.094518
-0.089332
-0.087340
-0.087895
-0.049508
-0.033535
-0.001133
0.015146
0.022737
0.006209
-0.024264
-0.038669
-0.014653
-0.019035
-0.018355
-0.019967
0.007987
0.013130
0.004404
0.017786
0.006158
-0.001811
0.022592
0.023578
0.042901
0.023567
-0.005569
-0.012351
-0.009586
-0.021323
-0.043455
-0.032428
0.008185
0.039721
0.076467
0.102234
0.140913
0.136750
0.116681
0.075081
0.023063
0.008391
0.000129
-0.017789
-0.033063
-0.050886
-0.062627
-0.048837
-0.046032
-0.026732
0.002426
0.018498
0.022069
0.008463
0.022487
0.013764
0.010186
0.004819
0.004067
-0.001662
0.003805
0.029070
0.040369
0.002866
-0.025021
-0.031457
-0.025529
-0.004241
-0.018002
-0.063065
-0.074392
-0.049011

binsize 16
1.000000
0.602204
0.331852
0.179877
0.084221
0.076509
0.088842
0.092946
0.104120
0.102937
0.083049
0.093379
0.092051
0.069993
0.011577
0.004157
-0.044836
-0.044716
-0.066239
-0.046885
-0.034366
-0.063248
-0.082465
-0.053701
0.015211
0.046904
0.028194
0.013108
0.011983
-0.028186
-0.067537
-0.054151
-0.029497
-0.002506
0.026421
0.025990
0.068194
0.099846
0.029374
0.015062
-0.052155
-0.149762
-0.156024
-0.125594
-0.081375
-0.040546
0.031345
0.061453
0.027720
0.020003
0.005279
-0.011987
0.014365
-0.022728
-0.032756
0.010529
0.073405
0.076063
0.064619
0.036123
0.020802
0.042425
0.045714
0.029094
0.049383
0.015789
0.000382
0.043074
0.034658
0.024586
-0.013382
0.014627
0.031188
0.039511
0.045409
-0.018305
-0.056956
-0.133166
-0.193624
-0.119545
-0.043519
-0.009799
-0.002483
0.005926
0.000837
-0.035998
-0.051758
-0.098383
-0.125542
-0.095861
-0.112745
-0.123502
-0.107048
-0.104476
-0.069364
-0.004105
0.019522
-0.012635
-0.034808
-0.022955
0.001604
0.010641
0.008674
0.025848
0.044636
-0.003914
-0.022089
-0.039079
0.003244
0.088270
0.160903
0.131621
0.032501
-0.008212
-0.030613
-0.064476
-0.049754
-0.004513
0.023113
0.023388
0.008733
0.001522
0.010452
0.038845
-0.017603
-0.025243
-0.029088
-0.076420
-0.014795
0.054640
0.055597
0.027522
0.001617
-0.041789
-0.032267
-0.008137
0.030403
0.019737
0.027714
0.024637
-0.037284
-0.017493
0.015149
-0.015463
-0.071939
-0.051576
-0.032897
-0.010973
0.002544
-0.048536
-0.046841
-0.032978
-0.030543
0.046971
0.102893
0.136472
0.130148
0.100064
0.035254
0.007081
-0.021838
-0.083152
-0.014244
-0.002114
0.012905
0.063671
0.110358
0.085241
0.084321
0.031745
0.021338
0.028693
-0.023532
-0.043397
-0.080396
-0.056697
-0.026876
-0.021221
-0.026725
-0.028416
-0.084469
-0.064065
-0.042551
-0.014066
0.019926
0.014728
-0.023609
-0.080159
-0.070306
-0.053041
0.062944
0.096687
0.071389
0.080514
0.054183
-0.026990
-0.075366
-0.099731
-0.135951
-0.079216
-0.043561
-0.016029
0.005787
0.064437
0.036666
0.036817
-0.053858
-0.121202
-0.144538
-0.162623
-0.110221
-0.073869
-0.045959
-0.037892
-0.062112
-0.029251
-0.011784
0.007321
0.010966
-0.009478
-0.019271
0.020385
0.046091
0.073869
0.045415
0.063114
0.083869
0.166595
0.211696
0.168625
0.105773
0.052955
0.040335
0.020011
0.006732
-0.002787
0.020718
0.006415
0.027054
0.105778
0.152332
0.105628
0.034308
-0.039459
-0.079955
-0.088542
-0.034644
-0.013530
-0.025197
-0.006332
0.017417
0.056594
0.050698
-0.003551
-0.064685
-0.080016

binsize 32
1.000000
0.420655
0.140066
0.100326
0.130340
0.114145
0.107706
0.001953
-0.040265
-0.047785
-0.063555
-0.104226
0.013192
0.022162
0.024108
-0.064868
-0.039320
0.016687
0.091280
0.052402
-0.065678
-0.202612
-0.086530
0.024686
0.038618
-0.015243
0.015617
-0.045060
0.079544
0.079245
0.031921
0.050825
0.058859
0.007582
0.040332
-0.006931
0.050266
0.036090
-0.078419
-0.211088
-0.044203
-0.030244
-0.014361
-0.044648
-0.160954
-0.133323
-0.126655
-0.092163
0.011727
-0.035188
-0.004330
0.012296
0.046787
-0.056346
0.018663
0.197624
0.051981
-0.035601
-0.067845
0.021560
0.022423
0.011063
-0.001626
-0.058271
-0.020570
0.079602
0.001391
-0.059317
0.038511
0.027237
-0.033289
-0.005182
-0.054020
-0.053206
-0.012643
-0.052459
-0.046196
0.133611
0.135270
0.059174
-0.003799
-0.043005
0.005203
0.123430
0.086069
0.048924
-0.024148
-0.089796
-0.032304
-0.026618
-0.098237
-0.037914
0.017167
-0.026221
-0.112188
0.055689
0.098652
0.071966
-0.089149
-0.149266
-0.044840
-0.007007
0.072153
-0.057372
-0.195853
-0.127783
-0.065312
-0.066709
-0.015243
0.016241
-0.015708
0.066934
0.062447
0.111325
0.257860
0.117868
0.036855
0.048396
0.010906
0.032203
0.178777
0.043866
-0.115525
-0.039019
-0.042009
0.022816
0.033939
-0.040841
-0.117497
-0.112612
-0.012093
-0.063772
0.028607
0.043991
-0.013237
-0.104087
-0.206544
-0.194989
-0.100408
-0.085154
-0.033078
-0.308335
-0.162387
0.042686
0.077416
0.024164
0.062213
0.066636
0.168870
0.098677
0.080377
0.004884
-0.032901
-0.101268
-0.093426
-0.212577
-0.063308
0.062009
-0.043545
-0.104221
-0.031019
0.082086
0.143026
0.151225
-0.002170
-0.123365
0.022880
-0.135951
-0.012394
-0.037939
-0.081409
-0.152595
-0.040970
0.041595
0.040509
0.097311
0.103218
-0.033544
-0.026927
0.002541
0.000700
-0.154455
0.017031
-0.195553
-0.307132
-0.161336
-0.184010
-0.290934
-0.078654
-0.184947
-0.110510
-0.014781
-0.042314
-0.261012
-0.123889
-0.172269
-0.322758
-0.119827
0.040074
-0.039408
-0.026317
-0.030899
0.069511
-0.017329
-0.075219
-0.114496
-0.086692
-0.110966
-0.035354
-0.037693
-0.082714
-0.019636
-0.208428
-0.297073
-0.077907
-0.070324
0.232368
0.093402
-0.027054
-0.197339
-0.119817
-0.143139
-0.031803
-0.021263
0.043968
0.356321
0.485060
0.362456
0.478296
0.491958
0.500621
0.573638
0.557670
0.464358
0.786765
0.726528
0.309933
0.256311
0.104907
-0.008382
0.375789
0.406262
0.265438
0.416030
0.563337
0.686464
0.431889
0.707923
0.273729
0.367814
0.095201
-1.529520
-1.336464
-1.602672
-1.260199
-4.208455
