
binsize 2
1.000000
0.144870
0.040329
0.003467
0.006819
0.017313
0.021578
-0.015690
-0.014908
-0.011943
0.005176
-0.011393
-0.037500
0.006241
0.005630
0.010501
-0.026666
0.012302
0.005393
0.027842
0.014049
-0.011511
-0.014592
-0.030576
-0.017849
-0.005756
0.001382
-0.004337
0.007073
0.001545
0.008542
-0.002154
-0.010633
0.003114
-0.009536
-0.011217
-0.012230
-0.038484
0.007007
0.001612
-0.003896
0.029162
0.009454
0.008809
0.004834
0.013909
0.010601
0.021575
-0.014163
0.019977
-0.001463
0.024841
0.010723
0.026002
0.005016
-0.008076
0.026325
-0.013670
0.006753
0.009576
-0.002983
-0.003602
-0.028074
-0.012391
-0.004757
0.016260
0.011883
-0.005694
0.018959
-0.003476
0.003428
0.003684
-0.015820
-0.009369
0.004231
-0.003735
0.004208
-0.011188
0.037428
0.024732
-0.005713
-0.006320
-0.022256
0.020125
-0.008056
0.010937
0.024926
0.006905
-0.018351
0.008079
-0.015994
-0.004857
-0.004536
-0.016573
-0.002054
0.016774
-0.002738
0.000501
-0.002433
-0.004575
0.009691
0.020745
-0.016756
-0.002082
0.001002
0.006941
-0.013907
0.002736
-0.013915
0.022004
0.010652
0.015485
-0.029003
-0.012130
-0.025595
0.019687
0.008610
0.028080
0.010626
0.013116
-0.011364
0.011051
0.008216
0.002486
0.003710
0.015132
-0.011139
-0.011404
-0.005432
-0.013963
-0.006220
-0.023965
0.002651
-0.012454
-0.010042
0.001664
-0.015488
0.013076
0.031254
0.012658
-0.027846
-0.017825
-0.009331
0.016188
-0.010082
0.006770
0.027649
0.030338
0.020160
-0.024952
-0.003059
-0.008524
-0.007597
-0.015896
0.003073
0.025283
0.026074
0.018369
0.009202
-0.010717
0.036775
-0.004526
-0.029257
-0.005829
-0.000678
-0.001704
0.009739
-0.020367
-0.013251
-0.003714
0.015703
0.013242
0.000914
0.007335
0.031231
0.027127
0.043966
0.002252
-0.010963
-0.001089
-0.024849
0.012727
0.011044
0.011048
0.013729
0.017266
0.015477
-0.002266
0.013708
0.017511
0.005706
-0.009566
0.013114
-0.008492
-0.028488
-0.006609
-0.010149
-0.000806
-0.003833
0.000159
0.011883
0.030972
0.017082
0.007044
0.013159
-0.017598
-0.026141
-0.009057
0.022479
-0.012359
-0.030729
-0.005436
0.030287
0.007454
0.016343
0.004923
0.011672
0.002031
-0.001450
0.000310
-0.000231
0.004285
0.026092
0.000416
-0.008564
-0.011978
0.011259
-0.012058
-0.018729
0.014253
-0.000298
0.008886
0.041594
0.018331
0.034289
0.022317
0.014546
0.021776
-0.005796
0.010746
0.004494
0.022043
0.034854
-0.008486
-0.000781
-0.008226
-0.008058
0.052246
-0.005009
-0.004333
-0.002628
-0.000145
-0.010541
0.007139
0.016637
0.006266

binsize 4
1.000000
0.106366
-0.018863
0.038711
-0.017491
-0.021730
-0.031459
0.012243
-0.023284
0.021655
0.026919
-0.012858
-0.042361
0.003212
-0.006447
0.005617
-0.002155
-0.016583
-0.041391
0.001907
0.011140
0.019266
0.021455
0.014097
0.010541
0.020869
0.027821
0.017803
0.010465
0.013372
-0.007172
-0.040928
0.010626
0.016751
0.006069
-0.009717
-0.007126
0.002475
-0.014505
0.048331
0.003580
-0.012870
0.002118
0.030668
-0.008462
-0.013797
-0.020329
-0.005251
0.014602
-0.006580
0.012516
-0.008439
0.014562
-0.016778
0.002798
0.043839
-0.036786
-0.034907
0.036812
0.034199
-0.003857
0.001599
0.029795
-0.008566
-0.024298
-0.017105
-0.014934
-0.005387
-0.022659
0.036658
-0.025726
-0.005230
-0.000922
0.043620
0.026038
-0.007841
-0.024627
0.002320
0.048660
0.002701
0.024228
-0.023327
-0.009447
0.003168
-0.018654
0.008706
0.016811
0.045662
0.045935
-0.018618
-0.012783
0.026701
0.008619
0.032153
0.016635
0.000366
0.018225
-0.026890
-0.025463
-0.000440
0.013298
0.040288
0.004737
-0.036095
0.014933
-0.045659
0.044439
0.010063
0.012748
-0.002798
-0.001625
0.035022
-0.017158
-0.000511
-0.007037
0.000732
0.043126
0.060997
0.042312
-0.014076
0.010503
0.051448
-0.021316
0.023542
0.021324
-0.009374
-0.010596
0.018575
0.004654
-0.030371
0.001957
0.012914
0.001128
0.026442
0.004277
0.003574
0.019387
0.013634
0.001793
0.014815
-0.002578
0.007639
-0.008962
0.010082
0.014147
0.014777
0.021552
0.032321
-0.008519
0.026694
-0.002076
-0.019339
-0.006866
-0.024288
0.020496
0.008961
-0.000502
-0.013467
-0.013344
0.025862
0.052644
0.014789
-0.001593
-0.009382
0.034737
0.016745
0.034078
-0.020081
0.027972
-0.018239
0.004621
0.035277
-0.025720
0.019714
-0.015789
0.021422
0.001248
-0.024406
-0.028609
0.008957
-0.011131
-0.019318
-0.010201
-0.066767
-0.003297
0.000779
0.017974
0.003669
0.016747
0.047270
-0.010170
-0.018721
-0.005973
0.002245
0.036124
0.020369
0.039579
0.043645
0.002589
0.016271
-0.028150
-0.017031
-0.015690
-0.032315
0.011412
-0.002019
-0.005655
0.021920
0.025822
0.019953
0.049801
0.002637
0.013332
-0.041712
-0.008779
-0.007786
-0.012194
-0.009965
0.013399
-0.027168
-0.014096
0.014218
-0.016738
0.011732
-0.000777
0.000618
0.020419
-0.011758
-0.039688
0.017799
-0.044709
-0.012670
0.013020
0.026098
0.010160
-0.009993
-0.018661
0.000321
-0.046522
-0.003824
-0.018420
-0.031817
0.019991
0.007740
-0.040304
0.020988
0.047221
-0.019774
0.014249
0.008969
-0.009945
-0.014146
0.003724
0.013737
0.012389
0.008725

binsize 8
1.000000
0.070257
-0.021994
-0.045593
0.012725
0.015719
-0.040552
0.001736
0.000382
-0.048305
0.004524
0.039240
0.046987
0.027971
0.020311
0.007141
-0.035888
0.021248
-0.004367
-0.003318
0.029918
0.012199
-0.007797
-0.032249
0.015203
0.013537
0.022811
-0.010575
-0.049553
0.050625
0.011016
0.024607
-0.040339
-0.015284
-0.008681
-0.017512
0.041853
0.022704
-0.037944
0.065445
0.002040
-0.008877
-0.025272
0.046352
0.060303
-0.034702
0.059957
0.049822
-0.009894
-0.035104
0.013383
0.025806
-0.035627
0.026353
0.007738
0.034923
-0.006775
-0.013730
0.080641
0.067310
-0.000372
0.023310
0.027322
-0.004762
-0.017052
0.018017
0.008337
0.026638
0.023107
-0.010819
0.030770
-0.006906
0.036789
0.036522
0.012075
0.012840
-0.036475
0.019631
-0.009789
-0.018851
0.074664
-0.004498
0.059111
0.014040
0.016084
0.022479
-0.016421
0.009432
0.004146
-0.060731
-0.009695
-0.050597
0.011643
-0.018435
0.051358
0.006330
-0.022703
0.052698
0.062782
0.015836
-0.016411
-0.049360
0.004033
0.034134
0.006572
0.082964
0.001581
-0.060835
-0.020339
-0.004361
-0.008739
-0.004904
0.005462
0.020906
-0.032902
-0.060983
0.042958
0.011305
-0.031317
-0.016136
-0.056987
0.018282
-0.046343
0.043514
0.033001
-0.024625
0.000303
0.015210
0.017871
-0.017205
-0.044478
0.001036
-0.055765
0.006982
0.012113
-0.017707
0.009651
0.014817
0.044557
0.045081
0.011076
0.001644
0.006598
0.042396
0.001447
0.000915
-0.007784
-0.004569
0.002428
0.038120
-0.023919
-0.002226
-0.013553
-0.002359
0.010682
0.018609
-0.053593
-0.035190
0.022433
-0.009215
0.020231
-0.050577
0.035265
0.024404
0.033532
-0.028081
-0.032648
-0.020237
-0.034626
-0.018318
0.033636
-0.002872
-0.015918
-0.044801
-0.011643
0.065198
0.010207
-0.020638
-0.040691
-0.039343
0.016060
-0.007469
-0.012467
0.023554
0.018389
0.047342
0.005194
-0.050788
0.011420
-0.024920
-0.011230
-0.035315
-0.037788
-0.014893
0.007201
-0.027631
-0.004361
0.013858
0.031941
0.007545
0.014915
0.061149
-0.019588
-0.067722
0.020335
0.007838
0.004743
-0.031456
0.051311
0.044497
-0.013315
-0.050780
-0.101766
0.000066
-0.011305
-0.021875
0.005035
-0.059652
-0.017611
0.081988
0.016004
0.058177
-0.022115
0.011271
-0.067623
0.051365
0.010149
0.053096
-0.031075
-0.011141
0.024202
-0.026891
-0.039182
0.009590
-0.003420
-0.005697
-0.049046
-0.027384
-0.003730
-0.042293
0.029767
-0.010829
-0.035864
0.028564
-0.004780
0.011074
-0.002314
0.036026
0.042016
-0.026443
-0.001162
-0.029502
0.020076
-0.106521
-0.011737
0.014128

binsize 16
1.000000
-0.027783
-0.008113
-0.021421
-0.041135
0.010313
0.086150
0.038901
-0.022302
-0.006831
0.031073
-0.020801
0.017355
0.015289
-0.029968
0.039564
-0.018841
-0.019354
0.030864
0.009757
0.002473
0.018024
0.033547
0.085491
-0.014178
0.023437
-0.038691
0.049279
-0.002485
0.103550
0.048594
0.008272
0.000076
0.010884
0.071345
0.010035
0.065485
0.021743
-0.040323
-0.011066
0.071387
0.045593
0.038206
0.016781
-0.050949
-0.050574
-0.034974
0.065888
-0.006080
0.108449
-0.050587
-0.022724
0.101123
-0.000649
-0.087255
-0.003326
0.044167
-0.047181
0.034512
-0.060112
-0.064400
0.000034
0.041927
-0.024238
0.042299
-0.077168
-0.060343
0.040651
0.007035
0.062005
0.057975
0.004555
0.040211
-0.028851
0.027561
-0.023087
-0.008400
0.029496
-0.066295
-0.001778
-0.030096
0.050830
0.020223
-0.060347
-0.044830
0.032171
-0.050411
0.000823
0.021309
-0.062535
-0.018128
-0.016691
0.097930
-0.008313
-0.014345
-0.053110
-0.051986
-0.010942
-0.019028
0.065865
0.011961
-0.006333
-0.026485
-0.008992
0.078721
-0.025750
-0.139466
0.010375
-0.057644
0.028187
0.075135
-0.000441
-0.039215
0.040187
0.006080
0.016299
-0.064484
0.000757
-0.044210
-0.038036
-0.009981
0.001372
0.010864
-0.006546
0.072301
-0.039220
-0.034149
-0.086913
0.080183
0.029528
0.009671
-0.066052
0.038626
-0.054331
-0.000135
-0.050721
-0.034346
-0.048008
0.019084
0.016042
-0.047080
0.020046
-0.088904
0.010012
0.023920
-0.084550
0.017759
-0.077947
0.000289
0.066689
-0.023285
0.047453
0.000829
-0.070532
-0.016289
-0.019952
0.018370
0.032076
-0.062166
0.055736
-0.039770
0.002392
-0.007040
0.027863
0.028789
0.007973
-0.019741
-0.059987
-0.122877
-0.006129
-0.072946
0.024574
-0.071506
-0.011193
-0.050646
-0.032004
-0.033648
0.013764
-0.081687
0.057025
-0.057396
0.050123
-0.059667
-0.035851
0.019879
0.045515
0.051352
-0.031667
0.064894
-0.055431
-0.059503
-0.047762
0.045567
-0.000455
-0.036037
-0.045683
-0.042877
-0.121335
0.031731
-0.021384
0.056367
-0.016505
-0.068472
-0.013707
0.036632
0.072622
0.016064
-0.079024
-0.008830
-0.056128
0.027037
0.063887
0.014269
-0.014488
-0.068852
-0.011439
-0.091000
0.112341
-0.035057
0.027597
0.054903
-0.051929
-0.079637
0.038106
-0.042874
-0.015183
0.053212
0.008052
0.072205
0.053878
0.002265
0.004967
0.036584
0.041465
0.069972
0.044311
-0.046092
-0.100400
0.079348
0.005583
0.047758
0.096817
-0.102973
-0.007058
-0.080535
0.006143
0.004383
0.099084
0.074296
-0.107449
-0.014455
0.059465
0.036551
0.109829
0.010248
-0.027920

binsize 32
1.000000
-0.036298
-0.031777
0.138058
-0.064582
0.072656
-0.002810
-0.007239
0.026805
0.022691
-0.002646
0.079875
0.104673
-0.031091
0.059430
0.119575
0.010191
0.046893
0.144096
-0.035408
0.025306
0.115746
-0.099388
0.037417
0.053046
-0.017327
0.111913
-0.075764
0.007570
-0.013629
-0.077252
-0.035283
0.025007
-0.080595
0.044979
0.120228
0.036151
-0.071116
0.018722
0.002021
-0.027691
0.039481
-0.111261
-0.047421
0.072455
-0.128868
0.063996
0.045581
-0.093010
-0.034392
0.073351
-0.096098
0.080309
-0.147660
-0.055113
0.098627
-0.028234
0.077429
-0.044255
-0.078280
-0.063905
0.055239
0.023488
-0.128254
0.095442
-0.060025
-0.051504
-0.001212
-0.088490
0.006704
-0.006292
-0.082920
-0.041345
-0.030995
-0.029804
0.002558
0.060890
-0.129615
0.052143
0.001658
-0.072325
0.034089
0.063375
-0.093873
-0.155145
-0.026192
-0.158515
0.009202
-0.062153
-0.042018
-0.018969
-0.024317
0.014713
0.059889
0.012204
-0.112128
0.060843
-0.110513
-0.160552
0.014391
0.017541
-0.084544
0.086378
-0.052143
-0.055856
0.094295
-0.052994
-0.046865
0.031763
0.001387
0.024680
-0.122436
0.014030
0.043928
0.119944
-0.027068
0.087907
0.167534
-0.113313
0.017642
0.090567
-0.050971
-0.061955
0.070423
0.011976
0.041500
0.118273
-0.011464
0.178442
-0.050971
0.006393
0.102825
-0.225009
0.102921
0.067028
0.009080
0.087866
0.009549
0.030567
0.056039
0.058847
-0.088048
0.058205
0.052893
0.115559
-0.039796
-0.005036
-0.156090
0.056225
0.135153
-0.130086
0.164754
0.043320
-0.154900
0.234071
0.009708
-0.057162
0.085835
-0.152068
-0.044362
0.060209
0.060329
-0.074275
-0.032208
0.054531
-0.167855
0.131618
-0.121599
-0.020191
0.147163
-0.036274
0.049312
0.095776
-0.151513
0.034743
-0.122838
-0.124093
-0.029009
-0.088956
-0.209598
0.133792
-0.041487
-0.221492
0.110221
0.030768
-0.020931
-0.055407
-0.155167
-0.053834
-0.077773
-0.030574
-0.148355
0.105683
-0.074927
-0.197665
0.152222
-0.021302
-0.176685
-0.052577
-0.004961
0.000899
0.082846
-0.182576
-0.227763
0.008431
-0.060842
-0.041932
-0.174413
0.027294
0.124737
-0.067024
-0.089196
-0.113345
-0.233946
-0.202535
-0.239949
0.211554
-0.119001
0.281227
0.002776
-0.057598
0.008322
-0.164948
-0.074286
-0.055573
-0.110054
0.015301
0.090421
-0.179675
-0.216856
0.051087
0.025455
-0.078641
0.223850
0.052333
0.276026
0.283876
0.176067
-0.187876
-0.247910
0.087290
-0.161935
0.202771
0.096611
0.223080
-0.224087
-0.141925
0.156138
-0.175907
-0.063389
0.487107
-0.167041
0.336523
0.788725
0.266172
0.013610
