
binsize 2
1.000000
0.186991
0.022300
-0.006062
-0.019102
-0.021954
-0.047855
-0.031537
-0.011810
0.019319
0.027867
-0.000980
0.006149
0.006247
-0.009875
-0.013068
-0.028544
-0.024910
0.002319
0.010131
-0.021580
-0.005704
0.014330
-0.012299
-0.006894
0.013572
-0.007951
-0.010323
-0.009950
-0.001813
-0.045053
-0.042319
-0.011434
0.016735
0.025466
0.016275
0.029046
0.016170
0.024022
-0.014706
-0.002754
0.008214
-0.016857
-0.018161
-0.010865
-0.008572
-0.011393
-0.012624
0.027999
0.026651
-0.008237
0.026014
0.020399
0.019072
-0.010783
-0.031315
0.002249
0.028539
-0.018585
-0.024606
-0.011429
0.008256
0.018828
-0.001333
-0.017169
-0.018208
-0.008453
-0.018292
-0.031788
-0.024842
-0.010418
0.035830
0.045821
0.015720
0.009232
0.018428
0.019784
0.011388
-0.022429
-0.008672
-0.000001
0.002368
-0.036597
0.006541
0.012792
0.022183
0.020453
-0.007390
-0.007857
0.007617
0.001214
-0.015681
-0.021132
-0.001537
-0.006617
0.021854
0.005028
-0.001255
-0.011622
0.007235
-0.004436
0.005696
-0.024962
-0.016655
-0.008477
0.004906
0.006801
-0.013324
0.011252
0.028058
0.003309
0.004736
-0.016321
-0.001570
0.005286
0.022333
-0.006744
0.015653
0.008492
0.019885
0.002344
-0.011425
-0.009238
0.006389
0.035198
-0.003257
-0.014716
0.007577
-0.009095
-0.005288
-0.036331
-0.000751
0.004448
-0.016415
-0.016392
0.014841
0.018162
0.021994
-0.023652
-0.027342
0.002139
0.008203
-0.010350
-0.005700
-0.004529
-0.005964
0.025163
-0.005105
-0.017779
0.002595
0.009670
-0.000658
0.003633
-0.000197
0.004431
0.015298
-0.014585
0.006301
0.012855
0.013619
0.026240
0.015245
0.024235
0.012287
0.006356
0.015056
0.010529
-0.007436
0.009928
-0.002711
0.023458
0.029087
-0.005492
-0.000028
0.018388
0.013961
0.025548
0.006206
0.005673
-0.013965
0.017965
-0.018407
-0.012276
-0.003298
0.017841
0.024939
0.000794
0.025032
-0.000366
-0.017250
-0.000398
-0.019792
-0.008443
-0.005316
0.015501
-0.018058
0.013191
-0.003876
-0.001896
0.011142
-0.015578
0.006279
0.009231
0.007658
-0.000051
-0.033924
0.003783
-0.009242
0.003235
0.012271
-0.022861
-0.008996
0.023339
-0.010798
-0.007124
-0.015513
-0.000917
0.011893
-0.002173
0.000359
0.006600
-0.035571
-0.000636
-0.003919
-0.017261
-0.035772
-0.009498
0.007672
0.029512
0.004287
0.022119
-0.002213
-0.000064
-0.005533
-0.014440
0.004981
0.014786
0.017671
0.008453
0.001970
0.022268
0.017032
-0.011637
-0.031019
-0.014745
0.001997
-0.009293
-0.008089
-0.031494
-0.018948
0.016596
0.027940
0.004765
-0.006930
-0.017118
-0.016293

binsize 4
1.000000
0.093819
-0.034736
-0.072674
-0.001379
0.034407
0.004475
-0.003748
-0.049503
-0.002428
-0.016150
0.003767
-0.011077
0.005626
-0.018253
-0.057214
-0.032643
0.050034
0.038923
0.021873
-0.007554
-0.018817
-0.020206
-0.016651
0.028654
0.015708
0.031707
-0.009135
-0.000322
-0.023098
-0.006669
0.020735
-0.027221
-0.014323
-0.055035
-0.009745
0.059877
0.032601
0.028320
-0.030515
-0.004912
-0.021794
0.035826
0.028103
-0.012658
-0.007750
-0.031696
-0.004353
0.027469
-0.009376
0.005745
-0.038292
-0.006419
0.000985
0.023784
0.016187
-0.011974
0.005788
0.018906
0.016665
0.004193
-0.002426
0.028162
-0.006090
-0.008176
-0.035118
0.001710
-0.017524
0.028264
-0.031890
0.006931
-0.022504
0.005812
0.020019
-0.039953
0.027229
-0.001594
0.005087
-0.001235
0.028657
0.022700
0.034737
0.020164
0.011783
0.011171
0.022812
0.014278
0.010634
0.034254
0.007995
-0.008535
-0.013643
0.027842
0.015803
0.008058
-0.026963
-0.019617
0.021161
-0.009482
0.002769
-0.007322
0.029387
-0.021910
-0.009281
0.002118
-0.022999
0.007060
-0.014327
0.003508
-0.003309
-0.009224
-0.021099
-0.033062
-0.011861
0.030622
0.021111
-0.007455
-0.007272
0.010048
0.024535
0.017129
-0.016549
-0.013540
-0.008945
-0.038837
0.018827
0.013298
-0.033272
-0.034186
-0.015259
-0.014020
-0.021333
-0.046151
-0.021002
-0.006819
0.017489
0.020248
0.015320
-0.006039
0.024973
0.000456
-0.025210
-0.011599
-0.005715
-0.009235
-0.019911
0.034383
0.025493
-0.004170
-0.008388
0.009318
0.020789
0.039603
-0.018685
-0.034808
0.006331
0.048142
-0.029042
-0.050881
-0.008270
0.050085
0.019497
-0.024488
-0.001845
-0.007481
0.017248
-0.015770
0.026962
-0.020117
0.015630
0.011719
0.014394
0.036613
0.027585
-0.010865
-0.001823
-0.004680
0.005818
0.019039
0.028476
0.016118
-0.028303
-0.000678
0.007693
0.025847
-0.002371
-0.031107
-0.017633
0.002133
0.007777
-0.045457
-0.008504
-0.061110
-0.021011
0.026083
-0.036169
-0.004972
0.016773
0.006371
0.020177
-0.012170
-0.011487
-0.015469
0.015011
-0.012098
-0.005445
0.020389
0.009651
-0.018430
-0.036029
0.000492
-0.007889
0.015576
-0.008914
-0.003239
-0.011808
-0.013020
-0.028418
0.012504
0.024336
0.007173
-0.007454
-0.007793
0.021358
-0.039447
-0.004788
-0.005053
0.009261
-0.021875
-0.016956
-0.000746
-0.014946
0.025600
0.014608
-0.002419
0.009604
-0.001764
0.013990
0.022005
0.001811
-0.019268
-0.015442
-0.030602
-0.022173
-0.009858
-0.038324
-0.029364
-0.015421
0.028258
0.022294
-0.016410
0.001248
0.027074
0.029853
-0.005441
-0.012243

binsize 8
1.000000
-0.030171
-0.020459
0.029522
-0.062134
-0.021199
0.021660
-0.052220
-0.045684
0.069446
-0.008388
-0.019494
0.020518
0.042271
-0.027480
0.002546
-0.018831
-0.062097
0.055773
0.029058
-0.036300
0.040890
-0.010467
-0.032757
0.014464
0.015562
-0.040502
0.031550
-0.022239
0.035467
0.038703
-0.000260
-0.021824
-0.010475
-0.008819
-0.010395
-0.001203
-0.038318
0.041135
-0.017321
0.071978
0.031552
0.036900
0.019416
0.056151
-0.036694
0.050264
-0.022471
0.011088
-0.007251
0.006618
-0.009007
-0.018338
-0.013163
-0.003466
-0.025462
-0.054181
0.052601
-0.007110
0.006869
0.046360
-0.045673
-0.020999
-0.008463
-0.030584
-0.036066
-0.072900
0.022862
0.012892
0.015440
-0.010339
-0.017623
-0.033030
0.045235
0.001589
0.006174
0.071084
-0.066711
0.043106
-0.061812
0.054883
-0.024251
-0.021576
0.030962
-0.014286
0.033528
0.060603
-0.012148
0.021935
0.015594
0.011651
-0.011228
0.035793
-0.044379
0.004695
-0.045593
-0.070058
0.003732
-0.017093
0.012220
-0.000301
0.003574
-0.031795
0.044368
-0.050707
-0.003782
0.003145
-0.009895
-0.024773
0.008562
0.009889
0.003049
-0.047171
0.002179
-0.008571
-0.023366
0.006569
0.029532
-0.012693
0.044667
-0.025050
-0.037435
-0.034576
-0.063681
0.039249
-0.008744
0.039221
0.015425
-0.018586
0.032440
0.014843
-0.023371
0.051750
0.020681
0.007055
0.023204
-0.055317
-0.032574
-0.016110
-0.053332
-0.039017
-0.033353
0.030891
0.039371
0.019147
-0.000684
-0.023508
-0.003157
0.010118
0.022151
-0.039770
0.006499
0.014052
0.059006
-0.023412
-0.036618
0.014798
-0.001638
-0.021844
0.003460
-0.029321
-0.002774
-0.002780
0.024550
-0.055033
-0.017734
0.028125
0.027275
0.003238
-0.020847
-0.028555
0.013420
0.108185
-0.023095
-0.029512
-0.057385
0.009659
0.076531
0.007731
0.013706
-0.002408
0.006572
-0.043138
-0.009549
-0.038839
0.004192
0.018036
0.019084
-0.094683
0.013598
0.057407
0.035886
0.015197
0.043752
-0.031364
0.007704
-0.041357
-0.052504
-0.022783
-0.035738
0.016922
0.018948
0.037408
0.012938
-0.046925
0.075346
-0.065309
-0.002875
0.035278
-0.072432
0.001127
-0.022050
-0.018905
0.004999
0.016857
-0.040786
0.041700
0.010611
0.013369
0.041134
0.048556
-0.058014
0.010682
0.054372
-0.005522
-0.040051
0.024546
-0.048915
-0.046856
0.029839
-0.018271
0.013535
0.044103
-0.051751
0.009003
0.073974
0.022859
-0.003468
-0.036518
-0.061345
-0.055396
0.041658
-0.082597
-0.032118
0.047932
-0.047106
-0.026262
0.023200
-0.031349
-0.010232
-0.018415
-0.047853
-0.048984
-0.014475
-0.010315
-0.017374

binsize 16
1.000000
-0.020883
-0.047212
0.008644
-0.061195
0.018366
0.035336
-0.008496
-0.020661
0.001967
0.016572
-0.039903
-0.002817
0.012740
0.006631
0.084048
-0.069582
-0.000416
-0.037500
0.039929
0.041954
0.054152
0.096895
-0.005341
0.022600
0.003541
-0.045352
-0.052578
0.012650
0.005665
0.026397
-0.044098
-0.066095
-0.088931
0.053009
-0.039351
-0.041350
0.045581
0.064373
-0.080823
0.061197
-0.011483
-0.004551
0.089835
0.056585
-0.010309
-0.014225
-0.023945
-0.088096
0.014032
-0.028742
-0.031639
0.033807
0.003437
-0.088603
0.000884
-0.032676
-0.011893
0.011368
0.004297
0.013872
-0.100338
-0.009600
0.033948
0.034258
-0.010135
0.090606
0.022585
-0.071787
-0.061345
-0.081803
0.059814
0.034238
-0.046743
0.041173
-0.051969
0.040042
-0.014330
-0.006055
-0.021159
-0.030636
0.020581
-0.074128
0.055976
0.014130
-0.058805
0.107091
-0.050898
0.017514
0.045523
0.026618
-0.037575
-0.073788
0.055071
-0.083747
0.092803
0.067085
-0.042788
-0.050491
-0.114701
0.033651
0.059949
-0.038690
0.026821
-0.026003
-0.054976
-0.028949
0.003518
0.030083
0.054229
0.063439
-0.034120
0.029225
-0.073463
-0.008996
-0.000855
0.016777
0.068557
0.031316
-0.043173
-0.099795
-0.084808
-0.048663
0.004891
-0.038163
-0.066791
-0.060913
-0.035598
-0.040546
0.039488
0.032903
0.133649
-0.043516
0.012377
-0.111460
-0.032410
-0.016076
-0.056751
0.058306
0.103477
-0.023865
-0.037783
-0.082048
-0.122196
0.042959
-0.042824
-0.045800
0.003065
-0.014543
-0.051248
0.027798
-0.079232
0.095793
0.134360
-0.029836
0.014707
-0.040449
-0.006383
-0.036241
0.009064
0.053436
0.046226
-0.004131
-0.077383
-0.110226
-0.014481
0.026751
0.082976
-0.076786
0.071842
-0.088587
-0.031431
0.010703
-0.037022
0.133060
0.051270
0.022901
-0.028219
-0.040710
-0.004716
-0.043889
0.050505
0.087563
-0.036121
0.085742
-0.014936
0.064831
-0.019082
0.050074
0.040232
0.005959
0.018308
-0.070505
0.072943
0.022374
0.048090
0.018623
0.013880
-0.022667
-0.001688
-0.002094
-0.063263
-0.000599
0.103580
0.036150
0.106194
0.001682
0.050758
-0.031765
-0.032896
0.020297
-0.014824
0.017060
0.068496
0.023014
-0.087114
-0.028082
-0.051287
0.063015
0.061654
-0.001181
-0.064705
-0.047873
-0.031711
0.124221
0.056351
0.006457
-0.009298
0.002120
0.000636
0.003537
0.056916
0.026901
0.084863
-0.034206
-0.042721
-0.010679
-0.062685
-0.078191
-0.028279
-0.020186
0.011463
-0.004598
0.037101
-0.074285
0.195559
0.031442
0.062642
0.184623
-0.055676
-0.031467
-0.061390
-0.054856
0.017022
-0.145601
0.010899

binsize 32
1.000000
-0.043111
-0.054202
0.069658
-0.041898
-0.047167
0.007138
0.040890
-0.024733
0.013695
0.086940
0.081849
0.023490
-0.065531
0.064355
-0.018489
-0.194145
0.010137
-0.054680
0.116682
0.000799
-0.006830
0.086798
-0.017843
-0.072357
-0.015727
-0.026523
-0.067712
-0.112515
0.077598
-0.027157
-0.035883
0.056179
0.009247
-0.034331
-0.096801
0.087743
-0.048014
-0.009562
-0.013489
-0.020643
-0.039510
0.038879
-0.006759
0.073200
0.021743
-0.070069
-0.012990
0.091172
-0.107395
-0.063189
0.061888
-0.023772
-0.113194
0.035603
0.154815
-0.049365
-0.016519
0.062034
-0.017984
-0.142711
-0.107251
-0.033435
-0.132585
-0.037771
0.093747
0.009573
-0.079217
-0.047882
0.059474
0.045268
-0.201103
-0.049749
-0.056490
0.027031
-0.073998
0.066244
0.085343
-0.030405
-0.025632
0.065942
-0.006996
-0.179050
0.037156
0.037686
-0.106538
0.029142
0.102487
0.078965
-0.083382
-0.013514
0.106241
0.044283
0.078956
0.060746
0.036065
-0.096498
0.139543
-0.030306
0.042027
0.015690
-0.000002
0.076725
0.104774
-0.005642
-0.040912
0.113760
-0.005629
-0.082527
-0.021893
0.104045
-0.099102
0.138900
-0.014693
-0.006859
0.009488
0.105119
0.012113
-0.082186
-0.151681
0.029167
0.009345
0.044171
0.195430
0.175731
-0.073539
-0.134130
-0.115866
0.043709
0.017382
0.015019
0.051256
0.000845
0.009906
0.038019
0.195728
-0.047480
-0.052501
0.045495
0.056759
-0.240887
0.004902
0.212249
-0.040485
-0.015807
0.044921
-0.036884
-0.076105
0.051607
-0.105771
-0.075130
-0.106157
-0.089515
0.004659
0.022306
-0.138324
0.015578
0.010252
0.048783
0.006105
-0.038306
0.026794
-0.032345
-0.027387
-0.064550
-0.040959
-0.033905
0.042307
-0.014511
-0.026627
-0.096343
0.068383
-0.065592
0.029969
-0.119865
-0.047494
-0.005017
0.041869
0.162314
-0.064300
0.300482
-0.039034
-0.002689
0.072401
-0.237211
-0.011942
0.114137
-0.017831
-0.113820
-0.012148
0.162634
-0.246022
0.153933
0.049634
-0.259766
-0.071934
-0.228521
0.040813
0.075318
0.108880
0.097335
-0.176116
-0.019879
-0.112161
-0.062104
-0.080558
-0.219646
0.255993
-0.113980
0.343680
0.071954
0.063199
0.294286
-0.208132
0.066274
0.154863
-0.147433
0.171672
0.037694
0.038388
-0.116365
0.029751
0.115755
0.081238
-0.058719
-0.205299
0.055671
-0.129816
0.151695
0.396351
-0.127693
0.256372
0.236261
0.057663
0.202203
-0.065408
0.059079
-0.094818
0.119671
0.060412
-0.122863
0.013555
-0.270789
-0.448446
-0.608699
-0.440690
0.028658
-0.291729
-0.119635
-0.731266
-0.737347
0.566324
0.284956
0.075170
-0.185236
-2.669873
