
binsize 2
0.809111
0.809649
0.809631
0.809852
0.809517
0.811172
0.809944
0.810089
0.810374
0.809096
0.810053
0.811911
0.811512
0.809826
0.810927
0.808242
0.809352
0.808684
0.809763
0.808984
0.810301
0.810820
0.811400
0.810681
0.809700
0.809714
0.808651
0.810411
0.811031
0.811594
0.811398
0.811517
0.808286
0.809283
0.809279
0.809163
0.809253
0.811273
0.811556
0.808265
0.809921
0.809410
0.811067
0.810866
0.810131
0.809738
0.810712
0.808939
0.809929
0.810131
0.810736
0.810151
0.809317
0.810113
0.808372
0.809329
0.810183
0.811302
0.810598
0.809680
0.808260
0.809040
0.809424
0.808745
0.809676
0.810657
0.808641
0.809254
0.809613
0.807739
0.809172
0.809104
0.809555
0.809331
0.807733
0.807789
0.806961
0.807976
0.810374
0.810451
0.811084
0.810658
0.810271
0.809040
0.812594
0.811157
0.811119
0.808404
0.810390
0.809076
0.809691
0.809766
0.809450
0.810344
0.808319
0.809050
0.809278
0.808928
0.810132
0.811539
0.810251
0.809940
0.807798
0.810611
0.808653
0.807770
0.807319
0.810225
0.809160
0.812099
0.811612
0.810849
0.809324
0.810850
0.810561
0.807791
0.811089
0.810365
0.808555
0.808922
0.809115
0.811403
0.810318
0.808400
0.809138
0.810100
0.810751
0.810067
0.812391
0.811723
0.809911
0.811048
0.809356
0.808695
0.809953
0.809210
0.811196
0.808068
0.810418
0.813154
0.810289
0.810615
0.811908
0.811323
0.810449
0.810307
0.807005
0.809273
0.808960
0.809591
0.811250
0.810653
0.809524
0.810047
0.810168
0.810644
0.810324
0.807939
0.808424
0.810220
0.810461
0.811209
0.809754
0.812191
0.809429
0.810129
0.808733
0.812019
0.811955
0.811541
0.810977
0.811064
0.809540
0.809261
0.809913
0.811062
0.810176
0.809491
0.810967
0.809522
0.810382
0.809616
0.808771
0.809118
0.810023
0.810032
0.809000
0.810797
0.809116
0.810125
0.810400
0.809570
0.810684
0.807350
0.808642
0.810271
0.809675
0.808663
0.808455
0.810093
0.811485
0.810140
0.811280
0.811270
0.810841
0.808290
0.807875
0.808275
0.808373
0.810693
0.807883
0.810058
0.811050
0.809443
0.813275
0.812668
0.811714
0.810842
0.808489
0.810480
0.812107
0.810958
0.809628
0.809723
0.810932
0.809903
0.811002
0.811302
0.810041
0.810050
0.810287
0.812235
0.809560
0.811451
0.811107
0.809061
0.811690
0.809011
0.808052
0.809795
0.809986
0.811344
0.811142
0.811064
0.810490
0.810547
0.810011
0.808946
0.808194
0.810072
0.811141
0.809837
0.809412
0.808588
0.808510
0.809177
0.809775
0.809443
0.808516
0.811453
0.810856
0.807490
0.810100
0.810988
0.811234
0.809855
0.810359
0.810959
0.810199
0.808711
0.811037
0.811885
0.809707
0.809191
0.811576
0.811241
0.810064
0.811085
0.809538
0.809947
0.809674
0.810000
0.809002
0.808835
0.810162
0.811014
0.810239
0.809806
0.810364
0.808541
0.808604
0.810490
0.810666
0.809134
0.810165
0.809386
0.809745
0.810044
0.811389
0.807813
0.810838
0.811382
0.809620
0.809405
0.810042
0.811804
0.809867
0.808032
0.807474
0.810147
0.809228
0.810705
0.808889
0.809290
0.809042
0.810968
0.810105
0.811626
0.811610
0.807732
0.808261
0.810759
0.809135
0.809414
0.811071
0.811310
0.812728
0.810188
0.810251
0.811755
0.808429
0.808895
0.810211
0.810206
0.810072
0.811133
0.810807
0.808585
0.810270
0.809139
0.807768
0.809959
0.810681
0.810119
0.810995
0.810599
0.811038
0.811272
0.810885
0.809708
0.809789
0.808938
0.809460
0.809678
0.809682
0.808868
0.810833
0.810964
0.811578
0.809701
0.811198
0.811115
0.810692
0.809847
0.809864
0.809413
0.810471
0.810743
0.811890
0.808723
0.810775
0.810023
0.810666
0.810178
0.811043
0.808850
0.809781
0.810587
0.809752
0.810185
0.810243
0.808387
0.809950
0.808833
0.809872
0.810276
0.810516
0.809219
0.812266
0.811014
0.809764
0.808678
0.810228
0.809567
0.810349
0.810498
0.809126
0.809748
0.811227
0.811925
0.809014
0.809017
0.809451
0.807107
0.809192
0.809691
0.808357
0.810555
0.810313
0.809052
0.808267
0.810556
0.811489
0.811181
0.809727
0.809100
0.809755
0.809193
0.810865
0.811154
0.809678
0.811676
0.810075
0.811643
0.809371
0.809318
0.810599
0.811680
0.810261
0.809398
0.809826
0.810242
0.809144
0.809051
0.808657
0.809477
0.812261
0.811144
0.809308
0.811460
0.811682
0.810141
0.809492
0.810556
0.810844
0.811186
0.809119
0.810542
0.810525
0.807577
0.807252
0.809093
0.810836
0.811945
0.810798
0.807838
0.810278
0.809685
0.811042
0.809904
0.810498
0.811629
0.812775
0.811034
0.811016
0.811863
0.810362
0.810191
0.812135
0.810469
0.809727
0.808428
0.809503
0.809686
0.810492
0.810239
0.807373
0.811050
0.810106
0.812125
0.808950
0.810237
0.808906
0.811616
0.810345
0.810343
0.811470
0.811010
0.807190
0.811005
0.812214
0.809409
0.810296
0.809942
0.811066
0.809883
0.810163
0.811008
0.810635
0.810226
0.809586
0.809710
0.809967
0.810167
0.809027
0.810280
0.809758
0.809654
0.812326
0.808749
0.809385
0.811314
0.811942
0.810264
0.809719
0.810193
0.808760
0.809956
0.809622
0.809974
0.811040
0.809003
0.811124
0.811721
0.811036
0.810941
0.809949
0.809461
0.810669
0.811294
0.809691
0.811366
0.809954
0.808846
0.810988
0.809826
0.808929
0.809716
0.809827
0.810182
0.809816
0.813481
0.811259
0.811148
0.809615
0.809938
0.810110
0.810795
0.810056
0.811034
0.807065
0.809448
0.810703
0.810212
0.808207
0.810325
0.809305
0.809979
0.810490
0.809477
0.810706
0.811049
0.812450
0.809987
0.811783
0.811673
0.812367
0.810791
0.808261
0.809601
0.810233
0.811117
0.812155
0.810442
0.809912
0.812375
0.811111
0.811384
0.810266
0.808015
0.809418
0.809623
0.807594
0.809021
0.810639
0.810227
0.810042
0.811552
0.811121
0.812177
0.810758
0.810431
0.810600
0.810678
0.809220
0.811110
0.810630
0.807516
0.808754
0.809084
0.810412
0.810609
0.810120
0.808855
0.809538
0.809699
0.812688
0.809982
0.810243
0.809972
0.811026
0.810448
0.810314
0.811745
0.808443
0.810922
0.810758
0.810652
0.810828
0.809902
0.810608
0.811051
0.809468
0.808831
0.810223
0.810794
0.811633
0.809546
0.809879
0.810553
0.809733
0.811867
0.809961
0.811385
0.809949
0.808792
0.810373
0.812192
0.809735
0.809934
0.809801
0.810049
0.809305
0.810772
0.808960
0.808798
0.809475
0.809318
0.808368
0.809860
0.809892
0.810688
0.810492
0.810718
0.810473
0.811594
0.810957
0.810609
0.810453
0.812168
0.810687
0.808710
0.810788
0.812178
0.811621
0.810489
0.810582
0.807326
0.808915
0.807425
0.811584
0.812902
0.809721
0.809778
0.810758
0.809347
0.808778
0.808770
0.808873
0.809622
0.808249
0.808138
0.807922
0.808575
0.810266
0.809828
0.809264
0.808417
0.808373
0.810149
0.810413
0.811072
0.810775
0.812063
0.810861
0.810883
0.810179
0.808971
0.810581
0.809129
0.809529
0.810011
0.810196
0.809045
0.810011
0.809917
0.810320
0.809782
0.809388
0.810720
0.810474
0.811363
0.811271
0.810569
0.810038
0.811753
0.810542
0.810187
0.807564
0.809464
0.809558
0.809843
0.810566
0.812564
0.810851
0.810040
0.810686
0.808260
0.809896
0.808533
0.809562
0.809872
0.809676
0.809838
0.812301
0.810174
0.808746
0.808762
0.809949
0.811989
0.810593
0.810070
0.810059
0.812562
0.811129
0.810103
0.810798
0.809991
0.808969
0.809103
0.811292
0.810358
0.807744
0.808461
0.810805
0.809187
0.809352
0.810553
0.811366
0.808841
0.812385
0.809814
0.810259
0.810520
0.808976
0.807408
0.810513
0.810595
0.808638
0.810630
0.810454
0.809323
0.811021
0.811919
0.810328
0.810964
0.810612
0.811454
0.811638
0.812371
0.811213
0.811096
0.809868
0.809984
0.810063
0.809449
0.810292
0.808321
0.809269
0.808866
0.810387
0.809262
0.811139
0.812197
0.809478
0.810660
0.808708
0.809387
0.809694
0.810224
0.810806
0.809571
0.810170
0.809914
0.809184
0.809227
0.810384
0.810465
0.809786
0.809600
0.809952
0.809559
0.809927
0.807650
0.808195
0.809087
0.809265
0.808393
0.810732
0.811008
0.810065
0.810785
0.809347
0.811930
0.811549
0.809614
0.811944
0.810422
0.812370
0.810820
0.809213
0.809693
0.811193
0.808330
0.809533
0.809561
0.808835
0.810843
0.809750
0.810286
0.809942
0.810140
0.811252
0.809867
0.811750
0.810545
0.811186
0.808768
0.811333
0.809053
0.808891
0.808414
0.810942
0.811312
0.810243
0.810952
0.808323
0.807948
0.808360
0.810191
0.809000
0.807280
0.809313
0.807910
0.810398
0.809289
0.811815
0.810327
0.808437
0.809469
0.811999
0.810217
0.808178
0.809943
0.808913
0.809505
0.809921
0.808878
0.809277
0.811234
0.810958
0.810806
0.808944
0.808807
0.809618
0.808451
0.809824
0.807944
0.810379
0.810533
0.812481
0.809842
0.810036
0.810636
0.811260
0.808181
0.811874
0.809945
0.809582
0.808214
0.812208
0.811354
0.810929
0.812812
0.811002
0.810375
0.810780
0.811248
0.811576
0.809060
0.811474
0.810407
0.809053
0.811321
0.811081
0.810788
0.810334
0.809597
0.810400
0.811629
0.812313
0.810639
0.810756
0.811523
0.812277
0.808898
0.808129
0.811533
0.809299
0.809322
0.809227
0.810149
0.809758
0.808402
0.808717
0.809785
0.811751
0.811363
0.810737
0.810998
0.810580
0.809629
0.810051
0.808967
0.810254
0.811455
0.809441
0.808939
0.807960
0.809509
0.810914
0.808346
0.810412
0.811203
0.809718
0.810544
0.811112
0.810900
0.811756
0.810378
0.809849
0.810549
0.809424
0.810578
0.810699
0.808647
0.810159
0.809346
0.809229
0.809347
0.809190
0.809441
0.809831
0.809071
0.808977
0.810255
0.807553
0.810838
0.810364
0.809415
0.809676
0.811239
0.809880
0.809309
0.811352
0.810163
0.810979
0.809034
0.809139
0.809697
0.807965
0.808491
0.809388
0.808247
0.809129
0.810485
0.810785
0.810113
0.810652
0.810008
0.807711
0.809499
0.811736
0.809584
0.808831
0.811380
0.811748
0.811504
0.810864
0.810862
0.810365
0.811391
0.810801
0.811740
0.810114
0.809326
0.812209
0.808782
0.808791
0.811460
0.810912
0.807731
0.810029
0.809578

binsize 4
0.809380
0.809741
0.810345
0.810016
0.809735
0.810982
0.810669
0.809584
0.809018
0.809373
0.810561
0.811041
0.809707
0.809531
0.811313
0.811457
0.808785
0.809221
0.810263
0.809911
0.809666
0.810966
0.809934
0.809825
0.810030
0.810444
0.809715
0.808851
0.810742
0.810139
0.808650
0.809085
0.810167
0.808947
0.808676
0.809138
0.809443
0.807761
0.807469
0.810413
0.810871
0.809655
0.811876
0.809762
0.809733
0.809728
0.809897
0.808684
0.809103
0.810836
0.810095
0.809205
0.808212
0.808772
0.810630
0.811230
0.810087
0.809176
0.810727
0.808739
0.810259
0.809359
0.809619
0.810409
0.812057
0.810479
0.809026
0.809581
0.809632
0.811786
0.810452
0.811615
0.810378
0.808139
0.809276
0.810952
0.809785
0.810406
0.809132
0.809322
0.810835
0.810972
0.809779
0.810376
0.811748
0.811021
0.809401
0.810488
0.809834
0.810245
0.809999
0.808944
0.810028
0.809899
0.809620
0.809985
0.809017
0.809457
0.809169
0.809274
0.810812
0.811275
0.809565
0.808075
0.809533
0.808970
0.810247
0.812972
0.811278
0.809484
0.811533
0.809676
0.810417
0.811152
0.810045
0.811261
0.810505
0.810084
0.810351
0.808923
0.810665
0.811103
0.810518
0.809478
0.809133
0.810489
0.809000
0.808843
0.809609
0.809984
0.809173
0.810544
0.810545
0.810659
0.809455
0.811461
0.809449
0.811408
0.810575
0.809742
0.809837
0.808919
0.810588
0.810022
0.809453
0.809547
0.809900
0.809776
0.809895
0.809601
0.811110
0.809512
0.810923
0.808949
0.808811
0.809967
0.809089
0.810005
0.810866
0.809671
0.809510
0.809275
0.811190
0.811458
0.811003
0.808662
0.810208
0.810603
0.809696
0.809705
0.808864
0.810400
0.810797
0.811155
0.810297
0.809364
0.809569
0.809275
0.810898
0.810639
0.811157
0.810269
0.809639
0.810607
0.810307
0.810399
0.810422
0.809946
0.810184
0.809969
0.809315
0.809391
0.810074
0.809867
0.811640
0.809221
0.809897
0.810423
0.809437
0.811576
0.809016
0.808279
0.809442
0.809456
0.809682
0.809412
0.811335
0.809413
0.809474
0.811010
0.810677
0.810859
0.809345
0.811139
0.809830
0.810034
0.809098
0.809067
0.811702
0.810384
0.810911
0.810024
0.811015
0.809830
0.809051
0.808173
0.811391
0.809318
0.809981
0.810473
0.811064
0.811904
0.811440
0.810276
0.811302
0.809078
0.809595
0.810365
0.809211
0.811116
0.809593
0.810261
0.810344
0.811240
0.809098
0.810811
0.810119
0.810475
0.810586
0.810431
0.809648
0.810067
0.809654
0.809706
0.810538
0.810349
0.811103
0.809956
0.809358
0.809798
0.810022
0.811423
0.810989
0.809705
0.810981
0.810528
0.809400
0.810407
0.809322
0.810005
0.811648
0.811204
0.809776
0.810452
0.810545
0.808257
0.810457
0.809266
0.809642
0.809984
0.810877
0.811218
0.811728
0.811579
0.808931
0.810675
0.811298
0.811144
0.811247
0.809141
0.809520
0.808307
0.810433
0.810797
0.811649
0.810595
0.810639
0.810165
0.809073
0.808919
0.810510
0.809487
0.809619
0.811335
0.810107
0.810737
0.811030
0.809683
0.810705
0.810365
0.810830
0.809150
0.810509
0.810590
0.810216
0.810800
0.810673
0.809370
0.811282
0.809835
0.809925
0.810039
0.808879
0.809397
0.809114
0.810290
0.810605
0.811033
0.810783
0.811310
0.809699
0.811483
0.811055
0.808954
0.808170
0.812243
0.809750
0.810052
0.808774
0.809247
0.808194
0.808248
0.810047
0.808841
0.809261
0.810742
0.811419
0.810872
0.809575
0.809855
0.809770
0.809620
0.809964
0.810051
0.810054
0.810919
0.810920
0.810896
0.810364
0.808514
0.809701
0.811565
0.810446
0.809473
0.809215
0.809717
0.809757
0.811237
0.808754
0.810969
0.810331
0.811311
0.810616
0.810395
0.809036
0.810825
0.808102
0.809996
0.809952
0.810103
0.811100
0.810390
0.808192
0.810554
0.809634
0.809888
0.811470
0.810646
0.811033
0.812004
0.811155
0.809926
0.809756
0.809306
0.809068
0.809825
0.811668
0.810069
0.809048
0.809959
0.810188
0.810042
0.809205
0.810424
0.809693
0.809756
0.808789
0.808641
0.808829
0.810870
0.810425
0.810638
0.810582
0.811183
0.811595
0.809453
0.809761
0.809547
0.809839
0.810018
0.810041
0.810560
0.811147
0.809977
0.810193
0.808652
0.811127
0.810598
0.808135
0.809275
0.808140
0.808612
0.809843
0.811071
0.808953
0.811108
0.809061
0.809209
0.809399
0.810256
0.810882
0.808875
0.809034
0.808884
0.810456
0.811161
0.810336
0.809720
0.810909
0.808898
0.811781
0.811871
0.810689
0.811014
0.810318
0.810941
0.810187
0.810934
0.809965
0.811015
0.811476
0.811139
0.810587
0.809831
0.809311
0.809688
0.809080
0.809251
0.811557
0.810867
0.810105
0.809509
0.810855
0.809190
0.808734
0.809630
0.810808
0.810131
0.811006
0.811067
0.810199
0.810001
0.809673
0.809753
0.809288
0.809316
0.809451
0.809616
0.809195
0.809889
0.810457
0.809595
0.810758
0.810007
0.809418
0.808228
0.808817
0.809807
0.810449
0.810330
0.808605
0.810660
0.810105
0.811626
0.810863
0.810878
0.811271
0.809720
0.810496
0.810125
0.809321
0.809804

binsize 8
0.809561
0.810180
0.810358
0.810127
0.809196
0.810801
0.809619
0.811385
0.809003
0.810087
0.810316
0.809880
0.810237
0.809283
0.810441
0.808867
0.809557
0.808907
0.808602
0.808941
0.810263
0.810819
0.809731
0.809291
0.809969
0.809650
0.808492
0.810930
0.809632
0.809733
0.809809
0.810014
0.811268
0.809303
0.810709
0.811033
0.809259
0.810114
0.810096
0.809227
0.810904
0.810077
0.811384
0.809944
0.810039
0.809472
0.809963
0.809803
0.809237
0.809222
0.811044
0.808820
0.809252
0.811609
0.810381
0.810604
0.810785
0.810653
0.810295
0.809637
0.810884
0.809998
0.809811
0.808922
0.809797
0.809859
0.810602
0.810458
0.810429
0.810158
0.809378
0.810305
0.809500
0.809838
0.809748
0.810311
0.809936
0.809389
0.809547
0.810268
0.809392
0.811324
0.809832
0.810405
0.809700
0.809632
0.810976
0.809830
0.809422
0.810769
0.810713
0.810123
0.810353
0.810184
0.810076
0.809353
0.809970
0.810430
0.810160
0.810507
0.808647
0.809449
0.809547
0.810374
0.810242
0.810768
0.810242
0.809932
0.809082
0.811043
0.810468
0.810423
0.808612
0.810354
0.810227
0.811484
0.810858
0.810190
0.809980
0.810163
0.809927
0.810792
0.809954
0.810297
0.810508
0.809858
0.809680
0.810443
0.810529
0.809578
0.810722
0.810347
0.810755
0.809904
0.809664
0.811426
0.810114
0.809401
0.809862
0.809813
0.811048
0.811653
0.809803
0.811221
0.810194
0.808914
0.810615
0.811122
0.810402
0.808996
0.809999
0.810477
0.810422
0.810356
0.810535
0.809990
0.810549
0.810508
0.810022
0.810558
0.809982
0.809138
0.809702
0.810819
0.811047
0.810591
0.810004
0.810206
0.809901
0.809010
0.808221
0.809444
0.810002
0.811146
0.809715
0.809695
0.810007
0.810486
0.810908
0.809439
0.810633
0.809960
0.809466
0.810497
0.809861
0.810821
0.810505
0.809930
0.809049
0.810028
0.810745
0.809373
0.809761
0.811058
0.811519
0.810540
0.809531
0.809446
0.810868
0.809503
0.810115
0.809815
0.809724
0.808715
0.809850
0.810532
0.810882
0.810524
0.809654
0.809928
0.810301
0.810562
0.809423
0.810863
0.808705
0.808376
0.810457
0.810030
0.809135
0.809827
0.809879
0.808959
0.810809
0.810028
0.809904
0.811826
0.810851
0.810629
0.810561
0.810490
0.811308
0.810209
0.809499
0.809166
0.811212
0.809807
0.810022
0.809182
0.810469
0.811036
0.810100
0.809713
0.809302
0.809534
0.809542
0.810026
0.810382
0.808823
0.809312
0.810389
0.809633
0.810866
0.810871
0.810495
0.810310
0.809562

binsize 16
0.809871
0.810243
0.809998
0.810502
0.809545
0.810098
0.809760
0.809654
0.809232
0.808771
0.810541
0.809511
0.809810
0.809711
0.809682
0.809912
0.810286
0.810871
0.809686
0.809661
0.810491
0.810664
0.809756
0.809883
0.809229
0.809932
0.810430
0.810493
0.810719
0.809966
0.810441
0.809366
0.809828
0.810530
0.810294
0.809841
0.809669
0.810029
0.809662
0.809908
0.810358
0.810119
0.809666
0.810403
0.810095
0.810418
0.810269
0.809715
0.810200
0.810333
0.809048
0.809961
0.810505
0.810087
0.810063
0.810445
0.809483
0.810856
0.810524
0.810072
0.810359
0.810126
0.810183
0.810062
0.810054
0.810534
0.810329
0.810545
0.809758
0.809837
0.811351
0.810512
0.809554
0.810868
0.809699
0.810238
0.810389
0.810262
0.810529
0.810290
0.809560
0.810261
0.810819
0.810105
0.809456
0.808832
0.810574
0.809705
0.810247
0.810173
0.810296
0.809982
0.810341
0.810218
0.809539
0.810059
0.810410
0.811029
0.809489
0.810186
0.809965
0.809219
0.810191
0.810703
0.809791
0.810431
0.810143
0.808541
0.810244
0.809481
0.809419
0.810418
0.810865
0.810740
0.810525
0.810759
0.809333
0.810510
0.809602
0.810753
0.809906
0.809418
0.809784
0.809603
0.809851
0.810249
0.810683
0.809936

binsize 32
0.810057
0.810250
0.809821
0.809707
0.809002
0.810026
0.809760
0.809797
0.810579
0.809674
0.810577
0.809819
0.809581
0.810462
0.810342
0.809904
0.810179
0.810067
0.809849
0.809785
0.810239
0.810035
0.810257
0.809992
0.810267
0.809504
0.810296
0.810254
0.810169
0.810298
0.810243
0.810122
0.810294
0.810437
0.809797
0.810931
0.810211
0.809969
0.810326
0.810409
0.809910
0.810462
0.809144
0.810139
0.810210
0.810139
0.810279
0.809799
0.810720
0.809837
0.809592
0.810447
0.810111
0.809342
0.809862
0.809919
0.810803
0.810642
0.809921
0.810178
0.809662
0.809693
0.810050
0.810310
