
binsize 2
0.246640
0.247710
0.243629
0.247350
0.248192
0.245884
0.247937
0.248113
0.243374
0.248624
0.247099
0.247416
0.246134
0.245882
0.248962
0.245898
0.245009
0.245929
0.247907
0.246661
0.247531
0.245857
0.244055
0.244524
0.242612
0.247268
0.244408
0.245743
0.246913
0.248172
0.247821
0.245997
0.250094
0.247543
0.243592
0.243792
0.248008
0.247075
0.245844
0.245627
0.246852
0.246045
0.246665
0.246220
0.244436
0.246115
0.245613
0.243675
0.249095
0.242802
0.247169
0.246091
0.246827
0.247303
0.246128
0.247271
0.244650
0.249393
0.245044
0.245519
0.243946
0.243647
0.245282
0.246211
0.245989
0.247821
0.248680
0.251249
0.247168
0.247440
0.243985
0.243832
0.245271
0.243920
0.243171
0.244180
0.245596
0.244136
0.246294
0.247152
0.248337
0.247429
0.248886
0.247575
0.249568
0.242879
0.246548
0.245454
0.248124
0.245511
0.248085
0.247410
0.246772
0.247644
0.246241
0.246454
0.243988
0.248092
0.247974
0.247849
0.247084
0.247646
0.247786
0.246968
0.246279
0.245747
0.248098
0.246301
0.244927
0.245186
0.247207
0.245289
0.245724
0.246493
0.248452
0.245409
0.246631
0.247549
0.246157
0.245990
0.248119
0.246538
0.245975
0.246518
0.245306
0.246762
0.247547
0.247711
0.246376
0.246500
0.245808
0.247596
0.244186
0.245874
0.246520
0.247803
0.246126
0.246176
0.245068
0.246466
0.246335
0.247073
0.245023
0.246188
0.246350
0.244804
0.245458
0.247507
0.247428
0.247063
0.245559
0.244119
0.245891
0.246027
0.246324
0.244737
0.246632
0.247306
0.246735
0.249672
0.244908
0.246570
0.246970
0.245098
0.245636
0.246060
0.246916
0.247384
0.245299
0.246264
0.243105
0.246774
0.245478
0.248492
0.250020
0.248059
0.246404
0.247564
0.246066
0.244748
0.246992
0.246314
0.245336
0.246074
0.246023
0.246392
0.245495
0.247748
0.246845
0.245522
0.245569
0.244993
0.245452
0.247284
0.248559
0.244964
0.245257
0.246320
0.247120
0.246198
0.247150
0.247782
0.247568
0.249116
0.245173
0.248057
0.248586
0.250120
0.247549
0.245504
0.243956
0.246769
0.246223
0.244874
0.246627
0.247510
0.247313
0.243306
0.244168
0.246285
0.244921
0.246301
0.247817
0.248605
0.244272
0.244860
0.246967
0.246274
0.246610
0.247151
0.247673
0.248245
0.246399
0.245785
0.246022
0.246910
0.247494
0.245699
0.247365
0.246197
0.246207
0.242901
0.245478
0.246339
0.244365
0.244920
0.244471
0.243949
0.246413
0.245353
0.244092
0.246324
0.245534
0.244884
0.250103
0.247987
0.247646
0.246187
0.247814
0.247678
0.245703
0.245467
0.244023
0.247508
0.244160
0.246346
0.246234
0.246198
0.243403
0.243791
0.246997
0.245375
0.246149
0.247740
0.244717
0.248097
0.245793
0.246510
0.246007
0.243835
0.247199
0.245467
0.245484
0.249456
0.247081
0.246601
0.245853
0.245514
0.246813
0.246013
0.245736
0.246109
0.247009
0.247906
0.246882
0.247888
0.246649
0.246538
0.244467
0.245564
0.243550
0.241344
0.245949
0.244738
0.246510
0.247034
0.247382
0.247849
0.246837
0.245309
0.245452
0.247613
0.243775
0.246756
0.245857
0.246377
0.246463
0.246200
0.246277
0.249173
0.245356
0.247644
0.246149
0.244199
0.246000
0.243809
0.249355
0.249488
0.244915
0.245309
0.245559
0.244286
0.247031
0.246678
0.248219
0.248333
0.247018
0.246533
0.244341
0.245817
0.246626
0.246028
0.245878
0.246009
0.247131
0.245393
0.242804
0.246152
0.246074
0.247156
0.243463
0.243652
0.246253
0.246868
0.246180
0.245360
0.246870
0.247710
0.245690
0.246563
0.244164
0.246635
0.243506
0.246174
0.247492
0.246622
0.246388
0.246951
0.248229
0.245703
0.246809
0.246749
0.245944
0.248052
0.246572
0.246594
0.244191
0.244959
0.247261
0.247168
0.244453
0.244218
0.246077
0.247158
0.244160
0.246042
0.245902
0.247641
0.247618
0.245805
0.247580
0.245631
0.249262
0.246133
0.244415
0.245788
0.243104
0.242460
0.247404
0.245314
0.245239
0.245160
0.247857
0.245282
0.243146
0.245879
0.246620
0.248878
0.247493
0.243903
0.245418
0.246733
0.247165
0.246589
0.248718
0.247002
0.246449
0.248351
0.246550
0.245555
0.245399
0.243377
0.243916
0.246607
0.245501
0.248303
0.246286
0.248805
0.248170
0.245988
0.247494
0.244945
0.245628
0.243972
0.244872
0.245484
0.246142
0.244854
0.247764
0.249110
0.249374
0.248388
0.245973
0.247136
0.247849
0.245113
0.244685
0.243862
0.249156
0.245621
0.244826
0.249446
0.246024
0.248733
0.245363
0.243870
0.243995
0.245899
0.245736
0.245641
0.246925
0.246984
0.245742
0.248335
0.246915
0.246068
0.247466
0.244247
0.246322
0.245628
0.246746
0.245893
0.249319
0.245087
0.244126
0.245247
0.246436
0.245687
0.245495
0.248208
0.246342
0.244892
0.247358
0.244471
0.249061
0.247294
0.246865
0.245746
0.248008
0.246861
0.247070
0.244215
0.246288
0.246809
0.244760
0.245419
0.244861
0.244781
0.244665
0.244790
0.246167
0.247040
0.248601
0.249410
0.246015
0.247113
0.247854
0.248228
0.245052
0.243208
0.246644
0.247518
0.244325
0.245152
0.244696
0.246282
0.244220
0.246596
0.242648
0.247456
0.245883
0.245382
0.246161
0.246722
0.246404
0.246853
0.249067
0.246052
0.246393
0.245891
0.244280
0.245159
0.246344
0.246059
0.245568
0.248165
0.246922
0.246026
0.246088
0.246419
0.243213
0.245016
0.243664
0.246040
0.247518
0.248401
0.248645
0.248886
0.247664
0.244836
0.245079
0.246178
0.246896
0.247240
0.244158
0.249786
0.246503
0.246047
0.247088
0.244000
0.247202
0.245723
0.246009
0.246511
0.246104
0.244392
0.244536
0.248601
0.245814
0.243692
0.247292
0.244907
0.245131
0.244810
0.244385
0.246621
0.248079
0.247308
0.245464
0.244814
0.244155
0.245268
0.245666
0.244699
0.245669
0.247194
0.245829
0.247319
0.248821
0.246962
0.248021
0.246369
0.246076
0.242828
0.246024
0.244594
0.246235
0.247630
0.246024
0.247391
0.248121
0.249701
0.247052
0.245157
0.247569
0.248657
0.247312
0.242809
0.244988
0.243174
0.246570
0.246318
0.245958
0.246416
0.245348
0.247437
0.250155
0.244728
0.244139
0.246660
0.245560
0.247028
0.245096
0.248052
0.248500
0.248624
0.246769
0.247388
0.247606
0.247145
0.245635
0.248085
0.245544
0.246442
0.248944
0.245979
0.245230
0.245417
0.244875
0.245854
0.243138
0.246663
0.246211
0.246183
0.245280
0.246084
0.245211
0.247803
0.245390
0.244821
0.247707
0.246471
0.244180
0.245773
0.244789
0.244643
0.244734
0.242896
0.247199
0.246304
0.246773
0.247204
0.246013
0.245028
0.247590
0.246558
0.247706
0.245607
0.246620
0.245334
0.244511
0.245196
0.246692
0.246137
0.242818
0.244893
0.247128
0.246846
0.246846
0.246413
0.246357
0.242622
0.243924
0.246062
0.245973
0.246364
0.249157
0.246514
0.245388
0.244881
0.244839
0.245694
0.245774
0.248490
0.245026
0.247091
0.246603
0.243756
0.247156
0.246880
0.246481
0.245201
0.245867
0.245800
0.249284
0.246787
0.247255
0.244934
0.245477
0.246774
0.243818
0.244022
0.246993
0.246272
0.244922
0.244867
0.244918
0.243926
0.244780
0.246114
0.246220
0.248668
0.248652
0.247998
0.242777
0.245986
0.244947
0.247212
0.246393
0.246630
0.246299
0.247057
0.246381
0.248253
0.249220
0.247148
0.249040
0.246728
0.245353
0.247733
0.247553
0.244728
0.244393
0.245995
0.247478
0.245699
0.243282
0.246597
0.246088
0.245459
0.244037
0.247547
0.247257
0.245589
0.244883
0.246285
0.248578
0.244904
0.246222
0.244764
0.245255
0.248194
0.247186
0.245573
0.243653
0.247898
0.247381
0.244987
0.243520
0.247034
0.246459
0.246184
0.247445
0.247444
0.245421
0.248016
0.248429
0.245789
0.246875
0.247769
0.246698
0.246027
0.244866
0.250784
0.247099
0.248766
0.247019
0.247006
0.244003
0.246326
0.249230
0.248503
0.247114
0.248733
0.246314
0.245920
0.247513
0.248003
0.247099
0.245968
0.243280
0.244972
0.246919
0.243462
0.247592
0.247603
0.246417
0.246948
0.248721
0.245709
0.247587
0.246005
0.246125
0.246399
0.245821
0.244584
0.245718
0.247644
0.247201
0.248709
0.247092
0.246732
0.246801
0.247614
0.248737
0.244245
0.244271
0.244578
0.247253
0.246988
0.247135
0.245062
0.247265
0.245918
0.247418
0.246123
0.245666
0.246162
0.245962
0.245199
0.246414
0.247682
0.246746
0.245940
0.244713
0.245786
0.248450
0.247212
0.248399
0.244536
0.246071
0.245878
0.245194
0.245995
0.246084
0.246782
0.247046
0.245893
0.243922
0.244781
0.246856
0.246450
0.248041
0.247228
0.246869
0.247891
0.246384
0.246856
0.244470
0.246409
0.246979
0.246437
0.244595
0.243246
0.245840
0.248738
0.247437
0.244816
0.248188
0.245563
0.248043
0.248326
0.245839
0.244090
0.246281
0.246980
0.246589
0.245507
0.245500
0.245951
0.247013
0.246541
0.247051
0.247293
0.245824
0.246781
0.249100
0.243974
0.247865
0.246452
0.246492
0.246471
0.245248
0.247725
0.244316
0.246338
0.244304
0.249530
0.246730
0.244757
0.245476
0.247853
0.244437
0.246434
0.245056
0.244854
0.245601
0.244749
0.245928
0.246408
0.248814
0.246025
0.245651
0.246249
0.246154
0.245343
0.247421
0.244476
0.245530
0.246503
0.244932
0.246979
0.248844
0.246318
0.245781
0.245828
0.248811
0.245089
0.245949
0.246606
0.245312
0.250174
0.247875
0.245986
0.248076
0.251008
0.249041
0.246197
0.245227
0.245238
0.244822
0.247055
0.245550
0.244481
0.245431
0.245262
0.247221
0.244237
0.247055
0.246190
0.248322
0.246057
0.245822
0.243752
0.246273
0.245610
0.246490
0.244148
0.246772
0.246069
0.245724
0.247653
0.245084
0.244579
0.246685
0.246854
0.248022
0.250561
0.249048
0.245953
0.246482
0.245806
0.245586
0.248239
0.246262
0.245895
0.244891
0.246403
0.245635
0.249052
0.245884
0.248639
0.246652
0.249203
0.246396
0.244632
0.245735
0.244460
0.246660
0.247266
0.245865
0.246425
0.250287
0.246495
0.246801
0.245630
0.248075
0.247187
0.245929
0.245397
0.249020
0.247057
0.246293
0.245684
0.247263
0.245607
0.244409
0.243580
0.243910
0.246109
0.247150
0.245743
0.246950
0.247314
0.248943
0.245866
0.246679
0.246901
0.246620
0.244140
0.244645
0.246010
0.246038
0.247540
0.247311
0.244353
0.246594
0.246228
0.245737
0.245159
0.245176
0.247741
0.248047
0.246564
0.246474
0.245196
0.245767
0.246916
0.247853
0.245929
0.246037
0.246970
0.247719
0.248341
0.249303
0.245517
0.247010
0.246568
0.247687
0.245404
0.247237
0.244998
0.248938
0.244792
0.246934
0.248728
0.244066
0.246369
0.246032
0.245287
0.244235
0.245479
0.244693
0.244817
0.246136
0.246886
0.247346
0.245487
0.246946
0.247142
0.243072
0.247912
0.247978
0.245949
0.244686
0.246202
0.247041
0.246007
0.244275
0.244877
0.246583
0.244293
0.246372
0.245725
0.244511
0.246697
0.245706
0.248912
0.247768
0.247307
0.247636
0.245266
0.243832
0.245381
0.247549
0.245639
0.246977
0.244456
0.242080
0.243597
0.244919
0.245541
0.243640
0.247290
0.247271
0.247491
0.250614
0.247519
0.245376
0.246714
0.245388
0.244852
0.247543
0.245203
0.244445
0.249286
0.248270
0.247927
0.246528
0.246666
0.246759
0.248346
0.248556
0.247321
0.245618
0.247265
0.245781
0.246079
0.245199
0.245967
0.245239
0.245910
0.245451
0.246698
0.247143
0.246092
0.246026
0.247188
0.246411
0.248683
0.245117
0.247316
0.243903
0.246023
0.245429
0.246671
0.245511
0.245144
0.245005
0.246333
0.245983
0.245897
0.245192
0.242406
0.245238
0.245474
0.243295
0.246701
0.246799
0.243495
0.244434
0.247936
0.247552
0.250954
0.248682
0.245019
0.245524
0.243937
0.246177
0.244888
0.245592
0.243343
0.245921
0.246219
0.245884
0.246624
0.243943
0.245384
0.244676
0.244107
0.245857
0.245732
0.246041
0.244933
0.244602
0.244121
0.245925
0.247053
0.247883
0.247174
0.248358
0.245752
0.247424
0.244698
0.244330
0.245812
0.247240
0.246367
0.246847
0.246648
0.245878
0.248332
0.246085
0.246915
0.246236
0.246359
0.246113
0.245196
0.247567
0.248588
0.246707
0.248370
0.246005
0.244349
0.249035
0.244239
0.245118
0.244914
0.247935
0.247581
0.244300
0.247969
0.248239
0.246199
0.248619
0.244877
0.248131
0.246423
0.245188
0.245137
0.244917
0.248959
0.249085
0.244275
0.246967
0.246860
0.246351
0.244300
0.247523
0.245687
0.245234
0.246770
0.246638
0.245280
0.245787
0.245999
0.247350
0.247816
0.246203
0.244135
0.245493
0.246137
0.245707
0.248378
0.245700
0.245947
0.246669
0.245932
0.246857
0.246239
0.248447
0.246743
0.243799
0.245630
0.246457
0.244353
0.243500
0.247445
0.246477
0.245733
0.245358
0.245485
0.245001
0.243722
0.243768
0.247196
0.244407
0.245490
0.249083
0.247713
0.246805
0.242380
0.244060
0.246142
0.249954
0.245070
0.246930
0.245349
0.245737
0.246865
0.245866
0.246499
0.245608
0.246194
0.245914
0.246540
0.247521
0.247315
0.248762
0.246937
0.248365
0.246992
0.246552
0.246133
0.244233
0.246886
0.245946
0.248440
0.247988
0.247859
0.245669
0.245307
0.246775
0.244389
0.245910
0.249328
0.247081
0.246184
0.246585
0.246280
0.244066
0.245509
0.245882
0.247118
0.247746
0.246414
0.244447
0.247754
0.246124
0.245151
0.244808
0.246205
0.243403
0.242982
0.247103
0.248006
0.247092
0.246833
0.244549
0.245242
0.246760
0.245484
0.247663
0.243535
0.244190
0.247003
0.249384
0.247640
0.249521
0.246799
0.245918
0.245910
0.241437
0.243092
0.247671
0.246719
0.247477
0.247602
0.248302
0.246019
0.245074
0.243812
0.245884
0.246361
0.247992
0.247859
0.245608
0.248193
0.245977
0.244783
0.248504
0.246652
0.243776
0.245802
0.245487
0.245421
0.244696
0.247812
0.243957
0.244819
0.247301
0.245521
0.247942
0.246890
0.245494
0.247692
0.247764
0.246489
0.244905
0.248360
0.246430
0.245270
0.244016
0.246048
0.248776
0.246607
0.246413
0.246199
0.248866
0.248122
0.243881
0.245669
0.246268
0.246673
0.243094
0.244168
0.246123
0.247533
0.248890
0.245107
0.245949
0.247635
0.245159
0.248057
0.248312
0.245732
0.246020
0.245047
0.249292
0.244762
0.247106
0.247602
0.244908
0.243509
0.247127
0.246175
0.246565
0.245317
0.246092
0.244615
0.246222
0.247278
0.247664
0.247437
0.246275
0.245793
0.246174
0.246242
0.248083
0.244370
0.244593
0.247920
0.248535
0.249029
0.244783
0.242629
0.249030
0.246234
0.245727
0.246796
0.245252
0.246464
0.247664
0.243820
0.246094
0.244241
0.243832
0.243814
0.247632
0.245505
0.247579
0.246115
0.245884
0.244069
0.247481
0.245857
0.247262
0.246423
0.247854
0.245860
0.246823
0.246353
0.244731
0.243578
0.247704
0.248073
0.246406
0.246973
0.246679
0.245757
0.245317
0.248618
0.246912
0.248719
0.247475
0.247744
0.245184
0.245755
0.248219
0.248242
0.246904
0.247013
0.246099
0.248864
0.244615
0.245972
0.244885
0.244675
0.246359
0.249206
0.248760
0.245698
0.245571
0.244591
0.245922
0.246254
0.246262
0.244666
0.245611
0.246192
0.247204
0.246858
0.245230
0.246414
0.247438
0.247216
0.245952
0.247003
0.247465
0.245705
0.246821
0.246243
0.245888
0.245485
0.247009
0.246825
0.246720
0.246597
0.247765
0.249589
0.247877
0.248101
0.246782
0.245635
0.244693
0.246988
0.247450
0.247776
0.247937
0.247245
0.245747
0.246430
0.244740
0.246694
0.245984
0.247650
0.246762
0.247684
0.243475
0.248101
0.245740
0.246836
0.245831
0.246014
0.244190
0.246586
0.246658
0.247260
0.247280
0.244305
0.245111
0.245754
0.248602
0.247694
0.245200
0.247591
0.246101
0.245427
0.243729
0.244016
0.245089
0.247122
0.247107
0.245061
0.244840
0.246634
0.246516
0.246857
0.245736
0.247529
0.246147
0.246544
0.247737
0.247325
0.248375
0.245492
0.245557
0.248364
0.244652
0.246536
0.247666
0.244651
0.245400
0.247620
0.247006
0.246276
0.250105
0.247179
0.245713
0.249711
0.249203
0.249153
0.246638
0.247368
0.244541
0.246731
0.245393
0.242824
0.246205
0.243934
0.245200
0.245915
0.245985
0.243972
0.245503
0.244988
0.243975
0.246671
0.246239
0.244867
0.245897
0.243651
0.245353
0.245101
0.246168
0.244927
0.245209
0.246560
0.248936
0.246472
0.245811
0.245320
0.248049
0.244879
0.245453
0.247105
0.246487
0.246757
0.249421
0.247252
0.244416
0.244795
0.248602
0.248381
0.245567
0.247530
0.245504
0.247962
0.246203
0.244530
0.248414
0.245334
0.247548
0.246848
0.247836
0.247962
0.245444
0.245841
0.246823
0.246295
0.248373
0.248540
0.244869
0.245462
0.248286
0.248819
0.249670
0.247116
0.247756
0.247209
0.249719
0.247420
0.247060
0.246536
0.244977
0.245609
0.247494
0.246870
0.246703
0.245141
0.247447
0.246173
0.244523
0.243682
0.247129
0.247011
0.245905
0.248062
0.245379
0.245039
0.245829
0.246071
0.248439
0.243727
0.244709
0.245848
0.246243
0.245471
0.249505
0.249016
0.245526
0.245150
0.245658
0.246578
0.248038
0.248792
0.246994
0.246626
0.246309
0.246295
0.244945
0.246348
0.247910
0.244863
0.247151
0.245804
0.246169
0.251348
0.247229
0.243724
0.244624
0.242984
0.243863
0.246403
0.247512
0.249138
0.247923
0.249006
0.245572
0.244329
0.243272
0.243638
0.245725
0.246725
0.246201
0.243578
0.246682
0.248746
0.249404
0.246186
0.246740
0.246722
0.245840
0.248848
0.246787
0.244364
0.247306
0.247129
0.244707
0.243826
0.244646
0.245455
0.247924
0.249646
0.246377
0.246385
0.245922
0.243406
0.247341
0.246389
0.248582
0.246370
0.246958
0.247850
0.243739
0.245209
0.243514
0.245666
0.245091
0.248275
0.249124
0.245606
0.245879
0.248307
0.245694
0.245131
0.245903
0.246375
0.246781
0.245141
0.246396
0.248131
0.249195
0.245259
0.244137
0.244347
0.245321
0.242620
0.248084
0.246267
0.245663
0.246079
0.246482
0.245498
0.245355
0.245177
0.246505
0.244661
0.245973
0.243132
0.248183
0.245769
0.246294
0.246590
0.246216
0.246842
0.243617
0.247778
0.246611
0.247685
0.247410
0.247116
0.247757
0.247446
0.248214
0.248376
0.247273
0.246722
0.247879
0.244318
0.244446
0.243617
0.247871
0.249601
0.246883
0.248328
0.246094
0.248418
0.246616
0.246164
0.251013
0.249191
0.248443
0.245909
0.246753
0.244987
0.247846
0.243370
0.243776
0.244174
0.246216
0.247214
0.247819
0.242882
0.246035
0.246241
0.246233
0.245132
0.246812
0.249005
0.246009
0.246421
0.249076
0.247011
0.245945
0.244234
0.242666
0.245164
0.245197
0.244964
0.243342
0.245675
0.249886
0.247749
0.244967
0.245822
0.247135
0.245589
0.246715
0.247943
0.244034
0.245900
0.245386
0.246443
0.249476
0.248013
0.247511
0.248431
0.244176
0.244006
0.245460
0.245262
0.245867
0.247665
0.246775
0.246426
0.247817
0.248561
0.249555
0.245011
0.243415
0.243421
0.244660
0.245505
0.245448
0.245840
0.248233
0.244123
0.243959
0.246750
0.244934
0.245869
0.244598
0.246296
0.247787
0.246400
0.247135
0.246468
0.244418
0.244222
0.246966
0.246627
0.245098
0.246786
0.243828
0.245551
0.243883
0.246148
0.246037
0.244571
0.245285
0.246016
0.245757
0.248825
0.248804
0.243915
0.245490
0.245829
0.244324
0.246699
0.249413
0.247809
0.244144
0.245913
0.244610
0.247113
0.245697
0.246472
0.245584
0.246453
0.246881
0.243822
0.245337
0.246715
0.245601
0.243535
0.244777
0.246344
0.245220
0.246966
0.243558
0.244963
0.245791
0.247024
0.248274
0.249769
0.248813
0.245217
0.246643
0.246660
0.246920
0.246062
0.246182
0.246089
0.246511
0.245377
0.246327
0.246927
0.246021
0.244643
0.243507
0.246154
0.248645
0.247059
0.245765
0.245824
0.246935
0.248163
0.246172
0.243304
0.246220
0.244263
0.245750
0.246226
0.245554
0.245683
0.244151
0.247422
0.247363
0.245785
0.245720
0.244068
0.245448
0.244243
0.246603
0.246704
0.246755
0.248308
0.246169
0.246795
0.244377
0.248806
0.246204
0.246359
0.246587
0.248732
0.248281
0.246948
0.246970
0.245304
0.246014
0.245309
0.247079
0.245331
0.246588
0.245770
0.246848
0.248809
0.246239
0.246826
0.243984
0.245021
0.242972
0.245802
0.247490
0.245907
0.246967
0.247827
0.247507
0.245887
0.246681
0.246226
0.247418
0.246615
0.243232
0.244893
0.245284
0.244240
0.247108
0.246118
0.247563
0.245669
0.247171
0.244822
0.246035
0.246075
0.247842
0.244285
0.245437
0.246687
0.248984
0.249713
0.245092
0.249560
0.248097
0.246850
0.246190
0.244265
0.246046
0.244300
0.245366
0.245435
0.243555
0.247444
0.247065
0.246659
0.247361
0.245902
0.246336
0.248129
0.245873
0.246661
0.246476
0.247967
0.246794
0.243990
0.245253
0.247475
0.245877
0.244852
0.245277
0.248237
0.245919
0.247281
0.245345
0.244138
0.247004
0.243803
0.246810
0.245443
0.245860
0.250508
0.246964
0.246594
0.245138
0.247083
0.246467
0.244465
0.246072
0.245194
0.245702
0.248537
0.247825
0.244369
0.248080
0.247248
0.246199
0.244976
0.245043
0.246726
0.246304
0.246673
0.243949
0.243270
0.247412
0.245446
0.244296
0.245213
0.248155
0.245474
0.243527
0.243223
0.245471
0.245832
0.246110
0.246006
0.248475
0.246262
0.247541
0.246388
0.246847
0.245232
0.245113
0.244078
0.244924
0.245687
0.246082
0.245528
0.245929
0.246044
0.246609
0.246803
0.245217
0.249526
0.245905
0.246038
0.243434
0.245665
0.245372
0.246246
0.248278
0.246871
0.245689
0.246510
0.246143
0.247641
0.249972
0.249251
0.247131
0.246119
0.246577
0.245996
0.245656
0.246439
0.244914
0.248912
0.246371
0.247754
0.250048
0.248095
0.244782
0.249171
0.247994
0.246797
0.245095
0.246983
0.245749
0.249098
0.245409
0.244742
0.245633
0.247058
0.246678
0.245485
0.244637
0.245372
0.246295
0.246232
0.245543
0.245615
0.248513
0.244295
0.244232
0.243843
0.246759
0.245818
0.246036
0.245544
0.245228
0.245025
0.245236
0.243989
0.243355
0.245343
0.245319
0.247768
0.246545
0.246237
0.246319
0.247483
0.243648
0.247389
0.246129
0.244613
0.246297
0.248552
0.244720
0.246984
0.245477
0.244722
0.245031
0.243460
0.247438
0.246581
0.245745
0.247858
0.245519
0.244884
0.246934
0.245825
0.245966
0.244604
0.244130
0.245486
0.248760
0.248468
0.243853
0.244743
0.245649
0.245582
0.246980
0.247941
0.246072
0.250395
0.245946
0.248100
0.245483
0.245346
0.245425
0.246264
0.247879
0.247329
0.247661
0.246429
0.248563
0.245411
0.243678
0.245277
0.248092
0.246185
0.246449
0.247794
0.245803
0.246266
0.247730
0.248051
0.247982
0.245875
0.247028
0.247273
0.245034
0.245806
0.247597
0.245079
0.244897
0.248561
0.247019
0.247542
0.245171
0.244253
0.245253
0.246351
0.246431
0.246364
0.243537
0.245256
0.245077
0.248130
0.245693
0.248763
0.245907
0.246803
0.246017
0.246476
0.249267
0.247918
0.243720
0.245721
0.246242
0.247416
0.246985
0.246473
0.245946
0.246793
0.246789
0.245277
0.246297
0.245494
0.246674
0.246856
0.247046
0.246000
0.247150
0.246136
0.246244
0.245420
0.246686
0.244305
0.247543
0.246689
0.246440
0.247197
0.246692
0.246959
0.245343
0.246463
0.248709
0.248035
0.245854
0.244205
0.246180
0.245116
0.242708
0.245443
0.245354
0.248170
0.245610
0.244704
0.245466
0.246769
0.245018
0.244608
0.249760
0.246439
0.245931
0.244226
0.246626
0.247144
0.245950
0.249270
0.246443
0.247493
0.246010
0.244751
0.245903
0.244853
0.246354
0.244604
0.247507
0.247921
0.245155
0.246730
0.247527
0.246490
0.245200
0.247007
0.246275
0.245987
0.245367
0.246236
0.245233
0.244915
0.243865
0.245244
0.245492
0.244870
0.245806
0.247951
0.244481
0.245070
0.245002
0.245841
0.246565
0.249456
0.246344
0.246482
0.245337
0.246537
0.247743
0.246293
0.247402
0.246455
0.247767
0.245574
0.243697
0.247930
0.244493
0.246660
0.245305
0.246266
0.247213
0.244352
0.245451
0.247939
0.248910
0.248236
0.247398
0.246551
0.247381
0.246070
0.246715
0.245996
0.247018
0.245539
0.246210
0.245609
0.245793
0.245674
0.250678
0.246836
0.245265
0.245452
0.246610
0.246569
0.243125
0.245411
0.248869
0.247119
0.247970
0.244463
0.245374
0.248175
0.245512
0.244421
0.245105
0.244924
0.246546
0.245978
0.248617
0.244535
0.244041
0.247577
0.248624
0.244803
0.245926
0.247107
0.245168
0.243366
0.245333
0.245382
0.245715
0.243843
0.248369
0.246717
0.246223
0.247606
0.246898
0.246618
0.244078
0.246854
0.248571
0.246176
0.248107
0.245981
0.245989
0.243537
0.244358
0.249341
0.246992
0.244821
0.247172
0.247294
0.241821
0.247158
0.248615
0.247692
0.244230
0.247305
0.249338
0.248480
0.245285
0.248383
0.245634
0.244675
0.244544
0.245568
0.244654
0.244693
0.243908
0.244224
0.244830
0.245514
0.245372
0.246952
0.245773
0.245404
0.246006
0.246907
0.247435
0.247480
0.248459
0.244432
0.245648
0.247163
0.247173
0.245191
0.244986
0.245342
0.247543
0.243101
0.243044
0.245271
0.247094
0.247759
0.249140
0.244593
0.245314
0.247407
0.245704
0.247657
0.247043
0.247316
0.244792
0.245479
0.246361
0.246472
0.245501
0.245830
0.246634
0.245352
0.245455
0.242593
0.245947
0.245202
0.244828
0.245595
0.246501
0.247625
0.246907
0.245861
0.246412
0.245438
0.246566
0.246645
0.246295
0.247329
0.248649
0.244951
0.245421
0.243877
0.244780
0.246296
0.243642
0.245965
0.246545
0.246433
0.243109
0.244957
0.246112
0.244821
0.246734
0.247710
0.247292
0.245744
0.246928
0.249116
0.246565
0.245049
0.244499
0.246605
0.248871
0.247134
0.244200
0.246795
0.245775
0.244936
0.245988
0.246662
0.246708
0.247713
0.248217
0.243932
0.245508
0.245801
0.247254
0.246391
0.244916
0.247650
0.246096
0.246056
0.243667
0.246060
0.247400
0.247853
0.249447
0.247348
0.248629
0.247658
0.244584
0.244577
0.245328
0.244162
0.245263
0.245218
0.246042
0.246869
0.245198
0.245934
0.244571
0.247858
0.245391
0.246803
0.246705
0.245034
0.243887
0.245276
0.245734
0.248339
0.246862
0.245534
0.246871
0.249140
0.245086
0.245085
0.243975
0.243492
0.247736
0.250311
0.247223
0.245612
0.247167
0.246985
0.246928
0.247394
0.246957
0.244722
0.245688
0.245975
0.245716
0.246852
0.247904
0.245873
0.246961
0.248378
0.245453
0.246625
0.246913
0.248157
0.248316
0.247799
0.246024
0.245920
0.243684
0.246265
0.246094
0.242689
0.242966
0.242181
0.244661
0.245218
0.246852
0.246098
0.245871
0.247539
0.247013
0.246658
0.244630
0.244256
0.246904
0.246907
0.245102
0.247896
0.248371
0.245080
0.244679
0.244881
0.247322
0.248324
0.248179
0.246148
0.245740
0.249272
0.247945
0.244228
0.245173
0.246920
0.246831
0.247021
0.244935
0.247201
0.247979
0.246186
0.243035
0.245358
0.248116
0.246882
0.247449
0.248345
0.247469
0.243764
0.247061
0.246643
0.246779
0.247720
0.245385
0.247788
0.249620
0.245708
0.242913
0.245099
0.245597
0.244996
0.244816
0.242642
0.247262
0.245841
0.248802
0.246824
0.245965
0.246191
0.245696
0.243692
0.247187
0.245781
0.245305
0.246267
0.244997
0.246626
0.248478
0.247507
0.244638
0.246626
0.247273
0.244284
0.247081
0.246455
0.246915
0.246930
0.246604
0.248783
0.246929
0.246528
0.247628
0.246663
0.245968
0.244671
0.246307
0.246230
0.246711
0.247728
0.245376
0.247717
0.249707
0.247959
0.247342
0.244368
0.245775
0.246903
0.246964
0.246180
0.245922
0.245929
0.246431
0.247568
0.248392
0.242847
0.246840
0.247865
0.245507
0.244999
0.245592
0.247561
0.246783
0.248199
0.243219
0.245724
0.244773
0.247076
0.246618
0.246292
0.248048
0.248089
0.245718
0.246458
0.244729
0.245199
0.248709
0.248174
0.246341
0.246579
0.246788
0.246645
0.247129
0.244356
0.244302
0.244931
0.246774
0.246160
0.246139
0.248404
0.247877
0.245104
0.246852
0.245175
0.244630
0.245842
0.243469
0.241857
0.243758
0.245787
0.246156
0.247077
0.245348
0.246800
0.246664
0.247072
0.247344
0.248061
0.247397
0.247011
0.248363
0.247323
0.244539
0.248005
0.249006
0.246617
0.246957
0.246690
0.245438
0.245136
0.244070
0.244130
0.244125
0.247839
0.248732
0.246052
0.243449
0.246473
0.245135
0.245219
0.245049
0.245072
0.244791
0.245156
0.243915
0.247526
0.246344
0.245795
0.246625
0.247110
0.246881
0.249244
0.247478
0.245701
0.243084
0.243366
0.244641
0.246694
0.248034
0.249344
0.245395
0.247325
0.246442
0.245145
0.248598
0.244653
0.244375
0.244554
0.245196
0.245911
0.245513
0.246122
0.246726
0.245984
0.247331
0.245454
0.244080
0.246225
0.244921
0.246688
0.245900
0.245443
0.245933
0.245955
0.244104
0.246519
0.248490
0.248786
0.247412
0.243758
0.245852
0.244436
0.248048
0.247995
0.245991
0.243266
0.245358
0.246601
0.245543
0.247753
0.247903
0.247414
0.245462
0.242442
0.247662
0.247271
0.247565
0.245846
0.243967
0.245471
0.248646
0.246585
0.245977
0.245359
0.245496
0.247872
0.245044
0.245330
0.248236
0.245596
0.246537
0.248712
0.247351
0.246394
0.247074
0.245071
0.245927
0.243869
0.247240
0.246670
0.248677
0.248044
0.246539
0.245530
0.245693
0.247186
0.246150
0.245593
0.247512
0.247588
0.243609
0.247475
0.246726
0.244850
0.245907
0.245903
0.246986
0.247035
0.249252
0.249118
0.248694
0.247154
0.246819
0.246838
0.246625
0.245979
0.249125
0.244709
0.245024
0.246389
0.248636
0.246316
0.245727
0.245544
0.246689
0.249115
0.246120
0.246353
0.242090
0.244128
0.246685
0.246281
0.246204
0.244038
0.247210
0.250174
0.246559
0.246986
0.247260
0.246549
0.246945
0.245443
0.245761
0.247273
0.245512
0.247666
0.247485
0.246828
0.245877
0.244411
0.248005
0.247864
0.245083
0.245779
0.247279
0.246679
0.245818
0.246210
0.245364
0.248138
0.247921
0.245423
0.244998
0.245992
0.247032
0.245135
0.241469
0.247862
0.245565
0.247195
0.246537
0.248194
0.244103
0.243806
0.246501
0.247651
0.246094
0.245107
0.243547
0.246426
0.245418
0.243328
0.242953
0.244927
0.246907
0.243653
0.248653
0.247604
0.249895
0.245863
0.245563
0.245115
0.244577
0.245248
0.246699
0.247443
0.248914
0.246986
0.247701
0.246974
0.245516
0.247464
0.245742
0.244186
0.245771
0.247066
0.248512
0.249115
0.248100
0.245034
0.245216
0.247704
0.246237
0.245502
0.245187
0.245344
0.248497
0.247624
0.245378
0.248618
0.246250
0.247334
0.245053
0.245784
0.246654
0.246893
0.246467
0.247593
0.248592
0.243837
0.248506
0.246001
0.246070
0.247005
0.246250
0.246490
0.246122
0.246245
0.244383
0.246996
0.246011
0.245799
0.245204
0.246589
0.244089
0.245536
0.244876
0.248539
0.247006
0.246203
0.249852
0.249868
0.248570
0.245813
0.247603
0.246682
0.245557
0.248312
0.247429
0.246819
0.244415
0.247796
0.245664
0.245621
0.248646
0.243807
0.243260
0.245675
0.246877
0.248778
0.245732
0.248339
0.245626
0.244330
0.246131
0.246108
0.248079
0.246729
0.245227
0.245580
0.246961
0.247199
0.248050
0.247207
0.247061
0.244067
0.246490
0.245813
0.246412
0.243415
0.245743
0.247447
0.244843
0.245703
0.244631
0.246146
0.247150
0.245163
0.246714
0.243825
0.248342
0.244558
0.244284
0.246068
0.246756
0.248311
0.245172
0.247334
0.248679
0.247876
0.246470
0.246288
0.247948
0.248486
0.247448
0.246848
0.246566
0.246739
0.244185
0.246905
0.245680
0.245326
0.245113
0.248636
0.248583
0.248325
0.244644
0.246448
0.247444
0.243785
0.243987
0.245713
0.244875
0.245952
0.243995
0.245313
0.247809
0.245223
0.247905
0.247471
0.247929
0.246505
0.247810
0.248000
0.246850
0.248123
0.246720
0.246297
0.246897
0.245770
0.244588
0.248548
0.247140
0.245321
0.243424
0.243551
0.244088
0.247445
0.245945
0.246990
0.246778
0.245329
0.247359
0.246097
0.245442
0.250823
0.245989
0.241248
0.243867
0.243529
0.244462
0.246997
0.245114
0.246634
0.243355
0.244429
0.249095
0.244160
0.244498
0.245979
0.246509
0.251104
0.246465
0.246728
0.243341
0.245880
0.248226
0.248190
0.246589
0.246760
0.247212
0.248135
0.247669
0.247219
0.242681
0.244352
0.246507
0.246620
0.249231
0.246831
0.247191
0.248250
0.248246
0.244215
0.245720
0.243815
0.245429
0.248114
0.244137
0.245344
0.246324
0.245654
0.247207
0.244321
0.248087
0.245834
0.246579
0.248305
0.249149
0.244971
0.244126
0.243845
0.246614
0.246983
0.246047
0.249364
0.247647
0.246065
0.247079
0.247434
0.243607
0.248983
0.247871
0.244798
0.246750
0.246347
0.246825
0.247057
0.247469
0.246330
0.246394
0.244825
0.245801
0.247730
0.249961
0.247845
0.246241
0.246933
0.245236
0.245431
0.244924
0.245180
0.246472
0.246465
0.247837
0.247955
0.246970
0.246781
0.245691
0.245448
0.247183
0.248027
0.248453
0.245747
0.245296
0.246934
0.248427
0.249101
0.249646
0.248163
0.247179
0.246865
0.245178
0.244177
0.244718
0.245340
0.246203
0.244589
0.247654
0.246026
0.247454
0.246858
0.248261
0.245978
0.245792
0.243492
0.245975
0.247286
0.247352
0.247092
0.250423
0.246510
0.247092
0.244937
0.245975
0.244978
0.247080
0.244162
0.242984
0.244346
0.244992
0.246306
0.246507
0.249336
0.245863
0.245107
0.249178
0.246193
0.248471
0.248798
0.244112
0.248818
0.247378
0.247879
0.245604
0.247728
0.248060
0.246993
0.246898
0.245580
0.246601
0.245094
0.246919
0.247089
0.244560
0.242854
0.246601
0.248871
0.248248
0.245901
0.243638
0.247339
0.243671
0.243603
0.245058
0.244303
0.247621
0.245185
0.247716
0.246961
0.245492
0.248120
0.244907
0.246610
0.247748
0.246034
0.246631
0.246736
0.245574
0.246853
0.249503
0.247950
0.247400
0.246983
0.246238
0.246428
0.246413
0.245151
0.243462
0.246345
0.244495
0.244546
0.245461
0.246991
0.245852
0.247780
0.244876
0.247171
0.245211
0.245143
0.244071
0.244373
0.245672
0.243899
0.247652
0.247755
0.246172
0.247429
0.245855
0.245488
0.245809
0.246385
0.248222
0.247662
0.246122
0.245936
0.248765
0.247084
0.245897
0.246324
0.246687
0.242994
0.247838
0.247168
0.247164
0.244291
0.245231
0.244414
0.246824
0.247334
0.244854
0.248218
0.245899
0.246661
0.244684
0.243361
0.245030
0.246539
0.246985
0.245269
0.246914
0.248046
0.246932
0.248402
0.244616
0.246733
0.248693
0.244300
0.246351
0.246749
0.247152
0.246726
0.244369
0.247134
0.245854
0.245478
0.247157
0.251021
0.247386
0.247216
0.245485
0.246165
0.247056
0.247733
0.246108
0.248864
0.246237
0.244990
0.243820
0.244468
0.247298
0.245031
0.245245
0.245039
0.246002
0.245546
0.248872
0.246104
0.246658
0.245665
0.246680
0.245319
0.246178
0.250110
0.246483
0.248808
0.247279
0.245898
0.249145
0.244944
0.246886
0.247180
0.247726
0.249174
0.248113
0.247175
0.246741
0.243410
0.247720
0.247279
0.246269
0.244228
0.246975
0.246923
0.247730
0.246157
0.244653
0.247039
0.247962
0.246632
0.242583
0.244365
0.246828
0.244458
0.247452
0.246766
0.246836
0.246069
0.246263
0.244765
0.246195
0.246784
0.244193
0.243337
0.246188
0.247989
0.245487
0.248535
0.245577
0.245521
0.247337
0.244803
0.247535
0.245268
0.246211
0.246145
0.248202
0.243560
0.244968
0.245783
0.245852
0.245665
0.247951
0.246213
0.243965
0.245932
0.244384
0.245576
0.247428
0.245816
0.248070
0.248692
0.246404
0.242932
0.244248
0.244004
0.247611
0.247329
0.247687
0.244261
0.250005
0.248243
0.244888
0.245260
0.246587
0.246803
0.245735
0.246909
0.244579
0.246365
0.246742
0.245368
0.245434
0.246494
0.246025
0.243912
0.245838
0.246059
0.249834
0.245280
0.250768
0.246648
0.243887
0.245075
0.245776
0.244379
0.245786
0.246925
0.245690
0.245164
0.246174
0.248300
0.244649
0.244242
0.244512
0.243496
0.244882
0.247298
0.245316
0.245303
0.244739
0.245331
0.244685
0.246717
0.245266
0.244404
0.245330
0.245579
0.245357
0.249143
0.247701
0.247083
0.246584
0.249518
0.245063
0.246609
0.247300
0.246307
0.249636
0.248961
0.248350
0.248490
0.246867
0.244767
0.245676
0.246455
0.247266
0.245830
0.245289
0.245800
0.244624
0.248830
0.247293
0.244594
0.245586
0.248111
0.246005
0.248344
0.243300
0.247704
0.245502
0.247538
0.248622
0.248722
0.247941
0.243765
0.244160
0.246184
0.244280
0.247818
0.248907
0.245120
0.249075
0.248757
0.248883
0.247217
0.250454
0.246698
0.245909
0.249038
0.246000
0.244699
0.245219
0.246361
0.241495
0.245867
0.244286
0.247415
0.245555
0.246256
0.246522
0.246285
0.244873
0.244124
0.243467
0.245656
0.246669
0.246863
0.244157
0.244248
0.246452
0.246375
0.248531
0.244671
0.246107
0.242452
0.247439
0.246936
0.244249
0.246202
0.247647
0.248070
0.245758
0.245502
0.243827
0.245012
0.244004
0.247479
0.244948
0.245014
0.244968
0.245437
0.243997
0.246164
0.249157
0.246911
0.247366
0.249403
0.246913
0.246718
0.245690
0.246432
0.246562
0.244547
0.245415
0.246517
0.245701
0.243192
0.246152
0.245288
0.243665
0.246324
0.246960
0.245477
0.247164
0.245969
0.243610
0.247892
0.245534
0.242918
0.246707
0.243210
0.248084
0.245427
0.244519
0.246769
0.248220
0.246553
0.246692
0.246578
0.249111
0.245289
0.246557
0.249920
0.247103
0.247017
0.245537
0.245294
0.249674
0.247271
0.247586
0.244640
0.246738
0.246404
0.245513
0.244609
0.246323
0.247562
0.245133
0.246563
0.243256
0.245902
0.246793
0.245243
0.246029
0.247071
0.244749
0.244672
0.244742
0.244606
0.246415
0.246812
0.245074
0.244498
0.247809
0.245112
0.247222
0.246077
0.248517
0.250482
0.248805
0.249925
0.243180
0.246370
0.246373
0.246666
0.245411
0.247083
0.247478
0.246063
0.246958
0.247372
0.248926
0.249719
0.245372
0.244504
0.247825
0.248881
0.248854
0.249412
0.248330
0.243908
0.247191
0.247820
0.246790
0.244399
0.247973
0.246820
0.244510
0.244470
0.245197
0.244487
0.243110
0.248001
0.245657
0.246420
0.247282
0.247949
0.245980
0.245744
0.245682
0.246143
0.246341
0.247917
0.246651
0.245681
0.245627
0.245968
0.246631
0.245908
0.246281
0.245443
0.247034
0.247564
0.241588
0.244939
0.248271
0.248035
0.246713
0.247254
0.247168
0.248924
0.246227
0.245997
0.244457
0.247009
0.246307
0.245344
0.243557
0.244440
0.247938
0.246694
0.245834
0.245590
0.248817
0.245934
0.246239
0.245592
0.246655
0.245595
0.244077
0.245813
0.247492
0.244397
0.247610
0.248563
0.244482
0.244875
0.243956
0.246406
0.246788
0.247134
0.248335
0.245137
0.245608
0.244032
0.247384
0.245181
0.247475
0.245023
0.247012
0.247873
0.246832
0.245538
0.246506
0.245297
0.247533
0.246676
0.246678
0.245937
0.246312
0.246809
0.248201
0.245620
0.245463
0.243942
0.244512
0.242768
0.246192
0.247415
0.245474
0.247834
0.249370
0.246930
0.245580
0.244300
0.246095
0.248592
0.246386
0.243315
0.244584
0.243209
0.247387
0.244616
0.246515
0.246855
0.246618
0.247924
0.248219
0.246537
0.245983
0.245618
0.246053
0.247301
0.247355
0.244525
0.246736
0.249164
0.246802
0.245878
0.244040
0.243080
0.244568
0.244842
0.247710
0.246737
0.246806
0.245626
0.245506
0.247508
0.245525
0.244793
0.243697
0.244072
0.248070
0.247954
0.247862
0.245928
0.244053
0.249291
0.247909
0.248500
0.248960
0.246856
0.245237
0.246944
0.246743
0.248010
0.246990
0.246223
0.246834
0.245531
0.244701
0.245259
0.245495
0.243241
0.244474
0.245030
0.244696
0.247016
0.243559
0.242906
0.246740
0.245298
0.243438
0.246305
0.246173
0.246167
0.247806
0.245829
0.243618
0.245313
0.244679
0.245284
0.246074
0.244730
0.246755
0.247467
0.246769
0.245817
0.243935
0.245281
0.245149
0.243998
0.248632
0.245073
0.245636
0.245484
0.243853
0.244953
0.246069
0.249462
0.248796
0.247270
0.246889
0.247736
0.244577
0.245373
0.245246
0.246470
0.245765
0.246254
0.244936
0.244928
0.245471
0.247171
0.246848
0.245596
0.247067
0.243729
0.246033
0.243470
0.244397
0.247756
0.246022
0.246943
0.247741
0.246298
0.244513
0.246321
0.246846
0.246496
0.247509
0.248253
0.247017
0.246981
0.245494
0.245646
0.244523
0.243848
0.243822
0.243187
0.245804
0.246958
0.245249
0.246450
0.244548
0.246121
0.245453
0.243353
0.245982
0.245681
0.245835
0.248843
0.246112
0.246067
0.245055
0.242782
0.248591
0.246132
0.245327
0.244673
0.245442
0.247461
0.246055
0.245442
0.244102
0.245559
0.245096
0.244296
0.244829
0.244828
0.246711
0.244718
0.248147
0.243581

binsize 4
0.247175
0.245490
0.247038
0.248025
0.245999
0.247258
0.246008
0.247430
0.245469
0.247284
0.246694
0.244290
0.244940
0.245076
0.247542
0.246909
0.248819
0.243692
0.247542
0.245736
0.246449
0.246443
0.245275
0.244644
0.245949
0.246630
0.247065
0.246700
0.247022
0.245282
0.243797
0.245747
0.246905
0.249965
0.247304
0.243909
0.244595
0.243676
0.244866
0.246723
0.247883
0.248230
0.246223
0.246001
0.246818
0.247748
0.247208
0.246348
0.246040
0.247912
0.247365
0.247377
0.246013
0.247200
0.245057
0.246248
0.246109
0.246931
0.247090
0.246073
0.247329
0.246246
0.246034
0.247629
0.246438
0.246702
0.245030
0.247162
0.246151
0.245767
0.246704
0.245606
0.245577
0.246482
0.247245
0.244839
0.245959
0.245530
0.246969
0.248204
0.245739
0.246034
0.245848
0.247150
0.245781
0.244940
0.246985
0.249039
0.246984
0.245407
0.246653
0.245705
0.246208
0.246621
0.246184
0.245281
0.246368
0.246762
0.245788
0.246659
0.247466
0.248342
0.246615
0.249353
0.246526
0.245362
0.245548
0.247068
0.245310
0.245227
0.245611
0.248211
0.244566
0.246620
0.246880
0.247959
0.246092
0.246466
0.246596
0.246781
0.244554
0.245908
0.244642
0.244210
0.245883
0.245208
0.245209
0.249045
0.246916
0.247746
0.245585
0.245765
0.245253
0.246216
0.243597
0.246186
0.246945
0.246407
0.246151
0.244921
0.246333
0.247470
0.246841
0.245683
0.246413
0.245922
0.247457
0.247385
0.246594
0.245015
0.242447
0.245344
0.246772
0.247615
0.246073
0.246533
0.245266
0.246117
0.246331
0.247725
0.246500
0.245174
0.244905
0.249422
0.245112
0.244923
0.246855
0.248276
0.246776
0.245079
0.246327
0.245943
0.246262
0.244478
0.246615
0.243558
0.246560
0.245770
0.247290
0.246127
0.245400
0.244840
0.247057
0.246670
0.246966
0.246779
0.246998
0.246583
0.244575
0.247214
0.244336
0.246618
0.245101
0.246771
0.246711
0.246605
0.247698
0.245101
0.242782
0.246359
0.245200
0.246569
0.244513
0.247749
0.245698
0.246075
0.246877
0.247860
0.247400
0.246052
0.244388
0.245262
0.246902
0.247546
0.247079
0.246219
0.244800
0.245178
0.245498
0.248437
0.248881
0.246555
0.246481
0.244274
0.247388
0.247136
0.247379
0.244617
0.244947
0.245689
0.246954
0.247039
0.246492
0.245856
0.245975
0.246319
0.247203
0.244686
0.246061
0.246851
0.245617
0.245914
0.248178
0.246306
0.247434
0.245643
0.246548
0.245090
0.244821
0.244728
0.246603
0.249005
0.246564
0.248041
0.244130
0.247081
0.244738
0.245489
0.245408
0.245052
0.245633
0.246442
0.246628
0.247560
0.246142
0.244720
0.246201
0.246866
0.246474
0.246253
0.244114
0.244852
0.247959
0.248766
0.246250
0.245628
0.247068
0.246972
0.246275
0.245544
0.246463
0.246260
0.245248
0.246569
0.244753
0.246099
0.244971
0.245503
0.247693
0.245139
0.244712
0.245182
0.246431
0.246574
0.247891
0.247195
0.244452
0.245309
0.246932
0.246708
0.248911
0.246105
0.248113
0.245061
0.244081
0.246444
0.246187
0.246393
0.247442
0.245399
0.246294
0.246574
0.248562
0.247079
0.247375
0.246860
0.245993
0.247462
0.245324
0.245365
0.244901
0.246197
0.245682
0.246507
0.245106
0.247089
0.244977
0.244716
0.243815
0.246751
0.246988
0.245520
0.247074
0.246657
0.245977
0.244854
0.246414
0.243855
0.246987
0.246629
0.244489
0.244993
0.246169
0.247836
0.245134
0.245267
0.247132
0.246058
0.245179
0.247018
0.245841
0.245834
0.248036
0.246095
0.246125
0.243920
0.246633
0.244895
0.244422
0.245447
0.247444
0.248325
0.244381
0.246079
0.246512
0.246678
0.247317
0.248184
0.247884
0.246543
0.246141
0.245194
0.246589
0.244939
0.245774
0.245792
0.246423
0.245584
0.246741
0.245493
0.246724
0.246379
0.245775
0.246184
0.245277
0.246321
0.247445
0.246719
0.247109
0.247322
0.246363
0.247825
0.247933
0.247013
0.245165
0.248866
0.247924
0.246117
0.247758
0.246533
0.244126
0.245190
0.247597
0.246683
0.247215
0.246796
0.246262
0.245202
0.246681
0.247955
0.246912
0.247208
0.246491
0.244424
0.247120
0.246098
0.246591
0.246770
0.245914
0.245581
0.247048
0.246343
0.245249
0.247831
0.246468
0.245974
0.245594
0.246433
0.246470
0.244352
0.246653
0.247635
0.247380
0.246620
0.245439
0.246708
0.243921
0.247289
0.246127
0.246875
0.248184
0.244964
0.246631
0.246048
0.245725
0.246777
0.247172
0.246302
0.246537
0.247159
0.246482
0.246486
0.245327
0.246917
0.245744
0.246665
0.245435
0.244955
0.245175
0.246168
0.247419
0.245950
0.245749
0.245949
0.246017
0.245956
0.247581
0.245805
0.246950
0.246278
0.247743
0.246930
0.249542
0.247619
0.245232
0.245939
0.245016
0.245347
0.245729
0.246623
0.247190
0.244787
0.245942
0.245319
0.246421
0.246688
0.244832
0.246769
0.249292
0.247501
0.246144
0.246913
0.246079
0.245647
0.247343
0.247261
0.247928
0.245514
0.245097
0.246963
0.246145
0.248391
0.246215
0.247631
0.245663
0.248039
0.245989
0.246435
0.243994
0.245010
0.246446
0.247132
0.247405
0.246790
0.245380
0.245328
0.246789
0.245832
0.246411
0.245448
0.246459
0.247306
0.245835
0.246341
0.246891
0.246503
0.248030
0.247410
0.246789
0.246546
0.246117
0.246865
0.247831
0.245218
0.245660
0.244857
0.244755
0.246511
0.246416
0.247044
0.245492
0.246964
0.245444
0.246524
0.244576
0.245438
0.246048
0.245604
0.247309
0.247537
0.246451
0.244607
0.246594
0.245716
0.242839
0.245230
0.245465
0.247381
0.249067
0.246045
0.245120
0.246373
0.246866
0.248098
0.246597
0.247553
0.247939
0.246442
0.245930
0.245583
0.245575
0.246074
0.246618
0.246607
0.247547
0.246216
0.244963
0.246050
0.245328
0.245669
0.245940
0.243799
0.245356
0.244998
0.245147
0.246185
0.249253
0.246851
0.244730
0.245533
0.244468
0.246070
0.246254
0.244663
0.244391
0.245795
0.245487
0.244362
0.246489
0.247529
0.247055
0.246061
0.245071
0.246803
0.246747
0.247105
0.246500
0.246297
0.245655
0.248078
0.247538
0.245177
0.246637
0.245016
0.247758
0.246134
0.247219
0.246748
0.247277
0.245162
0.246938
0.246680
0.246914
0.245325
0.246605
0.246002
0.245959
0.245893
0.247583
0.245169
0.245815
0.247043
0.245824
0.246300
0.246548
0.247595
0.244714
0.245405
0.245473
0.246105
0.245421
0.244362
0.245482
0.244949
0.248398
0.244593
0.245101
0.247512
0.246140
0.246301
0.246183
0.245901
0.246227
0.247418
0.247849
0.247678
0.246343
0.245560
0.247193
0.247924
0.245488
0.245582
0.247619
0.246632
0.246433
0.244787
0.246500
0.247080
0.246100
0.245637
0.245507
0.243192
0.247554
0.246963
0.244896
0.246122
0.245599
0.245596
0.248512
0.248160
0.245914
0.242264
0.247195
0.247540
0.247160
0.244443
0.246123
0.247926
0.246901
0.245380
0.247578
0.244789
0.245454
0.246254
0.244388
0.246411
0.247416
0.246593
0.247127
0.246632
0.245850
0.245032
0.247691
0.246306
0.248494
0.244775
0.246471
0.243631
0.246828
0.246998
0.246792
0.246608
0.247022
0.245534
0.247027
0.247354
0.244208
0.246651
0.245941
0.245353
0.246750
0.247550
0.246034
0.246208
0.246226
0.246256
0.248782
0.243706
0.247632
0.246262
0.245858
0.245742
0.245168
0.243823
0.246569
0.246847
0.244976
0.246669
0.246843
0.246857
0.246588
0.244154
0.247889
0.246689
0.246218
0.246967
0.247816
0.247610
0.245470
0.248231
0.246959
0.247481
0.245294
0.244780
0.247783
0.247229
0.245081
0.246088
0.245464
0.245902
0.247031
0.245822
0.247327
0.246478
0.246585
0.246532
0.245687
0.246917
0.246659
0.248677
0.247989
0.246209
0.245841
0.247613
0.247591
0.246088
0.245717
0.246817
0.247223
0.245788
0.246288
0.245923
0.245388
0.246959
0.245792
0.245433
0.248148
0.246396
0.245764
0.243872
0.246105
0.246084
0.245737
0.246687
0.246633
0.246346
0.247531
0.246934
0.246960
0.245594
0.246159
0.246510
0.246641
0.248642
0.247712
0.249178
0.247003
0.245636
0.244109
0.245069
0.245557
0.244979
0.245246
0.245323
0.245553
0.244774
0.245227
0.245547
0.245885
0.247704
0.245565
0.246464
0.246279
0.246622
0.248337
0.244606
0.248491
0.246548
0.246733
0.245367
0.246874
0.247198
0.247899
0.245643
0.246559
0.248457
0.245165
0.248552
0.248393
0.247482
0.248569
0.246798
0.245293
0.247182
0.245922
0.246810
0.244103
0.247070
0.246984
0.245209
0.245950
0.246083
0.245278
0.245857
0.249260
0.245338
0.246118
0.248415
0.246810
0.246302
0.245647
0.246386
0.246477
0.248759
0.245476
0.243804
0.245133
0.248325
0.248465
0.244950
0.243455
0.246225
0.244889
0.247714
0.247795
0.246731
0.247344
0.245575
0.247217
0.244267
0.245050
0.248785
0.246381
0.244664
0.246865
0.247476
0.247404
0.244474
0.244590
0.246683
0.247365
0.247093
0.245413
0.246139
0.245961
0.247264
0.247227
0.244242
0.243971
0.247175
0.245871
0.245990
0.245266
0.245583
0.244552
0.246976
0.246442
0.246529
0.245698
0.247148
0.247263
0.247602
0.248295
0.246997
0.246098
0.244032
0.248736
0.247606
0.247256
0.246390
0.250102
0.247176
0.245870
0.245608
0.243975
0.246715
0.245351
0.246138
0.245683
0.247908
0.246215
0.248043
0.245089
0.243915
0.245080
0.244509
0.248817
0.245394
0.246362
0.247329
0.244967
0.245914
0.248744
0.247971
0.244091
0.245361
0.246766
0.246600
0.248189
0.247283
0.243418
0.245082
0.245644
0.246178
0.245355
0.245401
0.245447
0.247094
0.246801
0.244320
0.246796
0.245942
0.244689
0.245016
0.245304
0.245651
0.247291
0.246360
0.245660
0.245511
0.248611
0.245029
0.245862
0.246084
0.246019
0.245352
0.246026
0.244568
0.245560
0.246093
0.244261
0.246407
0.249022
0.247015
0.246652
0.246491
0.246135
0.245944
0.246627
0.245332
0.244830
0.247852
0.245795
0.247549
0.244738
0.245241
0.245988
0.245618
0.245787
0.246574
0.244894
0.244845
0.246653
0.247531
0.246482
0.246592
0.246281
0.247659
0.247614
0.246137
0.245661
0.246205
0.246179
0.247829
0.246533
0.244503
0.244387
0.246698
0.247397
0.246697
0.246454
0.247016
0.244062
0.244762
0.246613
0.246616
0.245996
0.246055
0.246063
0.246062
0.249349
0.247326
0.247473
0.245227
0.245173
0.245400
0.245499
0.246862
0.246632
0.247233
0.246267
0.247221
0.245392
0.246364
0.245365
0.246757
0.246600
0.244741
0.245403
0.246126
0.248184
0.246779
0.246110
0.245466
0.245633
0.247120
0.246097
0.247664
0.245587
0.245885
0.246488
0.243609
0.246429
0.244754
0.246815
0.243375
0.245652
0.246058
0.247369
0.246965
0.246039
0.244596
0.245305
0.245805
0.245986
0.246706
0.247371
0.245971
0.244550
0.245809
0.247574
0.246100
0.246892
0.249611
0.246625
0.246287
0.246047
0.246913
0.247062
0.249072
0.246977
0.247395
0.246039
0.247423
0.245075
0.246346
0.246081
0.245005
0.246263
0.245579
0.246404
0.244037
0.246289
0.245790
0.245126
0.244612
0.244349
0.246544
0.246391
0.246901
0.245519
0.245371
0.247424
0.245852
0.245099
0.244245
0.247010
0.246802
0.245201
0.246380
0.245285
0.244808
0.248614
0.244298
0.245615
0.247461
0.248234
0.247023
0.245414
0.245845
0.247604
0.247045
0.246987
0.244478
0.247138
0.247121
0.246035
0.247891
0.246929
0.247150
0.245420
0.246338
0.246729
0.247281
0.244712
0.245802
0.246398
0.244397
0.246603
0.247228
0.246355
0.246247
0.248592
0.244721
0.246829
0.246729
0.246369
0.246033
0.245895
0.246765
0.246523
0.246643
0.245832
0.245496
0.247116
0.246819
0.246825
0.245903
0.248372
0.245030
0.245648
0.244075
0.246762
0.245157
0.246117
0.244813
0.248100
0.245079
0.246885
0.247610
0.246968
0.245380
0.245378
0.245479
0.247714
0.245943
0.247008
0.246104
0.246131
0.245801
0.245074
0.244555
0.245181
0.246878
0.244776
0.245421
0.248011
0.246413
0.245937
0.247018
0.246929
0.246670
0.245813
0.245577
0.245785
0.245783
0.246695
0.248573
0.246975
0.246725
0.246356
0.246278
0.245910
0.245733
0.248757
0.245358
0.246590
0.244268
0.247994
0.246216
0.246775
0.244966
0.245014
0.246262
0.246576
0.245809
0.246713
0.246516
0.244267
0.245358
0.244779
0.247543
0.246915
0.246758
0.245466
0.247373
0.247044
0.244763
0.246850
0.245906
0.247233
0.244489
0.248154
0.245767
0.248909
0.246834
0.245155
0.245056
0.244674
0.244066
0.245172
0.246162
0.245589
0.246457
0.247457
0.246446
0.246405
0.246182
0.245164
0.245322
0.244157
0.247426
0.246867
0.246361
0.246681
0.247179
0.245135
0.246416
0.245665
0.245993
0.244024
0.245574
0.245212
0.247063
0.246384
0.245925
0.246605
0.246812
0.246800
0.244649
0.245538
0.244803
0.246489
0.244033
0.245467
0.247222
0.246518
0.248022
0.245807
0.245552
0.248002
0.245498
0.245355
0.246325
0.247211
0.246074
0.245654
0.246823
0.246283
0.246076
0.244863
0.247626
0.248398
0.248143
0.244580
0.244745
0.245241
0.246455
0.245566
0.246214
0.246097
0.245869
0.244582
0.247037
0.246198
0.248005
0.245086
0.243733
0.249023
0.246417
0.247076
0.247161
0.245839
0.245831
0.246284
0.246889
0.247669
0.246039
0.247535
0.248057
0.245972
0.244975
0.244391
0.242573
0.244939
0.246475
0.246705
0.246836
0.244443
0.246905
0.246499
0.246726
0.244780
0.247823
0.247163
0.247506
0.246087
0.246046
0.246926
0.246068
0.247083
0.244196
0.247499
0.247897
0.245617
0.246852
0.247250
0.246587
0.247664
0.244006
0.245297
0.243729
0.246551
0.247813
0.246078
0.244694
0.246484
0.245786
0.245812
0.247992
0.245632
0.245779
0.246768
0.246922
0.247693
0.246729
0.247145
0.245320
0.246269
0.247220
0.246546
0.248833
0.245855
0.246339
0.246572
0.245926
0.246999
0.245620
0.247352
0.245253
0.246576
0.247491
0.244471
0.245924
0.246455
0.248068
0.246088
0.244964
0.248442
0.246460
0.246716
0.245743
0.244617
0.246467
0.247271
0.246491
0.246014
0.245236
0.242663
0.244773
0.246616
0.246074
0.246868
0.247702
0.247204
0.247843
0.246272
0.247811
0.246823
0.245287
0.244100
0.245982
0.247392
0.244961
0.245177
0.245060
0.244974
0.245721
0.246070
0.246867
0.248062
0.246589
0.243225
0.245667
0.248689
0.246360
0.245793
0.246625
0.244464
0.245553
0.245817
0.246355
0.246392
0.245153
0.245805
0.245672
0.245944
0.245312
0.248638
0.245585
0.245144
0.248021
0.244628
0.245980
0.246648
0.247659
0.243952
0.247466
0.246705
0.244719
0.247615
0.245668
0.246684
0.245187
0.246916
0.247625
0.246873
0.246072
0.244898
0.246955
0.248360
0.246035
0.246439
0.245871
0.247550
0.245542
0.245788
0.245905
0.247010
0.249185
0.247924
0.246828
0.246302
0.246917
0.245706
0.247476
0.245636
0.247902
0.246237
0.243109
0.246483
0.245121
0.248692
0.246772
0.246904
0.246194
0.246517
0.246589
0.247157
0.245144
0.247935
0.245431
0.246979
0.246014
0.246751
0.246672
0.245495
0.246084
0.244666
0.246380
0.247365
0.243954
0.247076
0.245601
0.244986
0.244373
0.243940
0.245280
0.248128
0.247879
0.245339
0.244912
0.247071
0.247950
0.247337
0.246490
0.244964
0.246418
0.248813
0.246567
0.246460
0.245870
0.245265
0.248060
0.246998
0.246792
0.245419
0.246774
0.247030
0.246215
0.247253
0.246537
0.246370
0.246184
0.245689
0.245905
0.245897
0.244813
0.246707
0.246604
0.249860
0.247191
0.247143
0.246934
0.247124
0.246106
0.245643
0.246226
0.244468
0.247828
0.247036
0.244978
0.246119
0.247404
0.245404
0.247080
0.247628
0.245564
0.246151
0.244913
0.246595
0.245273
0.245388
0.246156
0.245270
0.246450
0.245176
0.247534
0.246253
0.248278
0.246379
0.248217
0.247148
0.246652
0.245545
0.245503
0.246875
0.248454
0.245546
0.245614
0.244850
0.245413
0.244654
0.246516
0.247688
0.247217
0.247905
0.247486
0.246509
0.246333
0.246568
0.246231
0.243488
0.245767
0.246467
0.246053
0.246728
0.248133
0.243618
0.243698
0.245730
0.245874
0.243892
0.246628
0.245238
0.248807
0.246597
0.244611
0.248208
0.246674
0.247673
0.247444
0.243517
0.246564
0.248031
0.247721
0.246230
0.244768
0.246772
0.244740
0.245989
0.245764
0.246960
0.247442
0.247060
0.243985
0.246798
0.247705
0.246856
0.247256
0.246295
0.246335
0.246548
0.246941
0.246900
0.245609
0.246766
0.248903
0.246587
0.245334
0.245052
0.246469
0.247896
0.246876
0.245569
0.247605
0.247100
0.246115
0.248764
0.248905
0.247022
0.244677
0.245029
0.245396
0.246840
0.247156
0.247119
0.244642
0.246630
0.247222
0.248467
0.246015
0.245476
0.245621
0.243665
0.245649
0.247922
0.245485
0.247686
0.248634
0.246465
0.247628
0.246666
0.247527
0.246239
0.245848
0.247004
0.243707
0.247736
0.247074
0.245489
0.243637
0.244680
0.246403
0.247339
0.246806
0.245759
0.246891
0.246683
0.246213
0.248726
0.247191
0.246333
0.245782
0.244903
0.244520
0.246226
0.246816
0.246024
0.245177
0.244222
0.244785
0.247703
0.246801
0.245671
0.246097
0.247942
0.246029
0.247925
0.246111
0.244841
0.247503
0.245728
0.244822
0.247079
0.246536
0.246280
0.244022
0.245784
0.246127
0.247480
0.247667
0.245675
0.246497
0.246550
0.246939
0.245752
0.245666
0.249089
0.247301
0.245825
0.247395
0.247486
0.245614
0.244144
0.246165
0.245142
0.245774
0.247488
0.246161
0.245999
0.248144
0.247646
0.246589
0.247045
0.247033
0.248450
0.247644
0.245076
0.247499
0.245248
0.246949
0.246944
0.245846
0.247297
0.243474
0.245643
0.247109
0.246452
0.245514
0.246490
0.243765
0.247089
0.247011
0.245549
0.246070
0.246402
0.246178
0.245881
0.245375
0.245759
0.247082
0.244948
0.244980
0.246622
0.248381
0.244668
0.244126
0.247470
0.245974
0.249124
0.245074
0.246695
0.246322
0.245472
0.246055
0.245964
0.244968
0.245949
0.247557
0.248708
0.244481
0.245077
0.246356
0.245427
0.247237
0.244446
0.244004
0.246090
0.245310
0.245035
0.245701
0.244835
0.245454
0.247250
0.247392
0.248051
0.245836
0.246804
0.249298
0.248420
0.245817
0.246065
0.246548
0.245544
0.246727
0.245943
0.246848
0.247174
0.245502
0.246520
0.248672
0.245853
0.245172
0.246049
0.247014
0.248916
0.248050
0.248576
0.247473
0.245350
0.245790
0.243681
0.245851
0.245906
0.246403
0.244499
0.244562
0.246766
0.244203
0.246413
0.246601
0.244280
0.247188
0.245226
0.247859
0.245630
0.244419
0.245741
0.244981
0.245203
0.245081
0.248034
0.248385
0.246816
0.246061
0.245555
0.245966
0.244446
0.245720
0.244995
0.246218
0.246567
0.245751
0.244226
0.244958
0.246755
0.245644
0.247387
0.246635
0.247200
0.248239
0.247060
0.245416
0.248473
0.246113
0.246571
0.245061
0.246943
0.245848
0.244579
0.246018
0.246550
0.244710
0.244674
0.246614
0.244786
0.246460
0.246650
0.249500
0.249365
0.244775
0.246520
0.246247
0.246771
0.247165
0.249323
0.244938
0.248353
0.249133
0.246119
0.247505
0.245594
0.247397
0.244490
0.244842
0.245555
0.246038
0.247615
0.245862
0.245912
0.247129
0.246166
0.245797
0.246270
0.245862
0.247299
0.243263
0.248153
0.246983
0.248046
0.246112
0.245733
0.245825
0.243998
0.247316
0.245712
0.247375
0.245916
0.246125
0.244945
0.245944
0.248087
0.244678
0.245181
0.246961
0.246736
0.244820
0.246282
0.246249
0.247443
0.246185
0.245902
0.247104
0.246307
0.246561
0.246911
0.244702
0.243640
0.246804
0.246654
0.248150
0.244940
0.247344
0.244850
0.243897
0.246002
0.246685
0.247271
0.247378
0.245801
0.246677
0.245940
0.247950
0.246340
0.243560
0.244705
0.247223
0.246216
0.246507
0.245159
0.243885
0.248012
0.246895
0.246672
0.248205
0.247908
0.246090
0.247377
0.246606
0.246182
0.244980
0.244368
0.244752
0.245856
0.243233
0.246019
0.244872
0.246170
0.246817
0.244466
0.244981
0.245402
0.247111
0.246293
0.244608
0.244574
0.246852
0.245560
0.244403
0.247765
0.248033
0.247313
0.244975
0.245858
0.246010
0.244932
0.246321
0.246222
0.245398
0.244751
0.246076
0.246482
0.247019
0.245417
0.246671
0.247881
0.246999
0.245570
0.244185
0.243505
0.246381
0.245850
0.245334
0.244403
0.245832
0.247339
0.246090
0.243918
0.247361
0.245000
0.246451
0.245749
0.244831
0.244696
0.244829
0.245715
0.245864

binsize 8
0.246332
0.247531
0.246628
0.246719
0.246377
0.245492
0.245008
0.247226
0.246255
0.246639
0.246446
0.244960
0.246289
0.246882
0.246152
0.244772
0.248435
0.245606
0.244136
0.245795
0.248057
0.246112
0.247283
0.246778
0.246976
0.247371
0.246606
0.245652
0.246520
0.246582
0.246787
0.246832
0.246570
0.246096
0.245959
0.246155
0.246030
0.246042
0.245744
0.247586
0.245887
0.246499
0.245360
0.248012
0.246196
0.246179
0.246414
0.245732
0.246565
0.246224
0.247904
0.247984
0.245944
0.246308
0.245268
0.246911
0.245593
0.247420
0.246279
0.246689
0.245231
0.244426
0.245545
0.247127
0.247331
0.245675
0.245735
0.244891
0.246676
0.245536
0.246901
0.246262
0.246168
0.247421
0.245805
0.243895
0.247194
0.246303
0.245691
0.247028
0.245837
0.247163
0.245017
0.247565
0.245927
0.246135
0.245370
0.245086
0.246165
0.246708
0.245120
0.246863
0.246873
0.246791
0.245895
0.245477
0.245936
0.246658
0.246399
0.244571
0.245885
0.246131
0.245887
0.247369
0.246726
0.244825
0.247224
0.246649
0.244989
0.246968
0.247718
0.245377
0.247262
0.245998
0.245318
0.246997
0.246174
0.246147
0.245945
0.246456
0.245765
0.247242
0.246539
0.245819
0.244774
0.247804
0.247302
0.245606
0.245114
0.245230
0.246037
0.247094
0.245431
0.246534
0.246364
0.244483
0.248362
0.245939
0.247020
0.245909
0.246361
0.245908
0.245426
0.245237
0.246416
0.244947
0.246502
0.247543
0.244881
0.246820
0.247508
0.246587
0.245263
0.246290
0.246421
0.246434
0.247820
0.247118
0.246728
0.245344
0.245549
0.246095
0.246097
0.244846
0.245283
0.246254
0.246865
0.245415
0.245135
0.246808
0.244741
0.247002
0.245201
0.246595
0.246099
0.245837
0.247065
0.245023
0.245764
0.244935
0.247885
0.245230
0.246595
0.247751
0.247213
0.245667
0.245764
0.245783
0.246003
0.246117
0.246552
0.245980
0.245799
0.247082
0.247216
0.247094
0.247473
0.247015
0.247020
0.247146
0.244658
0.247140
0.247005
0.245732
0.247318
0.247060
0.245458
0.246609
0.246681
0.245747
0.246696
0.246540
0.246221
0.246014
0.245411
0.247144
0.247000
0.246074
0.245605
0.246501
0.246574
0.246339
0.246251
0.246737
0.246848
0.246484
0.246122
0.246204
0.245195
0.245671
0.246685
0.245849
0.245986
0.246693
0.246614
0.247337
0.248581
0.245585
0.245181
0.246176
0.245988
0.245630
0.246555
0.245800
0.248396
0.246528
0.245863
0.247302
0.246721
0.246030
0.247268
0.246923
0.246851
0.246212
0.244502
0.246789
0.247097
0.245354
0.246311
0.245929
0.246882
0.246088
0.246697
0.247720
0.246667
0.246491
0.246524
0.245259
0.245633
0.246730
0.246228
0.245984
0.245007
0.245826
0.247423
0.245529
0.246155
0.244034
0.246423
0.247556
0.245746
0.247482
0.247075
0.247190
0.245757
0.245825
0.246612
0.246882
0.245506
0.245498
0.244870
0.245177
0.245666
0.248052
0.245132
0.245269
0.245459
0.245093
0.244924
0.247009
0.246558
0.245937
0.246926
0.246399
0.246866
0.246358
0.245827
0.246946
0.246983
0.246220
0.246809
0.246119
0.246304
0.245926
0.246376
0.246429
0.246062
0.247071
0.245060
0.245789
0.244892
0.245215
0.246495
0.246306
0.246220
0.246042
0.246822
0.247764
0.245951
0.247558
0.245535
0.247125
0.245610
0.246790
0.245869
0.244349
0.247258
0.245509
0.245598
0.248336
0.244089
0.247367
0.245802
0.247024
0.246140
0.246184
0.245854
0.245400
0.247004
0.246879
0.245441
0.246999
0.246635
0.245051
0.246913
0.246700
0.246278
0.247191
0.245430
0.245647
0.247150
0.246121
0.246241
0.246244
0.246947
0.245800
0.244495
0.246708
0.245823
0.246850
0.245371
0.247289
0.246593
0.247713
0.246850
0.247220
0.245037
0.247506
0.245585
0.245683
0.246427
0.246902
0.246558
0.246302
0.247668
0.247099
0.246727
0.246840
0.246267
0.246506
0.246105
0.246174
0.245613
0.247272
0.244818
0.246095
0.246212
0.246489
0.247232
0.246277
0.246334
0.247641
0.248445
0.246320
0.244589
0.245268
0.245284
0.245164
0.245387
0.246794
0.246015
0.246451
0.246471
0.247520
0.246050
0.247036
0.246771
0.247508
0.246859
0.247937
0.247684
0.246238
0.246366
0.245586
0.246096
0.246016
0.245568
0.247299
0.247267
0.246556
0.246017
0.247618
0.244640
0.246729
0.246708
0.244840
0.246302
0.247263
0.246460
0.245742
0.246918
0.245522
0.247171
0.245939
0.245636
0.247229
0.245776
0.246612
0.245734
0.245573
0.245930
0.245425
0.245764
0.246485
0.246423
0.247433
0.247646
0.245065
0.248171
0.246823
0.248639
0.245739
0.245345
0.245744
0.246795
0.247129
0.244502
0.244795
0.247106
0.246846
0.245441
0.248358
0.244726
0.246683
0.247736
0.244250
0.245911
0.245378
0.246270
0.245561
0.246369
0.244852
0.245477
0.246825
0.245586
0.246820
0.245973
0.245685
0.245297
0.245827
0.245334
0.248018
0.246571
0.246039
0.245980
0.246341
0.246672
0.244990
0.245803
0.246180
0.244870
0.247092
0.246537
0.246970
0.246876
0.245933
0.247004
0.245518
0.245543
0.247047
0.246735
0.244412
0.246614
0.246026
0.246062
0.248337
0.246350
0.245286
0.246181
0.246932
0.246744
0.245878
0.246061
0.245671
0.245765
0.247481
0.245788
0.246376
0.246880
0.245736
0.245049
0.245592
0.245095
0.245855
0.247167
0.245317
0.245555
0.246346
0.246671
0.245180
0.246837
0.248252
0.246456
0.246480
0.248067
0.247186
0.246731
0.245711
0.245543
0.245921
0.245221
0.246040
0.244869
0.245446
0.246646
0.245445
0.246638
0.244672
0.246906
0.245791
0.245046
0.246456
0.246538
0.247628
0.245630
0.247325
0.245732
0.247130
0.246963
0.247039
0.245879
0.247005
0.245257
0.245397
0.246916
0.246301
0.246656
0.246779
0.246201
0.246330
0.246583
0.245664
0.246967
0.246364
0.246701
0.244862
0.245960
0.245465
0.246589
0.247248
0.246174
0.245428
0.246828
0.246556
0.245966
0.244814
0.246030
0.245098
0.247212
0.246478
0.246800
0.245695
0.245784
0.247634
0.246850
0.246317
0.245821
0.247058
0.245429
0.247105
0.245870
0.245638
0.246192
0.246615
0.244812
0.246161
0.246836
0.246420
0.245904
0.246378
0.245861
0.246961
0.247871
0.245105
0.244370
0.245667
0.246023
0.246951
0.246293
0.245243
0.245792
0.246614
0.246930
0.245776
0.245829
0.244799
0.246137
0.246154
0.246709
0.245724
0.245171
0.245261
0.246344
0.247270
0.245679
0.246750
0.245840
0.246643
0.246238
0.246180
0.246245
0.248270
0.244663
0.245848
0.245890
0.245983
0.245809
0.247102
0.244409
0.247720
0.247119
0.245835
0.246586
0.246854
0.247796
0.245473
0.243482
0.245707
0.246770
0.245674
0.246612
0.246302
0.247335
0.246067
0.246497
0.245639
0.247698
0.246235
0.246918
0.245835
0.244513
0.247182
0.245386
0.246135
0.246902
0.245705
0.246845
0.247211
0.246232
0.246744
0.247690
0.246097
0.246249
0.246309
0.246303
0.247034
0.245198
0.247262
0.245526
0.247451
0.246230
0.245542
0.246881
0.245625
0.243718
0.246345
0.247285
0.247524
0.247042
0.246055
0.245041
0.246176
0.245119
0.245347
0.246469
0.247326
0.244446
0.247524
0.246209
0.245009
0.246086
0.245773
0.245738
0.245628
0.247111
0.246583
0.245304
0.247153
0.245709
0.245712
0.246642
0.245935
0.247270
0.246472
0.245926
0.247197
0.246155
0.246546
0.245846
0.248098
0.247376
0.246609
0.246591
0.246769
0.244673
0.245802
0.247732
0.246549
0.246553
0.246150
0.246683
0.246496
0.246712
0.245789
0.245523
0.245660
0.246338
0.244680
0.244610
0.248003
0.245126
0.247511
0.246914
0.245691
0.247690
0.246165
0.246663
0.246895
0.246096
0.246622
0.246895
0.246277
0.245797
0.245355
0.246656
0.248526
0.247039
0.246615
0.245935
0.246148
0.246007
0.246762
0.246242
0.246596
0.245532
0.245934
0.245772
0.245860
0.246355
0.247265
0.247298
0.246900
0.245524
0.247664
0.245580
0.245132
0.245585
0.247453
0.247696
0.246421
0.246399
0.244627
0.246260
0.247430
0.243658
0.245802
0.245260
0.247022
0.245604
0.247441
0.247559
0.245040
0.247876
0.245499
0.245756
0.245877
0.247201
0.245523
0.247252
0.247056
0.246315
0.246745
0.246255
0.247834
0.245960
0.245760
0.247386
0.246587
0.246608
0.248834
0.245850
0.245213
0.246998
0.245881
0.246926
0.247241
0.245549
0.244657
0.246703
0.248160
0.247047
0.247096
0.246043
0.245355
0.247405
0.244563
0.245542
0.247072
0.246325
0.246448
0.247959
0.246057
0.244712
0.246521
0.245600
0.244504
0.247252
0.245884
0.246986
0.247018
0.246172
0.245275
0.246808
0.245151
0.245956
0.247573
0.246086
0.246744
0.245709
0.248195
0.246610
0.246550
0.245154
0.245458
0.246825
0.247072
0.247117
0.247039
0.248047
0.246288
0.246099
0.246395
0.245386
0.246376
0.245983
0.245127
0.247050
0.245810
0.246290
0.245628
0.246420
0.244964
0.247501
0.244397
0.246722
0.247099
0.246509
0.245763
0.245466
0.246753
0.246594
0.245717
0.246332
0.244225
0.245700
0.245368
0.245145
0.247321
0.246944
0.248051
0.247119
0.246307
0.246136
0.246396
0.246338
0.247596
0.245513
0.246531
0.248483
0.248025
0.245570
0.244766
0.246155
0.244530
0.245484
0.246507
0.245734
0.246542
0.245025
0.245361
0.245142
0.248209
0.246438
0.245760
0.245083
0.245607
0.246159
0.244592
0.246200
0.247011
0.247719
0.246238
0.247293
0.245816
0.246395
0.245299
0.245630
0.245644
0.245623
0.248075
0.247070
0.246383
0.246968
0.247131
0.248743
0.246812
0.246496
0.244666
0.245797
0.246739
0.246521
0.245982
0.246066
0.245281
0.247568
0.247079
0.245779
0.245657
0.246544
0.246020
0.245445
0.246383
0.246071
0.245778
0.246266
0.246814
0.246503
0.246434
0.245807
0.245222
0.247402
0.246142
0.244373
0.246343
0.247324
0.246239
0.246945
0.244950
0.245964
0.246361
0.244522
0.247454
0.247438
0.246999
0.246992
0.245581
0.244560
0.244545
0.245445
0.246494
0.244723
0.246256
0.245450
0.245713
0.244981
0.247899
0.246144
0.245934
0.245626
0.245810
0.245414
0.246751
0.246044
0.247440
0.244878
0.244943
0.245592
0.245117
0.246714
0.245640
0.245726
0.245290
0.244762
0.245789

binsize 16
0.246932
0.246674
0.245934
0.246117
0.246447
0.245703
0.246586
0.245462
0.247021
0.244965
0.247084
0.247030
0.247174
0.246129
0.246551
0.246810
0.246333
0.246057
0.246036
0.246665
0.246193
0.246686
0.246187
0.246073
0.246394
0.247944
0.246126
0.246090
0.246506
0.246484
0.244829
0.246336
0.246503
0.245313
0.246106
0.246582
0.246794
0.244850
0.246748
0.246360
0.246500
0.246291
0.246031
0.245228
0.246437
0.245991
0.246832
0.245686
0.246297
0.245485
0.246008
0.246628
0.245776
0.246937
0.245978
0.246548
0.246630
0.246157
0.246160
0.246200
0.246504
0.246179
0.246289
0.246454
0.245172
0.246565
0.245982
0.245423
0.247151
0.246465
0.246135
0.245332
0.245682
0.247023
0.245850
0.247047
0.245776
0.246427
0.247469
0.246036
0.245822
0.245472
0.245769
0.246140
0.245972
0.245872
0.245898
0.245968
0.246044
0.245349
0.246558
0.247173
0.246440
0.245774
0.246060
0.246266
0.246440
0.247155
0.247244
0.247083
0.245899
0.246369
0.247189
0.246033
0.246214
0.246618
0.246117
0.246277
0.246537
0.246053
0.246457
0.246494
0.246666
0.246163
0.245433
0.246267
0.246339
0.246975
0.247083
0.245678
0.245809
0.246177
0.247462
0.246583
0.246375
0.247096
0.246531
0.245646
0.246226
0.246120
0.246485
0.247209
0.246579
0.245891
0.246182
0.246106
0.245417
0.246476
0.245095
0.246990
0.246614
0.247133
0.245791
0.246747
0.245502
0.245023
0.246859
0.245200
0.245276
0.245967
0.246248
0.246662
0.246612
0.246386
0.246602
0.246464
0.246115
0.246403
0.246567
0.245424
0.245054
0.246401
0.246131
0.247293
0.246755
0.246330
0.246200
0.245109
0.246384
0.246967
0.245728
0.246413
0.246162
0.245627
0.246942
0.246220
0.245843
0.246807
0.246734
0.245538
0.246636
0.246243
0.246373
0.245602
0.246336
0.246330
0.247153
0.247035
0.246271
0.245634
0.246664
0.246430
0.247383
0.246783
0.246386
0.246139
0.246442
0.245456
0.246351
0.246755
0.246988
0.247382
0.244929
0.245224
0.246091
0.246233
0.246995
0.246543
0.247139
0.247398
0.246961
0.245976
0.246056
0.246433
0.246911
0.246817
0.245684
0.245774
0.246782
0.246101
0.246220
0.246555
0.246433
0.246194
0.245654
0.245678
0.246125
0.246928
0.246356
0.247497
0.247189
0.245545
0.246962
0.244648
0.246976
0.246899
0.245705
0.245993
0.245644
0.245915
0.245611
0.246151
0.246203
0.245829
0.245562
0.246676
0.246305
0.246160
0.245831
0.245992
0.245981
0.246754
0.246405
0.246261
0.246295
0.245574
0.246320
0.247200
0.245818
0.246556
0.246311
0.245866
0.246623
0.246082
0.246308
0.245320
0.245475
0.246242
0.245951
0.245925
0.247544
0.246468
0.247627
0.246221
0.245732
0.245630
0.245158
0.246045
0.245655
0.246348
0.245751
0.247083
0.246477
0.246431
0.247001
0.246442
0.245327
0.246608
0.246718
0.246266
0.246123
0.246666
0.245781
0.245712
0.246918
0.245801
0.246692
0.245390
0.245564
0.246845
0.246247
0.246709
0.246583
0.246439
0.246267
0.245754
0.246404
0.245487
0.246628
0.246141
0.246411
0.246488
0.245018
0.246487
0.245768
0.246203
0.246353
0.245314
0.246146
0.246217
0.245216
0.246807
0.246215
0.246241
0.246209
0.247258
0.245255
0.245937
0.246455
0.246065
0.246477
0.246720
0.246635
0.244595
0.246222
0.246457
0.246701
0.246068
0.246966
0.246377
0.245847
0.245760
0.246304
0.247028
0.246488
0.246893
0.246279
0.246668
0.246230
0.246489
0.245886
0.246253
0.245032
0.247404
0.246548
0.245609
0.245233
0.246897
0.245985
0.245609
0.245929
0.245683
0.246847
0.246229
0.245711
0.246289
0.246871
0.246562
0.246351
0.246972
0.246993
0.246680
0.245237
0.247141
0.246352
0.246590
0.246250
0.245591
0.245509
0.246307
0.246318
0.246302
0.246928
0.246779
0.246359
0.246586
0.245576
0.247591
0.246827
0.246041
0.246384
0.246419
0.245733
0.245816
0.246810
0.247099
0.246594
0.245356
0.246519
0.247058
0.245513
0.246845
0.244730
0.246141
0.246522
0.246299
0.246687
0.245816
0.246362
0.247154
0.246530
0.247044
0.245860
0.246987
0.247721
0.245531
0.246439
0.247083
0.245103
0.247432
0.247072
0.245699
0.245984
0.246307
0.246387
0.247008
0.245616
0.245052
0.246568
0.247002
0.245723
0.245979
0.246765
0.246415
0.246952
0.246580
0.245306
0.246948
0.247078
0.247167
0.246247
0.245881
0.245555
0.246430
0.245959
0.245692
0.245949
0.246910
0.246136
0.246110
0.246156
0.245278
0.245534
0.246233
0.247497
0.246713
0.246266
0.246967
0.246022
0.248254
0.245168
0.245342
0.245996
0.246138
0.245193
0.246675
0.246099
0.245345
0.245376
0.246605
0.246979
0.246554
0.245847
0.245637
0.246849
0.246727
0.247049
0.247778
0.245581
0.246268
0.246251
0.245674
0.247324
0.245718
0.246282
0.245914
0.245924
0.246540
0.246469
0.245514
0.246772
0.245358
0.246781
0.245947
0.246163
0.245988
0.247219
0.246286
0.244552
0.245969
0.245490
0.245582
0.246440
0.246039
0.245718
0.246082
0.246742
0.244910
0.245355
0.246177
0.245508
0.245276

binsize 32
0.246803
0.246025
0.246075
0.246024
0.245993
0.247057
0.246651
0.246680
0.246195
0.246351
0.246440
0.246130
0.247169
0.246108
0.246495
0.245582
0.245908
0.246344
0.245822
0.246554
0.246396
0.245630
0.246214
0.246259
0.245891
0.246318
0.246356
0.246263
0.246394
0.246180
0.246341
0.246372
0.245869
0.245703
0.246808
0.245733
0.246352
0.246449
0.246102
0.246752
0.245647
0.245955
0.245922
0.245933
0.245696
0.246865
0.246107
0.246163
0.246798
0.247164
0.246134
0.246611
0.246416
0.246197
0.246295
0.246475
0.246414
0.245850
0.246657
0.246381
0.245993
0.247022
0.246736
0.246088
0.246173
0.246847
0.246235
0.246144
0.245946
0.246042
0.246873
0.246269
0.245263
0.246030
0.245621
0.246455
0.246499
0.246533
0.246259
0.245995
0.245727
0.246712
0.246542
0.245655
0.246675
0.246071
0.245894
0.246581
0.246325
0.246136
0.246439
0.245987
0.246333
0.247094
0.245953
0.246547
0.247083
0.246263
0.245949
0.246553
0.247185
0.245076
0.246162
0.246769
0.247269
0.246468
0.246245
0.246864
0.245729
0.246442
0.246387
0.246313
0.245666
0.246526
0.246926
0.246367
0.245805
0.246937
0.245849
0.245780
0.245881
0.246016
0.246119
0.246233
0.245911
0.246367
0.246333
0.245934
0.246760
0.246187
0.246088
0.246353
0.245814
0.245858
0.245938
0.247006
0.246924
0.245681
0.245602
0.246002
0.246417
0.246454
0.246721
0.245968
0.246492
0.246394
0.245747
0.246360
0.246041
0.246204
0.246478
0.246511
0.246011
0.245945
0.246384
0.246450
0.245753
0.245986
0.245834
0.246181
0.246011
0.246228
0.246733
0.245596
0.246260
0.246599
0.245615
0.246340
0.246384
0.246671
0.245804
0.246666
0.246691
0.246474
0.246359
0.246069
0.246218
0.246079
0.246065
0.245797
0.245806
0.246538
0.246000
0.246717
0.246661
0.246837
0.246189
0.246471
0.245921
0.245908
0.246310
0.246853
0.246473
0.246583
0.246434
0.246402
0.245775
0.246955
0.245975
0.246789
0.246179
0.245436
0.246411
0.246252
0.246758
0.246787
0.246423
0.246626
0.246761
0.246267
0.246385
0.246145
0.246697
0.245334
0.246785
0.245851
0.246590
0.246766
0.246127
0.247123
0.246064
0.245992
0.245826
0.246430
0.246123
0.245717
0.245883
0.247105
0.246616
0.247138
0.245255
0.246067
0.245934
0.245722
0.245990
0.246767
0.245742
0.246788
0.247413
0.245924
0.245962
0.246521
0.246098
0.246232
0.245991
0.246065
0.246364
0.246075
0.246753
0.245261
0.245536
0.246239
0.245900
0.245826
0.245766
0.245392
