
binsize 2
1.000000
0.047756
-0.009632
-0.004228
-0.016917
0.011308
-0.007623
-0.021500
-0.017063
-0.006718
0.017153
-0.014877
-0.003184
-0.017134
-0.013076
0.004397
0.022613
-0.005854
0.002250
0.006799
0.014689
-0.014166
-0.002428
-0.014760
0.002149
0.010355
0.006474
0.020318
-0.005242
-0.024066
-0.006350
0.008259
-0.036850
-0.007882
-0.003119
-0.031997
-0.011613
0.009557
-0.007051
0.006119
0.000826
-0.022740
-0.000227
0.010701
-0.004388
-0.001967
-0.005908
0.000319
0.001428
0.020615
-0.021260
0.014259
0.020818
0.017907
0.014792
0.014851
-0.033768
-0.010636
-0.000971
-0.014129
-0.017708
0.001934
-0.023049
0.007571
0.009957
-0.010704
-0.033234
-0.014259
0.043925
0.009384
0.010333
0.026454
-0.000255
0.001711
0.014446
0.016340
0.008288
0.005698
-0.022881
-0.013064
0.006158
0.001926
0.004172
0.014191
-0.006539
-0.022275
-0.014609
-0.007886
0.009799
0.001092
0.017619
0.005234
-0.007787
0.000206
0.008937
0.008213
0.007714
-0.000713
0.008778
0.002008
0.010042
-0.013137
0.001134
-0.015116
-0.002711
0.020530
0.016288
0.025432
-0.000860
-0.003854
0.024939
-0.009421
0.005662
-0.001855
-0.031680
-0.022316
-0.000370
0.002057
-0.001883
0.008852
0.022649
-0.004608
0.014996
0.020124
0.018748
0.021701
0.020301
0.013886
0.000890
0.003529
-0.004267
-0.010392
-0.004679
0.020685
0.015497
-0.007139
0.022269
-0.004608
-0.009533
0.007204
-0.006486
-0.026571
0.003097
-0.011864
0.000630
0.006801
-0.001933
-0.007819
0.011586
-0.012025
0.013771
-0.005060
-0.024155
-0.017956
0.002536
-0.005128
-0.001640
-0.024671
0.001609
-0.001936
0.004033
-0.007110
-0.024327
-0.004246
-0.011198
-0.014842
-0.028395
-0.022663
0.028481
-0.013137
-0.021089
0.013223
-0.025050
0.007196
0.009241
0.009408
0.001703
0.020629
0.026545
-0.000443
-0.003464
-0.049099
-0.026068
0.004254
0.021180
-0.032978
0.007086
0.014600
0.021510
-0.014740
-0.014326
0.008542
0.012563
0.004488
-0.021150
0.004637
-0.022391
-0.019330
0.002985
-0.015467
-0.016167
0.011342
-0.007746
0.002217
0.015507
0.002016
-0.009477
0.000950
0.005398
-0.012517
0.013722
-0.028450
-0.018378
-0.005967
0.011559
-0.009253
-0.025642
-0.003229
0.007256
-0.007342
0.001205
-0.017329
0.018052
0.002284
-0.016744
-0.010916
0.003233
0.002985
0.000483
0.003216
-0.014306
0.008888
0.015371
-0.006468
-0.027997
0.003145
0.022796
-0.023890
0.006246
-0.035307
-0.010712
-0.018186
-0.003764
0.014597
0.030778
0.013899
0.007505
0.017237
0.020213
-0.028790
-0.041666
-0.012919
-0.002434
-0.014404
-0.002622
-0.014570

binsize 4
1.000000
0.010991
-0.001875
-0.028802
-0.023161
0.001979
-0.016110
-0.025729
0.030466
-0.000834
0.024793
-0.040176
0.012587
0.017477
0.000737
-0.018670
-0.048072
-0.006236
-0.016302
0.000030
-0.021374
0.005877
-0.006036
-0.015862
0.021922
0.008479
0.028101
0.009158
-0.020394
-0.006671
-0.008275
-0.027731
0.004412
-0.048202
0.042695
0.033794
0.005490
0.018352
0.033788
-0.033311
-0.001693
0.006877
-0.004152
-0.028633
0.018099
0.012668
-0.009798
0.014370
0.010150
-0.000138
0.009908
-0.013260
0.005248
0.035275
-0.005234
0.027114
-0.002966
-0.042753
-0.014073
0.014880
0.022666
0.023851
0.038278
0.039964
0.009642
-0.003960
-0.003077
0.017088
0.019391
-0.013300
-0.010630
-0.017595
0.000268
-0.009874
0.014300
-0.009663
-0.031180
-0.012837
-0.025085
0.014515
-0.017916
-0.027831
-0.004726
-0.057154
0.014270
-0.009826
-0.023143
0.008613
0.022569
0.028388
-0.005319
-0.060713
-0.002489
0.015871
0.015092
-0.020049
0.008858
0.000155
-0.036419
-0.013827
-0.021993
0.016318
0.001334
-0.001365
-0.001289
-0.002000
-0.045619
0.015287
-0.036025
0.002827
-0.015538
-0.004110
0.001107
-0.004722
0.024749
-0.018516
-0.008427
-0.008029
0.007872
-0.032849
-0.022957
-0.008691
0.044745
0.028046
0.020087
-0.063055
-0.031662
-0.007893
-0.007484
-0.009952
0.007487
-0.007638
0.040408
-0.007508
0.021353
-0.036961
0.011464
-0.011716
0.008643
0.014672
-0.018099
0.019863
-0.025785
0.004753
-0.017043
-0.015672
-0.018508
-0.018131
0.000193
-0.001728
-0.000204
-0.008614
0.008268
0.053423
-0.035785
0.006552
0.001619
-0.004087
0.042948
0.029736
0.012489
-0.040479
-0.030523
0.029051
0.004993
-0.005400
-0.052768
-0.009368
0.010194
-0.030811
-0.030296
-0.003863
0.000458
0.026993
-0.031117
0.046097
-0.008100
0.005658
0.004623
0.005413
0.015111
-0.013201
-0.016752
0.019004
0.021906
0.034022
0.000328
-0.028951
0.001695
-0.019569
-0.018294
0.043202
-0.005747
0.035179
0.018029
0.009588
0.024187
0.000309
0.000668
0.000924
-0.028507
-0.006672
-0.002816
-0.004572
-0.027215
0.044664
0.024034
0.028774
-0.009302
0.020715
0.012653
0.003067
0.010484
-0.027198
-0.076107
-0.012420
-0.044655
0.044293
0.044321
0.001682
0.017813
0.015547
-0.027562
-0.007046
-0.014826
0.000511
-0.007411
-0.001795
0.020594
-0.002193
-0.025434
0.002799
-0.012020
-0.036529
0.033441
-0.005532
0.031944
0.028082
0.013366
0.007662
0.004860
0.031719
-0.017814
-0.014318
-0.027743
0.049540
0.013916
0.025525
-0.026169
-0.004587
-0.006501
-0.005650
-0.020949
-0.003905
0.017988
0.009208

binsize 8
1.000000
-0.015339
-0.032020
-0.053170
0.036934
-0.003144
0.016941
-0.010030
-0.043704
-0.024115
-0.021607
-0.001935
0.011151
0.042868
-0.003548
-0.038305
-0.031940
0.019670
0.042164
0.021508
0.000098
-0.029810
0.000068
0.024168
0.015011
0.000433
0.016767
0.025450
-0.005307
-0.028381
0.033929
0.044353
0.051567
-0.003875
0.020212
-0.026283
-0.000597
0.002782
-0.047360
-0.030955
-0.021098
-0.051672
-0.015552
-0.019503
0.038276
-0.012636
-0.039739
0.021871
0.000075
-0.043995
-0.023318
0.021307
-0.020906
-0.037573
-0.026970
-0.002776
-0.002582
0.005026
-0.009228
-0.036005
-0.010916
0.028033
0.002359
-0.053263
-0.049915
0.017647
0.026953
0.015508
-0.038954
0.020657
0.001984
-0.015820
-0.004192
-0.072419
0.034171
-0.035579
0.050072
-0.013618
0.006853
0.058964
-0.017353
-0.013430
0.024207
-0.080979
-0.000436
-0.036800
0.011096
-0.007599
0.029302
0.001623
0.022429
-0.029010
0.040858
0.007746
-0.006464
0.000808
0.018553
0.024022
0.043642
0.013132
-0.051986
-0.006765
-0.003122
0.047696
0.020357
0.044502
-0.016084
-0.080120
-0.034086
0.060301
0.027190
-0.019589
-0.006444
-0.026064
0.038774
-0.038104
-0.034645
0.027230
0.045596
0.016349
0.016340
0.005527
-0.028801
0.052220
-0.017556
-0.014679
-0.013804
0.039679
-0.021457
0.015624
0.021794
-0.043395
0.061804
0.032147
0.018233
-0.061604
0.051874
-0.060348
-0.005343
-0.044754
0.037790
0.026742
-0.072130
-0.020263
-0.001528
0.039164
0.026331
-0.008397
-0.065505
0.036561
0.064760
0.001071
-0.020024
-0.017230
-0.027733
-0.008833
0.025736
-0.026514
-0.073815
0.043941
-0.047789
0.028668
0.025179
-0.022115
0.060901
-0.006891
-0.025832
0.042018
-0.010586
-0.021561
-0.054246
0.034241
0.028623
0.005515
0.013499
-0.049311
-0.000060
0.035999
0.050950
-0.017498
0.045415
0.005637
-0.002046
0.025012
0.035822
-0.013776
-0.044231
0.041778
0.031609
0.000911
-0.023587
0.051740
-0.060349
0.012504
-0.016092
0.060664
0.005947
-0.038949
-0.013045
0.032873
-0.002624
0.041471
0.028773
-0.004404
-0.035339
-0.044237
0.092291
0.053160
0.048559
-0.037043
0.037859
-0.002845
0.088914
-0.021065
-0.053997
0.016045
0.002536
-0.043017
-0.011176
-0.031950
-0.010915
-0.010405
0.002198
0.004723
-0.005942
-0.062145
0.007816
-0.026547
0.001904
0.018741
-0.036673
-0.014782
0.031082
0.059251
-0.028231
0.016582
-0.034130
-0.009308
0.012528
0.001174
-0.014729
-0.001352
0.021834
0.075757
-0.001987
-0.036231
-0.002314
-0.052685
-0.059318
-0.076096
0.011199
-0.063042
0.035137
0.015508
0.000384
0.064920

binsize 16
1.000000
-0.083883
-0.019822
0.080783
-0.111131
-0.035539
0.063159
-0.043199
-0.027832
0.069313
-0.007342
-0.018038
0.055230
0.031508
-0.056151
0.088517
0.074209
-0.029878
0.023571
-0.070164
-0.051016
-0.067259
0.003129
-0.003226
-0.033317
-0.029526
-0.025397
-0.052582
-0.007657
-0.003743
-0.007553
-0.016197
-0.061758
0.045544
-0.030631
0.003018
-0.066483
0.007304
0.011455
0.045793
0.026697
-0.035470
-0.077873
0.005249
0.000823
0.019222
0.025217
0.005084
-0.006796
0.094562
-0.029311
0.016755
0.061421
-0.065468
-0.001513
0.035183
-0.042237
0.021816
-0.065951
0.074756
0.032457
-0.022598
0.005273
0.038790
-0.016893
-0.002143
0.071633
0.014726
0.000996
-0.069841
0.010193
-0.063854
0.001797
0.042417
-0.067568
0.110976
-0.012972
-0.098872
0.065980
-0.067014
-0.022123
0.058855
-0.000414
-0.009524
0.006705
-0.051752
0.044020
-0.006573
0.005742
0.041361
0.042185
0.026207
0.032054
-0.014697
0.079924
-0.024911
-0.029713
0.015308
0.038025
-0.057237
0.048181
0.074891
-0.089351
0.090094
0.060968
-0.013855
0.135872
-0.071692
-0.010958
-0.033881
-0.036131
0.005996
-0.082836
-0.002499
-0.021109
-0.043219
0.044673
0.040739
-0.055339
0.027344
-0.019473
0.077131
0.006042
-0.034259
-0.107062
-0.075370
0.018815
0.014496
-0.008344
-0.035926
-0.007712
-0.017564
0.101579
-0.003502
0.053217
0.027675
-0.045264
-0.017175
0.038946
-0.012284
-0.020673
0.019392
-0.084886
0.089956
0.059939
-0.023078
0.071923
-0.079290
-0.000102
0.032655
0.063245
-0.002859
0.026124
0.028826
-0.046595
0.062849
-0.020941
-0.019176
-0.086844
0.026273
0.088694
0.015280
-0.018185
-0.080258
-0.021465
0.035888
0.030893
-0.017568
0.036787
-0.018878
0.014887
0.036448
-0.023907
-0.045809
-0.115806
-0.028983
0.004169
-0.098387
-0.017910
-0.030049
-0.057114
0.005894
-0.026472
0.015705
0.112913
-0.029012
0.003648
0.028620
-0.089144
-0.059377
-0.068725
-0.034572
0.000571
-0.012080
0.012224
0.017733
-0.064911
-0.006377
0.060742
0.045372
0.107917
-0.053694
-0.024071
0.002622
-0.028477
-0.004310
-0.003310
0.054058
0.038705
0.073444
-0.004226
0.007991
-0.043814
-0.036996
0.064400
-0.046754
0.012690
0.003937
-0.103498
0.073321
-0.017724
0.015887
0.047328
0.026018
0.010684
-0.009675
0.021773
-0.006833
-0.026011
0.001511
-0.009913
0.003992
0.038942
0.072964
0.054057
-0.056266
0.032645
-0.019953
0.015226
-0.071817
-0.078459
-0.016582
-0.042454
0.074256
-0.100674
0.025870
0.035558
0.011853
-0.032707
0.073093
-0.045071
0.048179
-0.085245
-0.029769
-0.010170
-0.124214

binsize 32
1.000000
-0.040702
-0.113342
0.072922
-0.026658
0.032099
0.014015
-0.016077
0.174916
-0.048547
-0.116724
0.015382
-0.109816
-0.065795
-0.060079
-0.027321
-0.002527
-0.008949
-0.112613
0.071540
0.063436
-0.184821
0.064577
0.029625
0.036155
0.090378
-0.022045
-0.026014
0.007817
-0.061913
0.125801
-0.001374
-0.052952
0.114009
-0.004167
-0.050635
-0.039882
0.003411
0.039521
-0.002096
-0.095661
0.045436
-0.029927
0.036063
0.007913
0.091085
0.049377
0.071180
-0.060073
-0.011694
0.153372
-0.037683
0.058353
0.117820
-0.076778
-0.062882
-0.044895
-0.064904
0.066726
-0.068756
0.028849
0.069269
-0.189851
0.001131
-0.043655
-0.042189
0.105611
0.086063
-0.057318
0.065536
-0.049830
-0.074107
0.156769
0.016967
-0.044154
0.079469
0.041757
0.052022
-0.022591
-0.159163
0.173925
-0.075072
-0.042068
0.109903
-0.041286
0.019925
0.027777
-0.237576
-0.080841
-0.043507
-0.122326
0.046812
0.114682
-0.007026
-0.144428
-0.109415
-0.031529
0.064183
-0.124021
0.122849
0.154862
-0.073119
-0.064712
0.050648
0.117905
-0.002182
-0.064422
0.015460
0.071247
-0.100636
0.059607
-0.026661
0.062094
0.032544
-0.065627
0.003517
0.131721
0.031309
-0.039157
0.019429
-0.176171
-0.013898
-0.005845
0.079199
-0.061409
0.038775
-0.050898
-0.097871
-0.087444
0.023341
0.049907
-0.169990
-0.066299
0.163951
-0.157469
-0.060127
0.139036
-0.082933
-0.001393
-0.105468
-0.168368
0.143199
-0.001427
-0.010827
-0.024714
-0.000815
-0.041341
-0.007283
0.069651
0.051877
-0.005124
0.036010
0.087225
0.081855
-0.117376
0.017979
-0.077959
0.011282
0.135981
-0.027621
0.012771
0.037697
-0.108911
0.015898
-0.140611
0.021318
0.163014
-0.103032
-0.178160
-0.011361
0.051981
-0.026017
-0.165354
0.008398
-0.062260
0.075932
0.046607
-0.051680
-0.133603
0.030263
-0.013483
0.023535
0.058348
0.083705
0.127797
0.087891
0.086657
-0.201618
0.062075
0.195984
0.003969
-0.095862
-0.026365
0.036402
0.006070
-0.047998
0.123235
-0.141452
-0.109723
0.085682
0.048704
-0.196257
-0.315060
0.062416
0.174417
-0.055890
-0.177911
-0.208830
0.367374
0.005439
-0.242721
-0.050355
0.013454
0.123982
-0.025512
0.127797
0.262293
-0.195659
0.243793
-0.053506
0.049682
0.170234
0.002433
0.032692
0.055473
0.145095
-0.078821
-0.034703
0.159363
0.094484
-0.110912
0.003308
-0.133777
0.219233
0.038779
-0.422688
-0.017904
0.199166
0.218157
-0.302498
-0.128366
0.387048
-0.136820
-0.376151
-0.183915
0.290461
-0.069472
-0.266418
0.235248
0.217811
-0.033633
-0.076057
0.065875
0.038476
-0.485576
-0.106296
