
binsize 2
0.668132
0.667307
0.670873
0.673420
0.671921
0.671467
0.669190
0.672308
0.670150
0.670437
0.672757
0.672065
0.671426
0.672147
0.667750
0.667695
0.668070
0.669907
0.666361
0.669676
0.671608
0.668569
0.669849
0.669752
0.670196
0.671228
0.673817
0.670958
0.669657
0.672436
0.668867
0.667534
0.668299
0.671384
0.671617
0.669081
0.670619
0.666450
0.666581
0.669529
0.669045
0.667559
0.669708
0.670255
0.669459
0.667370
0.667528
0.669250
0.667025
0.667333
0.669693
0.672865
0.671996
0.672197
0.669533
0.668510
0.665812
0.668986
0.673932
0.666788
0.669017
0.669094
0.668921
0.668455
0.666859
0.669878
0.672206
0.667754
0.669715
0.667096
0.669904
0.668395
0.669088
0.670482
0.672524
0.670237
0.668807
0.668721
0.671868
0.672605
0.672073
0.671338
0.664972
0.666747
0.670522
0.672296
0.671986
0.670360
0.670854
0.669266
0.665871
0.664489
0.665681
0.666062
0.670361
0.667051
0.670345
0.671714
0.670803
0.669323
0.672983
0.674208
0.672780
0.671780
0.668556
0.671431
0.670673
0.668794
0.671563
0.669283
0.669383
0.670168
0.670487
0.670442
0.666029
0.669139
0.675242
0.671528
0.671818
0.672334
0.670056
0.672852
0.671176
0.669454
0.667508
0.670344
0.670628
0.672941
0.676017
0.669440
0.667130
0.667354
0.673669
0.670154
0.668053
0.669580
0.670887
0.670170
0.673272
0.672129
0.669880
0.667711
0.669803
0.672010
0.671990
0.670386
0.673144
0.671562
0.670616
0.672696
0.668939
0.666110
0.668355
0.673690
0.677017
0.672162
0.666035
0.666889
0.671468
0.672659
0.670076
0.670390
0.670929
0.669870
0.670337
0.669773
0.673249
0.667804
0.671009
0.674265
0.670774
0.669027
0.668584
0.672241
0.671874
0.670776
0.671231
0.671893
0.668996
0.667901
0.668337
0.668251
0.670227
0.668109
0.670379
0.672040
0.669805
0.672649
0.672756
0.671897
0.672021
0.668714
0.667797
0.667419
0.670193
0.669983
0.667081
0.672117
0.672313
0.664082
0.670779
0.673286
0.674328
0.669293
0.671144
0.671439
0.672356
0.670184
0.666769
0.671874
0.672846
0.670155
0.675185
0.673980
0.671397
0.671937
0.669449
0.669579
0.671898
0.671895
0.670940
0.674429
0.668868
0.669212
0.672062
0.671471
0.668781
0.668633
0.670703
0.673657
0.671386
0.672328
0.669508
0.671601
0.670671
0.675754
0.673408
0.672366
0.670022
0.667400
0.670905
0.667791
0.669426
0.670098
0.671391
0.669063
0.669437
0.670405
0.669199
0.670778
0.670640
0.672727
0.671069
0.668506
0.666431
0.667543
0.668706
0.663198
0.668378
0.673993
0.671878
0.670126
0.670344
0.668581
0.669039
0.671829
0.669284
0.669958
0.668952
0.670912
0.670647
0.666720
0.669963
0.669719
0.669914
0.673983
0.672389
0.671564
0.670989
0.670469
0.669339
0.665672
0.671050
0.668677
0.668296
0.671392
0.671479
0.667812
0.671281
0.672574
0.670878
0.671250
0.671171
0.674326
0.672016
0.673051
0.671428
0.673461
0.672246
0.666031
0.672040
0.672339
0.670778
0.672735
0.672068
0.670700
0.670375
0.674434
0.670958
0.668228
0.671677
0.674453
0.673577
0.672853
0.674384
0.672496
0.670742
0.668673
0.667739
0.672006
0.671039
0.668772
0.669089
0.671940
0.672611
0.674274
0.670509
0.669519
0.666309
0.667541
0.666074
0.669013
0.667428
0.669008
0.670323
0.672686
0.671469
0.672603
0.670959
0.670234
0.670313
0.667968
0.669137
0.668684
0.672970
0.672880
0.668267
0.668078
0.669628
0.671443
0.669902
0.668006
0.672110
0.674235
0.669719
0.670366
0.671871
0.669963
0.670463
0.670303
0.673404
0.674461
0.672690
0.670805
0.673251
0.671376
0.669506
0.673290
0.677857
0.673641
0.673810
0.671716
0.671938
0.672267
0.673181
0.675170
0.670510
0.670249
0.670798
0.667489
0.667168
0.671075
0.672749
0.671926
0.668668
0.668087
0.669462
0.670590
0.667686
0.666120
0.669477
0.669729
0.672098
0.671906
0.670041
0.669314
0.670855
0.672107
0.671639
0.672988
0.669277
0.669389
0.670607
0.671664
0.669261
0.671362
0.667269
0.668234
0.671881
0.673494
0.673904
0.668937
0.671257
0.674609
0.675549
0.671768
0.668127
0.667515
0.670203
0.670117
0.671918
0.669594
0.671210
0.668115
0.669299
0.671083
0.672800
0.671615
0.673486
0.673119
0.669531
0.672599
0.671049
0.669960
0.670916
0.669153
0.667231
0.672557
0.673869
0.669700
0.669958
0.667939
0.672125
0.669341
0.672884
0.672228
0.670971
0.671379
0.669685
0.668676
0.668167
0.667983
0.667717
0.669243
0.666842
0.670142
0.669740
0.667492
0.669238
0.670579
0.666871
0.669631
0.670859
0.672793
0.672287
0.671992
0.669957
0.671150
0.672026
0.672912
0.673102
0.671289
0.672755
0.669031
0.668667
0.669836
0.666560
0.670489
0.671260
0.671613
0.670384
0.671560
0.669433
0.667696
0.669753
0.669131
0.671607
0.671043
0.664808
0.666051
0.673266
0.667787
0.668858
0.671023
0.670685
0.673637
0.670749
0.670357
0.668186
0.672965
0.671076
0.669830
0.671531
0.667884
0.671343
0.670164
0.669405
0.671663
0.670472
0.670623
0.672930
0.667392
0.669860
0.673357
0.673555
0.669612
0.673027
0.670010
0.672797
0.667387
0.671974
0.672014
0.671944
0.672078
0.669102
0.666410
0.668234
0.672786
0.671501
0.672139
0.669619
0.668946
0.669598
0.669599
0.670433
0.665913
0.667809
0.671046
0.671117
0.669400
0.671961
0.672364
0.669489
0.668808
0.670672
0.672074
0.672118
0.668638
0.669848
0.670741
0.673130
0.672572
0.672393
0.673395
0.673647
0.669970
0.670575
0.667986
0.671117
0.670149
0.673519
0.674092
0.674042
0.670454
0.667209
0.668419
0.668973
0.667544
0.672783
0.673059
0.670750
0.673495
0.670254
0.671869
0.669931
0.669722
0.666980
0.668514
0.666904
0.669836
0.671040
0.668636
0.670609
0.667961
0.671755
0.669226
0.672763
0.669611
0.670825
0.670426
0.668331
0.667735
0.674150
0.674610
0.671532
0.668903
0.667980
0.673878
0.676125
0.674617
0.671877
0.676532
0.673530
0.673932
0.674789
0.670463
0.669833
0.668219
0.667875
0.673279
0.671197
0.671855
0.673455
0.672906
0.670915
0.671413
0.670629
0.669154
0.666154
0.673700
0.669806
0.669203
0.671883
0.670262
0.668904
0.669076
0.669962
0.670167
0.669940
0.669980
0.672655
0.670593
0.669959
0.672522
0.673999
0.674101
0.674113
0.672840
0.671369
0.671939
0.667240
0.667918
0.672984
0.672226
0.673523
0.668860
0.670695
0.671186
0.670529
0.670106
0.672613
0.667049
0.669101
0.667923
0.668606
0.668569
0.670512
0.670651
0.667751
0.668767
0.669085
0.670589
0.671719
0.669332
0.672952
0.668704
0.668771
0.667257
0.669669
0.670909
0.667584
0.669995
0.669247
0.674123
0.677115
0.674617
0.676214
0.668609
0.672757
0.671600
0.668278
0.668836
0.670191
0.670273
0.670918
0.673446
0.672644
0.674306
0.671770
0.668274
0.668705
0.667576
0.673541
0.670507
0.673708
0.672444
0.671010
0.668853
0.670953
0.674007
0.670975
0.670270
0.670150
0.672153
0.669522
0.670203
0.669454
0.668289
0.672166
0.668736
0.667574
0.669139
0.673720
0.672487
0.674830
0.670849
0.668808
0.671728
0.668257
0.668104
0.670571
0.672756
0.670828
0.674158
0.666414
0.672468
0.673188
0.671483
0.669499
0.672746
0.671499
0.669185
0.671388
0.670570
0.670611
0.672861
0.671792
0.671779
0.676556
0.675043
0.671331
0.670450
0.670481
0.668388
0.663842
0.669878
0.668863
0.669028
0.665542
0.669042
0.671763
0.672964
0.669663
0.670585
0.673099
0.670838
0.671473
0.669548
0.672595
0.669789
0.669764
0.671652
0.670456
0.672417
0.671796
0.673102
0.671720
0.672016
0.670489
0.669793
0.670656
0.667891
0.671760
0.668156
0.671900
0.670624
0.670676
0.666310
0.668053
0.671316
0.669744
0.668795
0.669329
0.665696
0.666903
0.665706
0.667716
0.668860
0.668335
0.670475
0.670469
0.673556
0.669823
0.669651
0.672020
0.670317
0.671157
0.672643
0.669197
0.672881
0.673526
0.673823
0.669565
0.670470
0.674679
0.674800
0.673448
0.667142
0.670240
0.669858
0.670456
0.672942
0.668230
0.667469
0.672972
0.669094
0.671775
0.674181
0.670877
0.673302
0.670304
0.667674
0.670919
0.669650
0.671654
0.671934
0.669777
0.672390
0.672592
0.671403
0.668204
0.668808
0.670094
0.669870
0.668817
0.668831
0.673286
0.670937
0.673375
0.671072
0.671748
0.672254
0.668889
0.670028
0.670286
0.671063
0.665908
0.672865
0.673308
0.671696
0.670847
0.671568
0.670010
0.670543
0.669228
0.669578
0.670295
0.669411
0.668648
0.670366
0.673325
0.676111
0.674830
0.671705
0.671436
0.671756
0.673958
0.671718
0.672409
0.669344
0.672499
0.669102
0.671840
0.669948
0.671103
0.675959
0.672693
0.668618
0.670838
0.668262
0.672645
0.672178
0.671836
0.671289
0.670466
0.669727
0.672100
0.669843
0.664501
0.667342
0.668151
0.669843
0.673201
0.673006
0.672912
0.672775
0.671152
0.669855
0.668412
0.670316
0.672421
0.669610
0.670446
0.669734
0.667815
0.668603
0.670767
0.670460
0.673627
0.672415
0.668423
0.671196
0.669388
0.667297
0.670875
0.671385
0.671799
0.669369
0.668114
0.670312
0.673617
0.676161
0.672044
0.669382
0.672306
0.672604
0.672801
0.673335
0.672768
0.673297
0.671236
0.669991
0.669625
0.669538
0.670790
0.668227
0.668781
0.667814
0.670711
0.672020
0.666424
0.667203
0.671475
0.670564
0.668781
0.669034
0.670863
0.673631
0.672328
0.670030
0.668559
0.669185
0.672533
0.671445
0.670890
0.672624
0.670758
0.672252
0.670187
0.669029
0.670379
0.671000
0.671645
0.668600
0.670827
0.674269
0.669836
0.668812
0.670325
0.670796
0.670691
0.674011
0.670334
0.664935
0.670397
0.668170
0.668781
0.669660
0.670477
0.667214
0.669254
0.669433
0.668491
0.667930
0.669385
0.667279
0.669566
0.674791
0.667784
0.668739
0.671633
0.667558
0.669268
0.664737
0.664824
0.665499
0.667974
0.668676
0.672033
0.670978
0.672047
0.672358
0.672318
0.668725
0.671303
0.674784
0.668757
0.667277
0.672323
0.671289
0.669181
0.670984
0.672958
0.672167
0.674196
0.672027
0.671531
0.670704
0.671319
0.670363
0.669061
0.667636
0.669684
0.669774

binsize 4
0.667720
0.672146
0.671694
0.670749
0.670294
0.672411
0.671786
0.667723
0.668989
0.668018
0.670088
0.669801
0.670712
0.672388
0.671047
0.668201
0.669842
0.670349
0.668535
0.668055
0.668302
0.669981
0.668415
0.668389
0.667179
0.671279
0.672096
0.669022
0.667399
0.670360
0.669056
0.668688
0.668368
0.669980
0.668406
0.669149
0.669785
0.671381
0.668764
0.672237
0.671706
0.665859
0.671409
0.671173
0.670060
0.665180
0.665872
0.668706
0.671030
0.670063
0.673595
0.672280
0.669993
0.669734
0.670423
0.669776
0.670465
0.667584
0.673385
0.672076
0.671454
0.670315
0.668926
0.671784
0.672729
0.667242
0.671911
0.668817
0.670529
0.672701
0.668796
0.670906
0.671188
0.672353
0.671656
0.667525
0.671022
0.674589
0.666462
0.672063
0.670233
0.670399
0.670055
0.670526
0.672637
0.669901
0.670413
0.671325
0.671562
0.668449
0.668294
0.669168
0.671210
0.671227
0.672327
0.670368
0.667608
0.670088
0.669599
0.668198
0.672032
0.671811
0.671291
0.671270
0.669321
0.671500
0.674582
0.671667
0.669514
0.671897
0.672685
0.669040
0.671767
0.668707
0.672180
0.671857
0.670554
0.673213
0.672887
0.668711
0.669348
0.669762
0.670227
0.669921
0.669989
0.671684
0.669788
0.666987
0.665952
0.671185
0.671002
0.669462
0.670434
0.669621
0.669932
0.668684
0.669841
0.671949
0.671976
0.670729
0.667506
0.669863
0.669844
0.669645
0.671928
0.671064
0.672748
0.672534
0.672445
0.669138
0.672189
0.671757
0.671384
0.672404
0.669593
0.673065
0.673215
0.673440
0.669707
0.669873
0.669906
0.670514
0.673443
0.670014
0.666925
0.667544
0.668218
0.671504
0.672036
0.670596
0.669141
0.668910
0.672925
0.668172
0.670535
0.668954
0.673173
0.670042
0.670917
0.670383
0.673933
0.671748
0.672313
0.671398
0.675749
0.672763
0.672103
0.674175
0.670379
0.669143
0.669121
0.672338
0.668377
0.670026
0.666903
0.669603
0.672002
0.669678
0.671481
0.672314
0.669333
0.671136
0.670312
0.667752
0.672687
0.671421
0.672933
0.673659
0.667821
0.670160
0.670756
0.669662
0.670191
0.672207
0.673302
0.671065
0.670505
0.670034
0.669894
0.671784
0.668948
0.670733
0.672556
0.671175
0.669181
0.668075
0.668480
0.668492
0.668616
0.669909
0.668251
0.671826
0.672140
0.670554
0.672469
0.672196
0.670893
0.669252
0.668524
0.671436
0.670972
0.668564
0.669442
0.671325
0.665430
0.670527
0.669941
0.672161
0.670553
0.670575
0.670453
0.669707
0.670753
0.670534
0.670548
0.670161
0.671608
0.671583
0.671519
0.670092
0.671994
0.672011
0.667756
0.670510
0.671820
0.669283
0.669598
0.668173
0.669427
0.670258
0.672163
0.669148
0.671373
0.670378
0.670294
0.672851
0.672894
0.671808
0.669281
0.670633
0.673805
0.672248
0.667814
0.668258
0.672921
0.672122
0.671061
0.669827
0.667747
0.668370
0.669838
0.669285
0.670490
0.671187
0.670625
0.668033
0.674380
0.670217
0.670929
0.675371
0.674204
0.673731
0.672626
0.669026
0.670577
0.671526
0.673181
0.671164
0.669891
0.669927
0.669504
0.671072
0.668990
0.670064
0.669960
0.671624
0.671240
0.674050
0.673476
0.671654
0.667579
0.672605
0.671192
0.670941
0.670318
0.669831
0.668512
0.668587
0.670581
0.668259
0.669837
0.670525
0.670828
0.668014
0.670289
0.668790
0.671685
0.675866
0.672411
0.672178
0.668557
0.670232
0.672182
0.673475
0.670022
0.668141
0.672024
0.673076
0.669931
0.672480
0.670622
0.671152
0.669863
0.668872
0.670451
0.668356
0.673103
0.672840
0.670268
0.668181
0.671664
0.672493
0.669441
0.672336
0.671122
0.670342
0.670979
0.671736
0.671786
0.675800
0.670890
0.669434
0.666860
0.668946
0.667292
0.672363
0.670124
0.671968
0.670510
0.671192
0.670708
0.671437
0.672449
0.671868
0.670141
0.669274
0.669958
0.671262
0.668493
0.669684
0.669270
0.667513
0.666305
0.668288
0.669405
0.672012
0.669737
0.671168
0.671900
0.671039
0.673675
0.670017
0.674739
0.670295
0.670049
0.671699
0.667850
0.671033
0.672978
0.672090
0.668989
0.670285
0.671794
0.671083
0.671998
0.668506
0.669982
0.668824
0.672111
0.672224
0.672001
0.669459
0.670674
0.669387
0.672502
0.671208
0.670277
0.669403
0.669853
0.669507
0.674718
0.673268
0.671596
0.672838
0.670877
0.670801
0.670894
0.673531
0.670655
0.669550
0.672412
0.671562
0.670096
0.670971
0.665922
0.668997
0.673103
0.672844
0.670504
0.669364
0.671015
0.670090
0.668209
0.670614
0.673021
0.669810
0.668342
0.671130
0.670584
0.669213
0.674889
0.670713
0.672455
0.673068
0.673032
0.670613
0.669581
0.669509
0.668298
0.671365
0.666813
0.671019
0.668907
0.672247
0.671179
0.668872
0.671989
0.671757
0.671505
0.669608
0.670690
0.670123
0.672548
0.669324
0.670561
0.672351
0.667635
0.669283
0.669220
0.668846
0.669343
0.668211
0.668332
0.672178
0.668262
0.669596
0.667003
0.665162
0.668325
0.671506
0.672203
0.670522
0.673043
0.668017
0.671806
0.670083
0.672562
0.673112
0.671118
0.670841
0.668348
0.669729

binsize 8
0.669933
0.671222
0.671353
0.669754
0.668504
0.669944
0.671550
0.669624
0.670095
0.668295
0.669142
0.668402
0.669229
0.670559
0.668880
0.668872
0.669174
0.668777
0.670583
0.670500
0.668783
0.671291
0.667620
0.667289
0.670546
0.672938
0.669863
0.670099
0.669024
0.672731
0.670885
0.670355
0.669985
0.670364
0.671615
0.669851
0.671771
0.669591
0.672806
0.669263
0.670316
0.670291
0.671269
0.670869
0.670005
0.668731
0.671218
0.671347
0.668848
0.668898
0.671921
0.671281
0.670411
0.673125
0.670705
0.670862
0.670237
0.672019
0.671884
0.670799
0.669555
0.670074
0.670836
0.668387
0.668569
0.670232
0.670028
0.669308
0.670895
0.671353
0.668684
0.669745
0.671496
0.672641
0.670792
0.671973
0.671894
0.671329
0.673327
0.669790
0.670210
0.671728
0.667235
0.669861
0.671316
0.669025
0.670549
0.669745
0.671607
0.670650
0.672840
0.671856
0.674256
0.673139
0.669761
0.670729
0.669201
0.668253
0.670840
0.671897
0.670234
0.669032
0.672054
0.673296
0.668991
0.670209
0.671199
0.672184
0.670269
0.670839
0.669841
0.671866
0.668628
0.668486
0.669262
0.670039
0.671347
0.672332
0.670072
0.669980
0.669768
0.670384
0.667978
0.671051
0.670564
0.670080
0.670644
0.670355
0.671596
0.670805
0.672002
0.669133
0.670552
0.668886
0.669843
0.670656
0.670876
0.671573
0.672351
0.669957
0.673026
0.668036
0.672522
0.670444
0.668059
0.669562
0.670839
0.669329
0.672299
0.673150
0.673968
0.670826
0.671051
0.672172
0.669909
0.670288
0.669527
0.670792
0.672645
0.672565
0.670092
0.671066
0.670074
0.668550
0.669420
0.670181
0.669421
0.669539
0.673776
0.672295
0.669395
0.672828
0.669081
0.672550
0.671206
0.670887
0.669367
0.669404
0.672972
0.669225
0.672078
0.670888
0.670732
0.671358
0.673793
0.670162
0.667903
0.669828
0.671046
0.670851
0.671072
0.672159
0.669707
0.670610
0.669088
0.668391
0.667296
0.670709
0.670453
0.671470
0.671846
0.672517
0.670874
0.669442
0.672534
0.669637
0.671439
0.670252
0.669403
0.672167
0.670730
0.670031
0.671855
0.669840
0.669680
0.673993
0.672217
0.670839
0.672212
0.670103
0.671987
0.670534
0.667460
0.672974
0.669934
0.670553
0.669411
0.671415
0.669736
0.669898
0.672801
0.672762
0.671823
0.669545
0.669831
0.668916
0.670577
0.670026
0.671873
0.670556
0.670406
0.670936
0.671456
0.668459
0.669033
0.668777
0.670255
0.668929
0.666082
0.669915
0.671362
0.670530
0.670944
0.672837
0.670979
0.669039

binsize 16
0.670577
0.670554
0.669224
0.670587
0.669195
0.668772
0.669894
0.668876
0.668976
0.670541
0.670037
0.667454
0.671742
0.669981
0.670877
0.670620
0.670175
0.670733
0.670681
0.671034
0.670304
0.671069
0.669368
0.671283
0.668873
0.671601
0.671768
0.670784
0.671128
0.671341
0.669815
0.669612
0.669400
0.669668
0.671124
0.669215
0.672068
0.671382
0.671612
0.671559
0.670969
0.668548
0.670171
0.670147
0.671129
0.672348
0.673697
0.670245
0.668727
0.671369
0.669633
0.672675
0.669600
0.671691
0.670554
0.670853
0.668557
0.669650
0.671840
0.670026
0.670076
0.669515
0.670322
0.670499
0.671201
0.670568
0.669719
0.670249
0.671224
0.671154
0.670531
0.671483
0.668810
0.670084
0.672724
0.672397
0.671612
0.670099
0.670160
0.672605
0.670579
0.669312
0.669801
0.669480
0.673035
0.671112
0.670816
0.671046
0.669385
0.671098
0.671483
0.671045
0.671978
0.668865
0.670949
0.671615
0.670159
0.668740
0.669003
0.670961
0.672181
0.670158
0.671085
0.670845
0.670785
0.670380
0.670847
0.671836
0.671528
0.671158
0.671260
0.670217
0.670243
0.670413
0.669817
0.672781
0.670684
0.669374
0.670301
0.671215
0.670671
0.669957
0.668905
0.669592
0.667999
0.670946
0.671891
0.670009

binsize 32
0.670565
0.669905
0.668983
0.669385
0.669759
0.668746
0.670862
0.670749
0.670454
0.670857
0.670686
0.670325
0.670237
0.671276
0.671235
0.669713
0.669534
0.670169
0.671725
0.671585
0.669758
0.670159
0.671738
0.671971
0.670048
0.671154
0.670646
0.670704
0.669104
0.670933
0.669795
0.670411
0.670884
0.669984
0.671189
0.671007
0.669447
0.672561
0.670855
0.671382
0.669946
0.669640
0.672073
0.670931
0.670242
0.671264
0.670421
0.671282
0.669449
0.669982
0.671170
0.670965
0.670583
0.671342
0.671343
0.670738
0.670328
0.671299
0.670029
0.670758
0.670314
0.669249
0.669472
0.670950
