
binsize 8
1.000000
0.225213
0.086078
-0.030857
-0.139926
-0.124307
-0.300098
-0.110821
-0.087712
0.088246
-0.022949
0.111036
0.045273
0.035722
0.060081
-0.055725
-0.057251
-0.007926
0.031159
0.118305
0.087967
-0.030058
-0.025378
-0.035948
-0.073809
-0.150744
-0.094584
-0.061957
0.095568
0.113294
0.164693
0.140517

binsize 16
1.000000
0.184483
-0.156051
-0.362182
-0.092975
0.013975
0.121013
0.073442
0.025867
0.053195
-0.004789
-0.090415
-0.072865
-0.050979
0.164257
0.224880
0.043992
-0.192433
-0.263826
-0.095884
0.123249
0.238915
0.108340
-0.057528
-0.061891
-0.097726
-0.101496
0.001606
0.010565
0.094605
-0.025724
0.070853

binsize 32
1.000000
-0.204090
-0.184614
0.155827
0.174292
0.003146
-0.148014
0.233220
0.183905
-0.417904
0.301742
0.164468
-0.171877
0.033613
0.039896
0.140477
-0.075686
0.065135
0.405185
-0.355067
0.002338
0.302776
-0.268771
0.122093
-0.048263
0.325381
-0.209937
0.333837
0.234898
-0.090208
-0.082041
-0.172775
