
binsize 2
1.000000
0.237846
0.010392
-0.000115
-0.007719
-0.010096
0.014779
0.032647
0.009588
-0.003764
-0.011172
-0.001416
0.021271
-0.027517
-0.000944
0.007602
-0.006746
-0.022828
0.003396
0.009227
0.009058
-0.005244
0.011816
-0.015809
-0.016429
0.006011
0.011068
-0.004411
-0.014909
0.001080
-0.015905
-0.014998
0.003796
-0.000356
-0.009951
0.002478
0.010754
0.017493
0.006728
-0.032056
-0.017322
-0.009110
0.013896
-0.000404
0.032228
0.012831
0.002754
0.002653
-0.011947
-0.020165
-0.013495
0.006807
0.007429
0.016251
0.031474
0.016484
0.015731
-0.018809
-0.011650
-0.009782
0.000303
0.007784
0.027628
0.028758
-0.012068
-0.022322
0.011463
0.023850
0.012554
-0.001492
0.008715
0.005127
-0.003966
0.008766
-0.022360
-0.019349
-0.006655
-0.005818
-0.003669
-0.009870
-0.015949
0.049209
0.025125
-0.007025
-0.018815
-0.022587
-0.006925
-0.004073
-0.007688
-0.002111
0.008807
0.000977
-0.009318
-0.003634
-0.030511
-0.015172
-0.021053
-0.008560
-0.003949
0.000760
0.003963
-0.021639
-0.000333
0.003598
-0.003128
0.007241
0.001620
-0.002690
0.007365
-0.013515
0.037623
0.035708
0.013935
-0.012100
0.008312
-0.016391
0.000537
0.015030
-0.007983
-0.005081
-0.015634
-0.020164
0.002384
-0.006304
0.002455
-0.000056
0.016755
-0.004922
-0.000236
-0.014996
-0.014558
0.017659
-0.022804
-0.018855
0.010194
-0.020746
-0.016727
0.007869
-0.003031
-0.009501
0.008092
0.020044
0.010275
0.011260
0.006387
0.017505
-0.008031
-0.017244
0.022189
0.029804
0.003511
-0.004086
-0.014299
0.006775
0.001580
-0.011539
-0.014783
0.001312
0.048088
0.001401
-0.024689
-0.024933
-0.004495
0.009477
0.006144
-0.007584
0.004437
0.013764
0.016348
0.014857
0.009161
0.024564
0.010401
0.004287
-0.027204
-0.007951
0.007863
-0.002061
0.018409
0.001359
-0.001359
0.005002
0.011369
0.036992
0.002125
-0.016575
-0.019267
-0.015308
-0.012541
0.014816
0.019124
0.006431
-0.014291
-0.001793
0.022088
0.008277
-0.021782
-0.013583
0.002583
-0.012438
0.015468
0.001958
0.008022
0.018589
-0.003605
-0.036096
-0.039095
-0.017695
-0.029538
-0.004080
-0.013623
-0.025753
0.012397
0.003667
0.035496
0.033837
0.017355
-0.011192
-0.020747
-0.029569
-0.007568
0.012869
0.013915
-0.003534
0.020547
0.024979
0.002651
0.001049
0.009605
-0.011149
0.002527
-0.011342
0.003063
0.019490
0.000574
-0.005569
-0.002889
0.003881
0.015454
0.012758
0.004581
-0.015424
-0.010711
-0.019137
-0.009195
0.015210
-0.021121
0.010186
0.006616
-0.006451
-0.008500
0.001533
0.030602
0.001674
0.003105
-0.008910

binsize 4
1.000000
0.116093
-0.018005
0.016874
0.027461
-0.023405
0.035632
-0.035019
-0.005307
-0.004778
0.011459
0.006328
-0.019554
0.012126
-0.020952
-0.019214
0.005960
-0.020972
0.027358
-0.005855
-0.028691
0.003062
0.038514
0.009979
-0.026724
-0.001869
0.002262
0.044766
0.008708
-0.026905
-0.005184
0.044968
-0.014660
0.021735
0.013756
-0.004229
0.012999
-0.019255
-0.016442
-0.005284
0.017734
0.014831
-0.014165
-0.017100
-0.017962
0.012839
-0.004181
-0.034187
-0.031852
-0.000619
-0.015875
-0.002535
0.009670
-0.009999
0.006691
0.043509
0.016787
-0.019192
0.011857
-0.000943
-0.029979
-0.005101
0.005211
0.012495
-0.014394
-0.017507
-0.014511
0.001711
-0.016106
-0.011243
0.012925
0.003278
0.031311
0.000949
0.019751
0.014540
-0.027041
0.013599
-0.016032
0.030846
-0.020464
-0.012738
0.006063
0.013072
0.014780
0.038743
0.003815
-0.021470
0.006283
0.010090
0.002528
0.022283
0.010939
-0.021364
-0.011802
0.024655
0.002521
0.007417
-0.021982
-0.001648
0.002900
0.031250
-0.024533
-0.049218
-0.038522
-0.030827
0.002934
0.066451
0.009908
-0.032364
-0.020221
0.019178
0.023748
0.016383
-0.006485
-0.008851
0.014726
0.010690
-0.014793
0.019985
0.015930
-0.032595
-0.005025
-0.002815
-0.001375
0.001707
0.019436
-0.007175
-0.008821
-0.010097
-0.012781
-0.026591
0.018073
-0.008687
-0.015478
-0.011081
-0.010297
0.028680
0.073383
0.010685
0.009713
0.021413
0.023732
0.024818
0.042222
-0.026537
0.021732
0.042425
0.011067
-0.036370
-0.003258
-0.014006
-0.011808
0.001196
0.001684
-0.022859
-0.015101
-0.024879
0.014721
0.030850
0.027924
0.006392
0.039265
-0.014745
-0.003809
-0.010254
-0.003146
-0.033138
0.005131
-0.007195
0.018614
-0.015852
0.025207
-0.026120
-0.009948
-0.000872
0.018652
-0.037343
0.017062
0.013906
0.013874
0.004206
-0.021341
-0.015463
-0.011466
-0.004312
0.024052
-0.022773
-0.039731
-0.007038
0.034647
0.036369
0.000489
-0.010427
-0.013026
-0.025866
-0.044878
0.003106
0.009303
-0.039160
-0.020498
-0.006410
0.012536
-0.036876
-0.036043
0.009366
-0.018171
-0.019102
0.012772
0.037423
-0.021049
-0.048686
0.020611
-0.006859
0.013663
0.021089
-0.011396
0.012934
-0.013308
-0.015468
0.001802
-0.020239
-0.007999
0.006814
-0.026499
0.060691
0.043634
-0.007306
-0.020760
-0.027083
-0.010308
0.033963
0.040163
0.001059
-0.004668
0.017455
0.034315
-0.010187
0.019592
0.037613
0.003474
0.007569
-0.006458
0.015037
-0.008232
0.043319
-0.045241
-0.031157
0.035536
0.034170
-0.051494
0.016768
-0.029346
0.007216
-0.004576
-0.018060

binsize 8
1.000000
0.042162
0.025421
-0.019398
0.001839
0.022336
-0.019500
-0.012670
-0.019473
0.013113
-0.027408
0.040866
-0.024075
0.015609
0.032009
-0.011690
0.008750
0.030404
-0.000694
-0.047562
0.047645
-0.024868
-0.005440
-0.018448
-0.056798
0.016159
-0.011001
-0.004954
0.061769
-0.027954
-0.018768
0.006982
-0.035985
0.013846
-0.026103
0.023601
0.015666
0.013192
-0.022704
0.025543
-0.007275
0.012092
0.039074
-0.017438
0.027016
-0.005873
0.018297
-0.025672
0.032678
-0.002836
-0.005572
-0.013764
-0.088493
0.042056
0.006713
-0.019347
0.043430
-0.003681
0.002084
0.004153
0.011498
-0.025904
0.022012
-0.006273
-0.022321
-0.010256
-0.015308
-0.011360
0.007850
0.052004
0.044572
0.056596
0.002850
0.036321
0.024206
-0.022440
-0.034222
0.007480
-0.054488
0.040763
0.032367
0.030535
-0.017739
-0.009092
-0.028988
0.009956
0.006805
-0.029514
0.025713
-0.014445
0.013399
-0.000754
-0.038805
0.005904
-0.038165
0.036254
0.037455
-0.046326
-0.050535
-0.002396
-0.056219
-0.011378
-0.017055
-0.046239
0.004582
0.001072
0.002428
0.009924
0.019990
-0.039541
-0.003186
-0.013107
-0.004590
0.056946
-0.015909
-0.013480
0.067375
-0.004909
0.029230
0.032022
0.021952
0.024342
-0.004109
-0.033662
0.042638
-0.038042
-0.013675
-0.012096
-0.017118
-0.007712
0.002750
-0.009337
-0.033651
0.014868
0.013928
-0.008539
0.012147
-0.047697
0.047278
-0.001614
0.014335
0.058458
0.015091
-0.065424
-0.030109
-0.024035
-0.019324
-0.007789
-0.053308
0.072073
0.031363
0.011992
0.069080
0.006526
0.000835
-0.045681
-0.012173
0.016751
0.016130
-0.000825
-0.021570
0.026407
-0.014526
0.047532
-0.001161
0.024859
-0.002656
-0.037462
-0.045880
0.042688
-0.008693
-0.088671
-0.009169
-0.049366
0.005362
0.007395
0.002069
0.063374
0.024649
-0.032101
0.008832
-0.006158
0.006926
-0.028592
-0.011154
-0.015500
0.010534
0.048216
0.053350
0.068910
0.026215
-0.011774
-0.005623
-0.002752
0.011073
0.016042
-0.068166
-0.003358
0.016990
-0.071283
0.007167
-0.062949
-0.040440
0.007721
-0.057700
-0.010937
-0.026324
-0.015586
-0.035070
0.047449
-0.047756
0.078721
0.062421
0.026652
0.020333
-0.006191
-0.070415
-0.042749
-0.036698
0.011462
0.044895
-0.054223
-0.029345
0.006912
-0.040844
0.039314
0.015818
-0.001256
0.049116
0.029363
0.032253
-0.016417
-0.000380
-0.028863
0.012692
-0.019611
-0.012523
-0.032985
-0.047509
-0.017218
0.020238
-0.011366
-0.032758
-0.085966
-0.015516
0.016877
0.008669
0.028361
0.052077
0.002953
-0.030602
-0.014920
0.000042
-0.017283
0.012532
-0.004539

binsize 16
1.000000
-0.004270
0.030118
-0.028694
0.009788
-0.030591
0.015095
0.073116
0.013445
-0.019502
-0.017042
-0.021099
-0.048047
-0.005314
0.043600
-0.035148
-0.011864
0.002592
0.012823
0.004375
0.014859
0.055541
0.007008
-0.026452
0.020840
-0.005997
-0.075361
0.039243
0.032694
-0.014656
0.016534
-0.012554
-0.009170
-0.051966
0.007470
0.122045
0.021408
0.065936
-0.067548
-0.031669
0.084213
-0.000532
-0.050843
0.013810
-0.015268
-0.014866
-0.029563
0.009569
0.030113
-0.080933
-0.016991
-0.058549
-0.021856
-0.008389
0.026253
-0.025872
0.011091
0.000812
0.031709
0.054612
0.050479
-0.007606
0.014430
-0.046135
-0.021728
0.013328
-0.088195
0.055254
-0.023334
0.012005
0.083065
-0.002268
-0.078498
-0.037055
-0.036611
0.121302
0.023435
0.006363
-0.024630
0.009959
-0.004262
0.039596
0.003156
0.033071
-0.062533
-0.025257
-0.084985
-0.003997
0.037029
0.042958
-0.003030
-0.025277
-0.029859
-0.020056
0.131292
0.090307
-0.055185
0.032048
-0.056224
-0.010765
-0.063989
-0.090410
-0.034364
-0.031924
-0.041107
0.032610
0.120279
-0.006662
-0.054667
-0.064578
0.044278
-0.084423
0.005927
0.047886
0.028915
0.069159
-0.025112
-0.041808
-0.037361
-0.053230
0.019709
-0.102933
-0.042139
0.036132
0.027785
-0.017036
0.020005
-0.005481
-0.093889
0.103869
0.055798
0.000609
-0.060532
-0.017854
0.046489
0.095027
0.050990
-0.016622
-0.061819
0.056990
0.012876
0.043927
0.012958
0.062928
-0.099642
-0.023668
0.009606
-0.040706
-0.110336
-0.018070
0.094076
-0.052878
-0.054950
0.068346
-0.023641
-0.039616
-0.037403
0.074344
0.009113
-0.038176
0.003705
-0.040903
-0.023821
0.076985
0.112619
-0.049997
-0.024213
0.053641
-0.185380
-0.071992
0.064374
0.031304
0.002306
0.037142
0.047204
-0.035336
-0.005457
-0.033783
-0.081660
-0.037153
0.013508
-0.007793
0.057374
-0.071077
-0.043284
-0.028957
-0.068615
-0.036808
0.049493
-0.012069
0.003814
-0.043835
-0.088548
0.003990
0.030598
0.036021
-0.082557
-0.135770
0.000839
-0.020552
0.093218
0.032583
-0.026757
-0.021620
-0.015642
-0.107241
-0.087952
-0.032602
-0.102503
0.045951
0.027514
0.005061
-0.086664
-0.022616
0.002978
-0.052900
0.003036
0.116422
-0.026421
0.039841
0.117038
-0.045382
-0.010135
-0.014766
0.104673
-0.026959
-0.039143
-0.102431
0.006381
0.006185
0.041273
-0.024711
-0.006579
0.057574
0.036504
0.035190
-0.060657
0.054600
0.063413
-0.076798
0.057412
0.004877
0.022416
-0.102193
0.014647
-0.019706
0.012741
0.006613
-0.040154
0.063730
-0.005240
0.073626
0.061408
-0.076111
0.019371
0.021453

binsize 32
1.000000
-0.020757
0.034698
-0.032836
0.070607
-0.045980
-0.071448
0.042888
-0.036540
0.047756
0.036239
-0.002585
-0.020298
-0.011747
0.054341
0.001834
-0.000375
-0.005462
0.095028
-0.056414
0.067845
-0.039841
0.024714
-0.076512
0.021493
-0.074729
-0.049034
-0.009423
-0.033512
0.063196
0.073615
-0.000915
-0.041971
-0.068510
0.065481
0.020740
-0.095960
0.011310
0.103211
-0.049536
0.054499
0.083851
-0.077793
-0.119269
0.055137
0.011909
-0.032620
0.126020
0.015555
-0.031554
-0.157795
-0.042881
-0.042361
0.129242
-0.086005
-0.017240
-0.016571
0.113060
-0.047840
-0.116697
-0.000029
-0.061123
0.011051
-0.023431
-0.024623
0.076229
-0.067849
0.118704
0.058862
0.024300
0.008127
0.091292
-0.077460
-0.012842
-0.175344
0.097421
-0.084666
-0.009947
0.021545
0.020707
-0.092399
0.080770
0.058569
0.003138
-0.186080
0.053236
0.032668
0.099245
-0.113247
-0.126975
0.006866
-0.003682
-0.105397
-0.086359
0.012947
0.025016
-0.122510
0.058974
-0.143172
-0.065257
0.046699
0.072325
-0.118854
-0.179346
-0.020206
0.015394
-0.138960
0.011066
0.052480
0.016568
0.088995
-0.001372
0.075072
-0.102761
-0.018043
0.008396
0.036092
0.028371
-0.055812
0.098101
0.009398
-0.009127
-0.050103
-0.007686
0.013514
0.113543
0.052623
-0.051291
0.106810
-0.151655
0.012195
-0.090310
0.159506
-0.059671
0.092690
0.077004
0.004142
-0.141580
0.045764
-0.073262
-0.025869
0.106828
0.043028
0.020381
0.008342
0.055647
0.099914
-0.029905
0.086477
-0.104645
0.074759
-0.109587
0.101499
-0.054663
0.140873
-0.148762
-0.005635
-0.012495
0.033177
-0.162762
-0.022992
-0.040743
0.115614
0.101935
0.038788
0.096353
-0.027521
-0.113523
-0.121353
-0.201233
-0.101746
-0.182735
0.233378
-0.054235
-0.089912
-0.170309
0.070899
-0.013255
0.015302
0.113783
0.079588
0.163727
0.115224
0.030107
-0.260093
-0.008864
-0.152132
0.072717
-0.038386
-0.062895
0.078666
-0.092276
0.186588
-0.001808
0.227281
0.195544
-0.241003
0.133052
0.048345
0.099969
-0.005845
0.213460
0.156791
-0.093034
-0.069863
-0.186286
0.006144
0.138189
-0.039672
0.178503
-0.054688
0.233807
-0.032259
0.026820
0.063066
-0.193580
0.142873
-0.295170
0.097084
0.009190
-0.134797
-0.084555
-0.166605
0.014097
-0.440333
-0.022405
-0.159311
0.193980
0.017035
0.265085
-0.072008
-0.121387
0.002552
0.318117
-0.124686
0.104535
0.163549
-0.476119
-0.111297
-0.012085
0.174539
0.171457
-0.094094
0.304946
-0.282578
0.299521
-0.361768
0.925508
0.388945
-0.276930
0.121080
-0.660409
-0.157463
-0.357244
1.118091
-2.248312
