
binsize 2
1.000000
0.320789
0.062266
-0.014092
-0.023617
-0.009897
-0.018209
-0.026015
-0.010338
-0.009949
-0.020090
-0.025749
-0.026110
-0.026103
-0.030225
-0.017936
-0.011081
-0.018802
-0.038972
-0.032971
-0.028932
-0.021670
-0.009035
0.003497
-0.016866
-0.021996
0.010148
0.028202
0.036016
0.026037
-0.005232
-0.009061
-0.001320
0.003259
0.012819
0.008525
-0.009461
0.013801
0.014979
-0.014053
-0.005300
0.017452
0.028211
0.027097
0.041177
0.030160
0.019896
0.000872
-0.029387
-0.010847
-0.005258
-0.006886
0.016947
0.000708
-0.002129
-0.006503
-0.003367
-0.005332
-0.018743
-0.005994
0.019813
0.005410
0.006183
-0.039441
-0.005546
0.014123
0.004426
-0.006119
0.000177
-0.005906
-0.003913
0.003128
0.022715
0.012988
0.021722
0.013014
0.019568
0.017028
0.009532
-0.009841
-0.016088
0.007677
-0.001188
-0.009140
-0.031709
-0.020332
-0.048677
-0.029654
-0.025830
-0.021240
-0.002683
-0.011107
-0.012924
0.009172
0.040793
0.014526
0.012430
0.030196
0.026658
0.002474
-0.009054
-0.023078
-0.010450
0.004938
-0.003061
0.014449
0.035995
0.024998
0.008035
0.004761
0.000065
-0.006430
-0.000504
0.003462
-0.022932
-0.016305
-0.029167
-0.014778
-0.020302
0.004825
0.011774
0.003729
0.004277
0.008202
0.022919
0.002617
-0.006299
-0.009549
0.018365
0.001544
-0.013665
-0.029847
-0.024722
-0.017115
0.009259
0.004273
0.016485
0.023755
0.017203
0.018325
0.024054
0.007635
-0.002142
-0.003803
0.009703
0.021269
0.013622
-0.022586
-0.031896
-0.015595
0.035438
-0.008830
-0.007940
-0.029867
-0.021212
-0.023402
-0.012848
-0.007622
-0.012519
-0.029517
-0.032341
-0.020634
-0.006330
-0.002182
0.000391
0.003497
-0.020006
-0.016393
-0.001309
-0.004152
-0.008465
0.018393
0.011344
0.021782
0.015804
0.008317
-0.019628
0.016144
0.016469
0.001812
-0.010087
-0.040073
-0.028665
-0.044876
-0.023219
-0.006795
0.001760
-0.020742
-0.032458
-0.016992
-0.016820
-0.004910
0.006606
0.017418
0.006770
0.008055
0.003617
0.001098
0.003279
-0.005324
-0.005156
0.008558
0.030089
0.016910
0.024024
0.037878
0.038140
0.022134
-0.012160
-0.025666
-0.048886
-0.031688
-0.026199
-0.017121
0.003261
0.023903
0.004950
-0.016337
-0.004327
0.015181
0.010478
-0.007527
-0.016962
-0.011281
-0.004834
0.006005
0.009394
0.019059
-0.008425
0.003217
0.004751
0.016159
0.004726
-0.005507
0.013747
0.008602
0.004035
0.014520
0.012877
0.041011
0.022834
0.009940
-0.022716
-0.029162
-0.025753
-0.031316
-0.014742
-0.000099
0.006658
-0.001297
-0.012368
0.019181
0.004113
-0.011397
-0.038651
-0.032158

binsize 4
1.000000
0.167762
-0.028392
-0.021846
-0.025553
-0.038269
-0.027516
-0.044103
-0.026995
-0.045033
-0.047571
-0.012477
-0.020409
0.028905
0.036975
0.003826
-0.004867
0.010758
-0.004440
0.020317
-0.000610
0.032098
0.059666
0.025595
-0.020497
-0.019278
0.010346
-0.005713
0.007132
-0.016231
-0.003548
0.001823
-0.027529
0.011610
0.001134
-0.004874
0.029868
0.017975
0.029272
0.005492
-0.012839
0.003751
-0.032841
-0.052560
-0.053800
-0.006964
-0.010564
0.040733
0.025230
0.019676
0.003014
-0.014514
-0.009266
0.048566
0.027043
-0.014605
0.009262
-0.020633
-0.033875
-0.023516
0.011555
-0.000804
0.030889
-0.003678
0.013634
-0.021213
-0.044223
0.003130
0.027333
0.013753
0.038545
-0.000348
0.002192
0.027256
-0.047377
0.021207
-0.013230
-0.042219
-0.026059
-0.021970
-0.054647
0.002533
-0.001413
-0.027660
0.004145
-0.013405
0.023445
0.030965
-0.002115
0.007645
-0.017196
-0.053254
-0.037551
-0.009952
-0.045181
-0.010554
0.001638
0.015105
0.016354
0.000618
-0.016609
0.045696
0.026645
0.065291
-0.013192
-0.073895
-0.030645
0.007816
0.006020
-0.002769
0.009131
-0.018962
-0.012550
0.032686
-0.009570
0.019825
-0.007744
0.020323
0.010768
0.033445
0.043057
-0.027122
-0.052157
-0.005985
-0.010712
-0.000434
0.001688
-0.043632
-0.011266
0.019595
0.045058
0.025637
0.062160
0.055407
0.023002
0.008384
-0.010632
-0.003783
-0.029427
-0.011399
-0.006617
-0.009534
-0.045948
-0.016923
-0.004318
0.019142
0.003574
-0.021998
-0.003545
0.003688
-0.000904
-0.010337
0.024929
0.013967
0.042031
0.016500
0.032515
0.005390
-0.019818
-0.039978
-0.044487
0.009412
0.039303
0.004082
-0.042720
-0.021057
0.033520
0.022575
0.028156
0.006819
0.021248
0.054636
-0.006101
-0.013143
0.053986
-0.023418
-0.009027
-0.023174
-0.019335
-0.040012
-0.011315
0.008623
0.037033
0.008158
0.008602
0.002644
0.017717
0.006883
0.016250
-0.026365
0.012588
-0.016773
-0.029802
-0.061234
-0.049969
-0.029775
0.000692
-0.047033
-0.009534
0.038280
0.051261
0.039919
0.016092
0.009387
0.039644
0.030295
-0.025892
-0.022080
-0.009508
-0.043480
-0.037078
-0.032443
-0.000867
-0.043236
-0.052431
-0.036062
0.003759
0.005198
0.010108
0.024345
0.012568
0.047919
-0.001129
0.029068
-0.000474
0.004168
-0.007308
-0.014601
-0.049558
-0.020196
-0.014171
-0.001428
0.008285
0.034256
0.017580
-0.006577
0.004720
-0.030513
-0.033440
-0.001286
0.021206
-0.000749
-0.010521
0.022666
0.025869
-0.010120
0.042495
-0.032898
-0.028940
-0.038799
-0.020116
-0.008814
0.009795
0.002698
0.027063
0.000148

binsize 8
1.000000
0.059274
-0.060104
-0.058930
-0.075649
-0.056531
-0.016028
0.045329
0.010307
0.004848
0.019939
0.069973
-0.010590
-0.003058
0.005164
-0.001220
-0.040607
0.002439
0.062520
0.022009
-0.013990
-0.054026
-0.059594
0.001135
0.012056
0.021091
0.016184
0.042075
-0.009527
-0.048448
0.005654
0.036166
-0.004941
-0.051849
0.034060
0.039216
-0.001879
-0.010323
-0.015360
-0.063179
-0.059468
-0.002405
-0.030074
0.049035
0.008775
-0.032559
-0.061234
-0.051650
0.014076
0.005771
0.036021
0.032063
-0.000615
-0.048477
0.007650
-0.014940
0.003708
0.013318
0.009067
0.032144
0.036892
-0.031283
-0.027841
-0.023422
-0.024385
0.062510
0.092857
0.049759
-0.012507
-0.036930
-0.004102
-0.051175
-0.005507
0.010263
-0.030259
0.010584
0.002214
0.068899
0.042174
-0.031783
-0.063818
0.053453
-0.049462
0.008441
0.046726
0.054664
0.022950
0.021970
-0.047545
-0.025414
-0.031512
0.035843
0.046850
-0.009325
0.000693
0.002678
-0.058472
-0.081091
-0.028344
-0.007604
0.069470
0.027410
0.033804
0.010383
-0.028216
-0.076076
-0.050204
-0.088329
-0.003866
0.041946
0.045113
0.024602
0.006247
0.003635
-0.078022
-0.005035
0.021146
0.026647
-0.032316
-0.017185
0.013341
-0.000513
0.026626
0.005860
-0.044594
-0.055046
0.016768
0.006999
0.000357
0.012402
-0.008681
-0.044765
-0.019002
-0.047941
0.033988
0.096217
-0.018037
0.042087
-0.030808
-0.038917
-0.015236
-0.026907
0.046914
0.028309
-0.016024
-0.011255
-0.032575
0.065047
-0.009609
-0.009870
0.015523
-0.003586
0.039394
0.074245
0.020985
0.012815
-0.039718
-0.012965
0.008196
0.000102
0.033411
0.040130
-0.019624
-0.042404
-0.002214
0.024144
0.077429
0.021402
-0.030185
0.007879
-0.027730
-0.048202
-0.025347
-0.044985
-0.022340
-0.033278
-0.007072
-0.008005
0.047631
0.016424
-0.044450
-0.055052
-0.023775
-0.036886
-0.040438
0.015793
0.059888
-0.006341
-0.050302
0.006182
-0.015639
-0.078203
-0.081048
0.013843
0.024275
0.047857
-0.032694
-0.026313
-0.068950
-0.051815
0.023010
0.058620
0.042843
-0.012587
0.048326
-0.001619
-0.037772
-0.007193
0.012726
0.006036
-0.037126
-0.047767
0.021172
0.050719
0.010091
0.008607
-0.021834
0.040876
0.035904
0.048998
0.041022
0.017331
-0.041810
0.008823
-0.032936
-0.001952
0.054369
0.002887
0.005341
0.039719
0.012027
0.017970
0.053994
0.042474
0.018511
-0.033527
-0.034170
0.006825
0.019758
0.025076
-0.040473
-0.058090
0.029453
0.004161
0.062342
-0.010873
-0.023821
0.028497
-0.029394
-0.045307
-0.012509
-0.009951
0.025629
0.002194
-0.027145
-0.002370

binsize 16
1.000000
-0.084571
-0.109935
-0.019091
0.031960
0.065708
0.040826
-0.021122
-0.039667
0.058746
-0.032180
-0.022606
-0.026549
0.037359
-0.001018
0.014504
-0.018815
0.012108
0.011483
-0.060645
-0.054202
-0.028969
0.022185
-0.107041
0.005802
0.066776
-0.021513
0.002359
-0.000710
0.012568
0.017038
-0.057856
0.026548
0.127137
-0.000325
-0.048993
-0.028819
-0.029521
0.045372
0.083830
-0.088154
0.015092
0.049003
0.068641
-0.030266
-0.035426
0.040129
0.000447
-0.089785
-0.080505
0.101281
0.054369
-0.069031
-0.119047
-0.018157
0.040450
0.060092
-0.084817
0.024325
-0.001528
-0.009113
0.030370
-0.085291
0.005634
-0.021006
-0.004432
-0.044799
0.036363
0.053355
-0.017413
-0.056810
0.033340
-0.000767
-0.012785
0.028363
-0.022735
0.126939
0.061748
-0.052080
-0.022562
0.052743
-0.012154
0.037378
0.051601
-0.043442
-0.013450
-0.061874
-0.068208
-0.042278
0.081385
-0.050829
-0.089074
-0.056005
0.052820
-0.028383
-0.050821
-0.112496
0.035561
0.001218
-0.079126
-0.004096
0.073498
0.032192
-0.025937
0.017581
-0.060666
0.007461
0.028000
0.013418
0.097364
0.030743
0.009968
-0.047705
0.058963
-0.001463
0.066604
0.044837
0.044147
-0.023659
0.004195
-0.038033
0.006383
0.027515
-0.028153
-0.004065
-0.049752
0.022587
0.007125
-0.007311
-0.133238
0.018829
-0.024861
0.010549
0.037603
-0.031275
0.015566
0.037292
0.034491
-0.029129
-0.008056
0.006265
-0.010812
-0.010612
0.075088
0.100377
-0.029601
-0.060353
0.036633
0.033878
0.021729
0.111409
-0.058177
0.055804
0.016249
0.004147
-0.075357
0.007209
-0.023011
0.029497
0.070901
-0.018267
-0.030615
-0.023716
0.022945
-0.038511
0.038959
-0.034823
0.007577
0.031670
0.018259
-0.091869
0.100605
-0.082008
-0.082202
0.038536
-0.006364
0.002365
0.117629
-0.015087
-0.073471
-0.005415
0.045262
0.021961
0.080999
-0.050641
-0.060835
0.114555
-0.027232
-0.019847
0.007717
-0.024358
0.114559
0.024902
0.097726
-0.043327
0.057113
0.033830
0.024541
-0.012691
-0.151409
0.106857
0.029581
0.026327
-0.019464
-0.036736
-0.090965
0.001478
0.079903
-0.061522
-0.041284
0.071869
-0.055918
-0.069191
0.052855
-0.012660
-0.073762
-0.009139
0.041013
-0.019694
0.010957
-0.123462
-0.013223
0.000131
-0.033213
0.039126
0.090666
-0.003085
0.004826
-0.025097
-0.149649
0.019063
-0.070980
0.072225
-0.045669
-0.012629
-0.049285
-0.007720
-0.018845
-0.056968
0.017847
-0.073193
0.035257
-0.056200
-0.034232
-0.013325
0.046798
0.030968
-0.042609
-0.104553
-0.016873
0.089749
0.021787
0.022160
0.039353
-0.055499
-0.162051

binsize 32
1.000000
-0.205593
0.083484
0.068693
-0.022203
-0.020413
-0.030955
0.036179
-0.018057
0.033295
-0.150424
-0.016131
-0.013261
-0.029237
0.045168
0.002215
0.045911
0.043719
-0.061139
0.037719
-0.013263
0.081496
-0.014909
0.011615
-0.158535
0.140384
-0.123414
-0.064201
0.083390
-0.028414
-0.020404
-0.043358
-0.064346
0.005145
0.069151
-0.075691
0.027963
0.027992
0.086592
-0.028326
0.059395
0.097953
-0.109202
-0.046303
-0.027654
-0.063021
-0.165570
0.048549
-0.163429
-0.008579
0.024045
0.054010
-0.037415
-0.025202
0.112159
0.054211
-0.003494
0.036974
0.157462
-0.016590
-0.027186
0.020192
-0.052888
-0.024336
-0.006678
-0.125584
0.065832
-0.055663
0.094844
0.000816
-0.041597
0.022905
0.140090
-0.020824
0.035931
0.119933
0.028980
-0.082480
0.004483
0.083152
-0.061107
0.011856
0.001930
-0.059871
0.053218
-0.003370
-0.101201
0.019515
0.069084
0.000229
-0.028073
0.116141
-0.021191
-0.018662
0.034718
0.016889
0.101470
0.057562
0.092004
-0.113390
0.108365
0.011312
-0.066244
0.002646
-0.103128
0.054201
-0.101089
-0.016075
-0.063949
0.072407
-0.146329
-0.085656
0.130941
0.040924
-0.132694
-0.034045
0.024720
-0.154160
-0.002829
-0.097587
-0.031424
-0.095013
0.051704
-0.017083
-0.077634
0.067167
0.066964
-0.113586
0.030542
0.070940
-0.027602
-0.037473
-0.008468
-0.010931
0.149272
-0.122901
0.066591
0.017696
-0.062621
-0.006585
-0.032608
0.090291
-0.055746
0.180371
-0.292554
0.111933
-0.079478
-0.031804
0.097309
-0.074112
0.154903
-0.010256
0.152574
-0.122220
0.174866
-0.042278
0.059188
0.106268
-0.207524
0.142098
-0.142531
-0.104570
0.175896
0.033308
0.055731
-0.129770
0.033405
-0.020576
-0.149381
0.037290
0.022790
0.113289
-0.133990
0.040701
-0.047154
-0.031570
0.076895
-0.038682
-0.113868
0.070205
-0.004757
0.019550
-0.053007
-0.035825
0.058321
-0.024078
-0.125963
0.093302
0.014624
-0.031022
0.029874
-0.105264
0.218365
-0.115442
-0.009447
-0.142554
-0.001617
0.113412
-0.204005
-0.061534
0.040023
0.184856
-0.027432
0.027394
0.077470
-0.079220
-0.074821
-0.190367
-0.010485
-0.007893
0.054348
-0.029221
0.029422
0.088570
-0.139927
-0.084517
-0.204046
0.066301
-0.065127
-0.185474
0.111625
0.058454
0.048593
-0.209093
-0.108143
0.177297
-0.051851
-0.053246
-0.122329
0.325768
0.266851
-0.117981
-0.040796
0.240191
0.099238
-0.321444
-0.210917
0.463595
0.299587
-0.260703
-0.005611
0.529251
0.146844
-0.362049
-0.251973
0.305649
-0.264159
-0.354966
-0.045709
0.141016
0.125472
-0.313626
0.203526
-0.021610
0.141044
-0.357847
