
binsize 2
0.151880
0.151006
0.150590
0.150386
0.149792
0.150666
0.152110
0.150582
0.150225
0.149640
0.150318
0.151589
0.151252
0.151001
0.149580
0.152090
0.152470
0.149386
0.150416
0.151695
0.150300
0.150882
0.151183
0.153234
0.150458
0.152452
0.150597
0.151029
0.150269
0.151555
0.150032
0.151216
0.153513
0.152171
0.148008
0.150439
0.150427
0.152593
0.148187
0.149938
0.150050
0.151169
0.151549
0.150940
0.154049
0.152060
0.151848
0.153242
0.149882
0.151435
0.149075
0.150904
0.148888
0.151922
0.150390
0.150369
0.150670
0.148534
0.150457
0.151850
0.149267
0.150898
0.151575
0.151567
0.149730
0.152874
0.151314
0.150599
0.150716
0.150295
0.151593
0.149764
0.152068
0.151109
0.151323
0.149112
0.150280
0.151007
0.151408
0.150885
0.150844
0.152099
0.151648
0.149868
0.151933
0.151608
0.151533
0.151996
0.151666
0.150684
0.150778
0.153477
0.150272
0.152561
0.150968
0.152247
0.150149
0.149087
0.149863
0.151731
0.152819
0.150545
0.152208
0.151277
0.148015
0.150254
0.151132
0.148601
0.150301
0.152261
0.150930
0.151756
0.152845
0.151020
0.151121
0.151270
0.151387
0.149633
0.150704
0.150297
0.153385
0.152585
0.150092
0.151290
0.148914
0.151729
0.148777
0.148248
0.151484
0.152559
0.150697
0.150427
0.149810
0.148141
0.149941
0.149786
0.150282
0.151765
0.150194
0.150700
0.152443
0.151311
0.150988
0.151416
0.153112
0.151474
0.150567
0.150570
0.148904
0.152162
0.150732
0.151654
0.151571
0.152165
0.150878
0.151462
0.152245
0.151854
0.151695
0.149119
0.153630
0.151246
0.152495
0.152524
0.151687
0.149371
0.149048
0.150550
0.151009
0.150899
0.151893
0.152309
0.151603
0.151923
0.151490
0.151110
0.150185
0.152416
0.150893
0.151723
0.152573
0.150624
0.150147
0.150342
0.152843
0.148543
0.148445
0.152180
0.152293
0.150179
0.148340
0.151260
0.151203
0.153929
0.152374
0.151911
0.150519
0.149638
0.149728
0.149122
0.149538
0.152814
0.151631
0.152184
0.150686
0.151224
0.151660
0.151639
0.152203
0.152755
0.151547
0.151898
0.151212
0.148960
0.149654
0.150413
0.149999
0.151444
0.150413
0.151559
0.150915
0.151486
0.149182
0.152394
0.151783
0.149988
0.151786
0.150204
0.151171
0.151109
0.151233
0.150819
0.150318
0.152011
0.151071
0.152677
0.147441
0.149949
0.149447
0.153137
0.150792
0.150187
0.149319
0.151490
0.150015
0.152489
0.151503
0.149284
0.150607
0.151611
0.149980
0.150310
0.149514
0.153759
0.150526
0.150015
0.149997
0.152614
0.151096
0.148359
0.149631
0.151718
0.151352
0.150747
0.151776
0.147451
0.150606
0.152927
0.151866
0.150719
0.150660
0.151603
0.151326
0.150829
0.150426
0.150225
0.152664
0.150135
0.151230
0.151188
0.151490
0.151115
0.151909
0.151704
0.149631
0.146947
0.148653
0.151634
0.151443
0.151764
0.149980
0.149203
0.150778
0.152696
0.152647
0.151700
0.151487
0.148904
0.150617
0.153097
0.151955
0.150851
0.152089
0.152965
0.152932
0.151296
0.152282
0.150894
0.149943
0.152978
0.151914
0.151477
0.148780
0.150147
0.151398
0.153369
0.150079
0.152707
0.151952
0.149751
0.151275
0.150013
0.149954
0.151696
0.149463
0.149603
0.149051
0.151365
0.151831
0.150546
0.153200
0.150145
0.149550
0.151060
0.148981
0.152785
0.149580
0.149993
0.151341
0.151066
0.151198
0.149568
0.149261
0.150030
0.150559
0.149880
0.151238
0.153767
0.150646
0.151420
0.148899
0.148763
0.150322
0.152274
0.149848
0.150398
0.151156
0.154025
0.153465
0.150834
0.151661
0.152639
0.150832
0.152483
0.149879
0.149580
0.150712
0.148995
0.150635
0.150545
0.150146
0.149995
0.148955
0.150827
0.150225
0.150016
0.150066
0.151080
0.149479
0.149069
0.150979
0.152247
0.151266
0.150246
0.150848
0.149404
0.150690
0.148907
0.150816
0.150120
0.151683
0.151453
0.151043
0.150839
0.151843
0.151646
0.150718
0.149199
0.151800
0.151471
0.151803
0.152018
0.152024
0.150729
0.150396
0.153059
0.150993
0.149988
0.150880
0.151767
0.151416
0.149685
0.152074
0.151029
0.148251
0.151151
0.149546
0.153061
0.151696
0.149561
0.149815
0.150966
0.150535
0.152478
0.149202
0.152221
0.152075
0.149495
0.151585
0.153583
0.152114
0.151164
0.148555
0.150977
0.150290
0.149646
0.151034
0.150779
0.154155
0.152634
0.151210
0.151032
0.151059
0.152266
0.152292
0.152107
0.151798
0.151901
0.149902
0.149244
0.151463
0.150683
0.150971
0.150983
0.150141
0.150190
0.151276
0.151180
0.148803
0.151524
0.150288
0.150535
0.148676
0.152168
0.150755
0.148594
0.150775
0.150015
0.152123
0.152922
0.150962
0.150718
0.150670
0.150242
0.151900
0.149456
0.151949
0.153138
0.151190
0.152154
0.151000
0.148503
0.148871
0.149786
0.151087
0.149949
0.150277
0.151880
0.152314
0.149942
0.148410
0.151914
0.150845
0.151810
0.150449
0.152100
0.148449
0.149779
0.150362
0.152083
0.151644
0.151909
0.150279
0.151145
0.152179
0.151485
0.149928
0.151655
0.150997
0.152282
0.149354
0.150341
0.148809
0.151297
0.150748
0.150697
0.151406
0.153115
0.149822
0.152278
0.152302
0.149961
0.149837
0.149962
0.150189
0.151062
0.151891
0.154159
0.150771
0.150581
0.149389
0.150324
0.153064
0.151398
0.150710
0.148837
0.149884
0.153001
0.150195
0.151696
0.151345
0.150650
0.150600
0.152875
0.149920
0.149940
0.150787
0.151088
0.150191
0.152324
0.151734
0.151980
0.150046
0.150213
0.150623
0.152294
0.151538
0.151775
0.151977
0.152283
0.153474
0.149805
0.150284
0.149486
0.152267
0.150697
0.150185
0.150393
0.151306
0.150832
0.152747
0.151305
0.151085
0.148355
0.151492
0.152540
0.153377
0.151970
0.151459
0.149598
0.152617
0.150993
0.149669
0.150914
0.150296
0.148827
0.151079
0.150685
0.149560
0.150635
0.152466
0.152102
0.151224
0.151733
0.152178
0.152699
0.150470
0.151435
0.152961
0.151104
0.150405
0.152526
0.150819
0.152709
0.151926
0.151752
0.151864
0.151575
0.148213
0.151425
0.149517
0.150358
0.150044
0.151011
0.150169
0.149730
0.150654
0.150777
0.152385
0.151305
0.153244
0.150682
0.151362
0.149791
0.151686
0.151345
0.150936
0.147308
0.150654
0.151373
0.150684
0.153326
0.149025
0.150461
0.152178
0.148278
0.151120
0.148790
0.148833
0.150488
0.150470
0.151722
0.151612
0.150232
0.151262
0.149219
0.150223
0.150811
0.150773
0.149417
0.148547
0.151214
0.149016
0.150386
0.150611
0.148726
0.151897
0.150257
0.153610
0.152939
0.151522
0.150510
0.149371
0.148876
0.152414
0.149469
0.150838
0.151333
0.151174
0.151803
0.151731
0.148902
0.151780
0.151615
0.151418
0.151609
0.149171
0.150262
0.151272
0.151349
0.149077
0.152332
0.150929
0.150865
0.150630
0.149720
0.150933
0.150697
0.152750
0.151465
0.149680
0.150393
0.149163
0.150575
0.150546
0.152218
0.148167
0.150121
0.150928
0.149812
0.151210
0.150896
0.150394
0.151384
0.147913
0.152991
0.149523
0.150014
0.150910
0.151104
0.150610
0.153364
0.149916
0.149940
0.151328
0.153184
0.151455
0.152422
0.149588
0.152391
0.150265
0.149241
0.149568
0.149145
0.148965
0.149648
0.149929
0.151088
0.149750
0.151271
0.150391
0.152163
0.151883
0.153008
0.150214
0.153117
0.150645
0.150324
0.150582
0.150638
0.152520
0.150882
0.151336
0.151786
0.151384
0.149873
0.153836
0.151001
0.151353
0.151098
0.151473
0.151974
0.152251
0.149216
0.150603
0.151436
0.152878
0.150877
0.150731
0.149025
0.150229
0.150578
0.149750
0.153007
0.152646
0.151376
0.150068
0.152556
0.151876
0.152081
0.149811
0.150316
0.149517
0.148586
0.151342
0.151715
0.150619
0.149904
0.150264
0.150820
0.149982
0.151176
0.149395
0.150298
0.149680
0.149536
0.152296
0.151705
0.151564
0.150829
0.149842
0.149737
0.149715
0.147471
0.150766
0.151834
0.150081
0.152992
0.150817
0.150754
0.149819
0.149772
0.149287
0.150511
0.151089
0.152086
0.152734
0.153636
0.151398
0.150751
0.151694
0.149447
0.150498
0.151288
0.150558
0.150624
0.152322
0.149722
0.152224
0.152628
0.150289
0.150619
0.149317
0.152779
0.150898
0.153171
0.151234
0.149815
0.150232
0.150335
0.150779
0.151454
0.150475
0.151171
0.152075
0.152167
0.151182
0.151989
0.152594
0.150683
0.150906
0.149964
0.150844
0.152483
0.150497
0.149031
0.150109
0.150538
0.150339
0.150617
0.151087
0.149964
0.149612
0.149531
0.148693
0.149936
0.150405
0.151680
0.151221
0.150044
0.152688
0.151441
0.152982
0.150972
0.149785
0.151596
0.151518
0.151774
0.149681
0.147927
0.151141
0.149377
0.151327
0.149727
0.151014
0.150274
0.150564
0.150280
0.147998
0.149680
0.150970
0.150583
0.152448
0.149540
0.149496
0.152487
0.149570
0.151871
0.152045
0.150687
0.150372
0.152490
0.152566
0.150143
0.152528
0.150522
0.152975
0.150526
0.149710
0.150626
0.153129
0.151940
0.150118
0.152104
0.149726
0.150558
0.152658
0.151393
0.150185
0.150818
0.151068
0.149399
0.150200
0.152037
0.150966
0.150393
0.149621
0.151004
0.147976
0.149587
0.150307
0.149214
0.149964
0.150734
0.149779
0.152615
0.150833
0.150341
0.151871
0.151068
0.149909
0.153592
0.150288
0.151154
0.149410
0.148845
0.150463
0.152206
0.152242
0.151021
0.150652
0.150339
0.149991
0.150023
0.149256
0.149845
0.150024
0.152009
0.150743
0.151207
0.148055
0.151090
0.147997
0.149610
0.149274
0.149722
0.149570
0.149103
0.149982
0.149770
0.151463
0.152099
0.150983
0.150707
0.149601
0.150479
0.149810
0.150469
0.150076
0.150595
0.151118
0.151621
0.151539
0.151813
0.152143
0.151939
0.150017
0.149738
0.151810
0.150304
0.150781
0.149911
0.151249
0.152381
0.152713
0.149586
0.150707
0.151887
0.151237
0.152290
0.151473
0.151758
0.151848
0.150087
0.151526
0.150314
0.147804
0.150027
0.150147
0.151621
0.149930
0.150501
0.154077
0.149959
0.153441
0.148707
0.152752
0.150467
0.149147
0.150974
0.151952
0.150920
0.151656
0.151411
0.151796
0.151443
0.147391
0.150108
0.152907
0.151067
0.150728
0.152770
0.150343
0.149601
0.152071
0.151001
0.150462
0.153670
0.150579
0.148146
0.147699
0.150297
0.151712
0.151116
0.149697
0.152671
0.150446
0.152508
0.152239
0.152289
0.150516
0.149016
0.150413
0.150660
0.152366
0.150808
0.150785
0.153200
0.151079
0.152280
0.149551
0.152255
0.150364
0.151364
0.149971
0.149735
0.153483
0.150972
0.152342
0.154254
0.148942
0.151717
0.151352
0.150860
0.150517
0.150446
0.152528
0.150424
0.150755
0.149139
0.149642
0.152298
0.152675
0.150923
0.149192
0.152126
0.148542
0.150617
0.150466
0.152375
0.151222
0.152271
0.149741
0.151202
0.148643
0.148487
0.150118
0.150307
0.154142
0.151215
0.153909
0.152286
0.150872
0.153251
0.152067
0.150221
0.151672
0.153045
0.151465
0.149388
0.150755
0.150380
0.151155
0.149972
0.149446
0.150542
0.149233
0.150613
0.150668
0.147457
0.150437
0.152096
0.150282
0.153059
0.151812
0.152834
0.151313
0.149893
0.152604
0.150644
0.152656
0.152021
0.150522
0.149914
0.150919
0.151832
0.151794
0.149600
0.149786
0.150926
0.150966
0.150891
0.150556
0.150713
0.150678
0.150927
0.150456
0.153375
0.153403
0.152487
0.150306
0.148942
0.151188
0.153725
0.148749
0.152078
0.150782
0.153561
0.151927
0.149857
0.149621
0.149980
0.150099
0.149705
0.148974
0.147915
0.150940
0.150923
0.149493
0.150351
0.149626
0.150700
0.150659
0.150334
0.152115
0.149163
0.149382
0.149859
0.150992
0.150203
0.149758
0.151062
0.152522
0.152292
0.148930
0.152416
0.151854
0.150343
0.151678
0.150945
0.152017
0.154100
0.152093
0.151764
0.151775
0.150789
0.151951
0.151344
0.149889
0.150425
0.151916
0.151261
0.150643
0.151802
0.149645
0.150117
0.148953
0.152139
0.151148
0.150871
0.151439
0.150160
0.151870
0.150511
0.149260
0.150679
0.151758
0.152421
0.150112
0.151635
0.153193
0.151436
0.150371
0.151545
0.153355
0.151419
0.151959
0.150160
0.149053
0.152187
0.150798
0.149692
0.152401
0.152319
0.149531
0.149951
0.150501
0.151537
0.150453
0.149258
0.149840
0.152439
0.151079
0.153237
0.151988
0.151313
0.153135
0.149289
0.148620
0.152968
0.150766
0.148831
0.152848
0.151248
0.150992
0.148871
0.150399
0.149611
0.150398
0.150047
0.150800
0.151272
0.152844
0.151813
0.151175
0.152231
0.152202
0.150004
0.148382
0.149755
0.148982
0.150959
0.149194
0.152828
0.149530
0.153259
0.150837
0.149616
0.149331
0.150419
0.151130
0.150789
0.151938
0.151391
0.151191
0.152500
0.150824
0.151358
0.150714
0.150454
0.151064
0.149632
0.151114
0.154641
0.152179
0.153295
0.148776
0.151906
0.151746
0.148944
0.149137
0.152303
0.150772
0.150178
0.152455
0.153771
0.151198
0.149825
0.152400
0.151149
0.149633
0.151033
0.149891
0.150980
0.150699
0.150366
0.149934
0.150780
0.150085
0.148210
0.151379
0.152434
0.149665
0.151897
0.152120
0.151486
0.149741
0.150667
0.152538
0.152250
0.150893
0.150030
0.151479
0.150408
0.151607
0.150245
0.150417
0.154657
0.151396
0.151776
0.149016
0.152172
0.153189
0.150688
0.149585
0.149702
0.153533
0.149157
0.151377
0.150475
0.150991
0.151245
0.152354
0.151655
0.151006
0.147857
0.151853
0.152397
0.150698
0.150119
0.153521
0.151169
0.151776
0.151710
0.152356
0.151283
0.151413
0.151098
0.153767
0.153113
0.149262
0.151069
0.151637
0.151131
0.149425
0.150548
0.150773
0.149896
0.152395
0.151704
0.152690
0.150564
0.151374
0.151303
0.150512
0.149700
0.153064
0.151609
0.149870
0.148028
0.152618
0.147849
0.152053
0.151366
0.151749
0.150785
0.151230
0.150179
0.149875
0.149796
0.148290
0.149257
0.150450
0.149877
0.150821
0.153375
0.150300
0.149672
0.151171
0.151943
0.151041
0.151812
0.151321
0.152750
0.150487
0.150924
0.152443
0.150556
0.150781
0.151757
0.151464
0.152229
0.154319
0.152427
0.151278
0.150011
0.150349
0.150535
0.152077
0.151434
0.149832
0.152722
0.151696
0.152014
0.150238
0.150351
0.150644
0.151348
0.150665
0.151647
0.150887
0.150382
0.153389
0.151394
0.152642
0.151321
0.150258
0.150838
0.150383
0.152239
0.149864
0.150426
0.151055
0.149827
0.149623
0.150175
0.151377
0.152894
0.152331
0.150131
0.150588
0.151462
0.152444
0.148344
0.152010
0.151072
0.151176
0.149035
0.149197
0.149470
0.151699
0.150550
0.150153
0.151351
0.148024
0.151200
0.151375
0.152141
0.150634
0.152392
0.150404
0.151092
0.148980
0.153077
0.152321
0.150291
0.149738
0.151353
0.151479
0.150879
0.149653
0.150044
0.152598
0.151334
0.152023
0.151087
0.150372
0.152406
0.150821
0.152896
0.151500
0.151142
0.149449
0.152603
0.148915
0.152515
0.149199
0.147836
0.151138
0.151423
0.151347
0.153287
0.150501
0.150490
0.149955
0.150977
0.148962
0.150401
0.151576
0.150347
0.149607
0.151029
0.149474
0.149343
0.149569
0.151640
0.149997
0.151794
0.151778
0.151629
0.149552
0.150332
0.149399
0.147603
0.150684
0.150341
0.152329
0.149605
0.151083
0.149766
0.150920
0.152247
0.148898
0.148717
0.149575
0.154098
0.150681
0.151249
0.151310
0.148135
0.150078
0.150563
0.151762
0.151020
0.149546
0.153742
0.149529
0.149212
0.150389
0.152182
0.151089
0.152004
0.150512
0.150971
0.149676
0.148547
0.148920
0.150318
0.151227
0.150225
0.151177
0.149591
0.152048
0.152127
0.153162
0.150988
0.152501
0.149860
0.150081
0.152218
0.151725
0.152732
0.151497
0.153009
0.150151
0.150677
0.148683
0.152189
0.151481
0.152911
0.148996
0.150426
0.152633
0.151135
0.149430
0.149443
0.150792
0.150347
0.151562
0.149088
0.148264
0.148911
0.147685
0.149643
0.151619
0.151820
0.151450
0.150642
0.150120
0.152020
0.148914
0.151341
0.150808
0.152506
0.153095
0.151025
0.152275
0.152856
0.152938
0.149071
0.150463
0.151040
0.152210
0.151024
0.151620
0.150835
0.150903
0.149865
0.151878
0.150230
0.148660
0.151230
0.149864
0.147301
0.153658
0.149735
0.151933
0.152312
0.148988
0.150134
0.149002
0.152365
0.152643
0.149198
0.149842
0.151768
0.150948
0.151033
0.149951
0.150895
0.149217
0.152200
0.153199
0.149430
0.149827
0.152487
0.150629
0.151447
0.150790
0.151562
0.149088
0.150298
0.150790
0.149513
0.149758
0.151164
0.150210
0.153083
0.150810
0.150267
0.149792
0.151174
0.151867
0.149323
0.152965
0.151299
0.150542
0.151758
0.152693
0.150839
0.150692
0.152890
0.148629
0.151512
0.150493
0.150453
0.151163
0.148625
0.150380
0.150251
0.151662
0.150842
0.152869
0.150641
0.149790
0.151027
0.151147
0.150329
0.151926
0.151971
0.147916
0.151056
0.150347
0.153210
0.151127
0.149553
0.148252
0.150220
0.150055
0.151795
0.151885
0.150774
0.150568
0.151253
0.153137
0.153435
0.151557
0.150675
0.150351
0.153617
0.152844
0.149286
0.148754
0.149416
0.150037
0.152636
0.149155
0.150609
0.151561
0.150445
0.150004
0.150982
0.149642
0.149839
0.152038
0.151130
0.151694
0.150953
0.149091
0.149707
0.150241
0.152677
0.151144
0.150032
0.149398
0.151506
0.152566
0.151981
0.149576
0.150791
0.149186
0.150602
0.152659
0.148322
0.151339
0.152499
0.149340
0.152153
0.153970
0.152572
0.149965
0.149741
0.150347
0.152771
0.150949
0.149479
0.147506
0.150235
0.150464
0.150236
0.150416
0.149887
0.152543
0.149948
0.150875
0.150630
0.149800
0.152936
0.148866
0.153371
0.151360
0.148505
0.150414
0.152860
0.148588
0.149895
0.151985
0.151594
0.150147
0.151642
0.150229
0.149210
0.152640
0.149793
0.151853
0.148472
0.149874
0.151396
0.150603
0.149704
0.149291
0.151236
0.149144
0.148943
0.150997
0.151328
0.148868
0.149256
0.150810
0.150364
0.149907
0.151078
0.149115
0.151897
0.150169
0.152198
0.151746
0.149687
0.151970
0.151104
0.151772
0.149264
0.151284
0.153198
0.150827
0.150969
0.153145
0.149984
0.149550
0.151081
0.149161
0.149713
0.149292
0.149268
0.151184
0.152235
0.150818
0.153403
0.152237
0.149534
0.151151
0.150558
0.150540
0.151071
0.151435
0.149434
0.150692
0.152974
0.149020
0.150318
0.149895
0.149823
0.149911
0.152529
0.148942
0.152080
0.149922
0.150509
0.152215
0.152430
0.153279
0.152106
0.150946
0.150936
0.151242
0.151107
0.151576
0.147504
0.150363
0.151741
0.150995
0.150472
0.150252
0.151497
0.152770
0.151386
0.151130
0.153011
0.148078
0.149857
0.151657
0.149605
0.149647
0.150298
0.152073
0.149415
0.149590
0.150122
0.150158
0.152404
0.150293
0.152880
0.154207
0.149612
0.151555
0.149291
0.149961
0.151353
0.152084
0.150788
0.151804
0.148257
0.150447
0.151632
0.151441
0.150038
0.150814
0.151468
0.150088
0.150309
0.151365
0.150402
0.151228
0.149175
0.152224
0.152040
0.154214
0.152447
0.151483
0.148659
0.152394
0.151779
0.148652
0.151025
0.151364
0.151227
0.149863
0.151106
0.149546
0.151088
0.153318
0.151443
0.151585
0.151203
0.152034
0.151937
0.152667
0.150086
0.151394
0.151548
0.151986
0.152045
0.150803
0.151524
0.150698
0.152565
0.149806
0.150883
0.150974
0.149910
0.153265
0.152623
0.149771
0.150996
0.152400
0.149510
0.151284
0.151391
0.153555
0.152355
0.151010
0.153348
0.148633
0.149614
0.150197
0.149950
0.151859
0.149929
0.150872
0.151835
0.151756
0.152526
0.153648
0.150954
0.148330
0.152083
0.151558
0.151788
0.150208
0.151891
0.150557
0.151633
0.151402
0.150147
0.152890
0.150643
0.150511
0.150474
0.151963
0.149070
0.148792
0.152560
0.152085
0.151472
0.150373
0.152213
0.151569
0.149656
0.151934
0.150774
0.152175
0.150634
0.152512
0.150835
0.151246
0.150361
0.151678
0.150894
0.150550
0.148444
0.149828
0.150423
0.150722
0.149524
0.152518
0.149102
0.152640
0.150388
0.152983
0.151389
0.151150
0.151711
0.152262
0.152662
0.151634
0.152524
0.151310
0.150459
0.152894
0.149744
0.152160
0.153154
0.152694
0.151618
0.151156
0.151318
0.151260
0.151639
0.152191
0.148882
0.150964
0.150398
0.153086
0.153088
0.152248
0.152333
0.150901
0.151612
0.152592
0.152023
0.149731
0.152394
0.151479
0.148978
0.152439
0.152040
0.149341
0.149458
0.149864
0.152096
0.149756
0.152643
0.151947
0.150805
0.151622
0.151156
0.150319
0.151905
0.150329
0.150908
0.150728
0.153415
0.151232
0.149710
0.150495
0.151519
0.151100
0.149330
0.149646
0.150901
0.148158
0.149590
0.151492
0.151293
0.152427
0.147924
0.151135
0.149799
0.151058
0.151350
0.152178
0.152012
0.152025
0.153235
0.151917
0.151663
0.151736
0.150025
0.149394
0.150784
0.150820
0.150718
0.150094
0.150982
0.150846
0.150813
0.152234
0.153113
0.152360
0.148791
0.151276
0.151092
0.149372
0.150197
0.148740
0.150653
0.150069
0.150500
0.151463
0.150192
0.151355
0.150636
0.152253
0.151650
0.150461
0.150036
0.151722
0.150680
0.151536
0.151289
0.148846
0.150281
0.152474
0.150061
0.149452
0.150308
0.149211
0.149861
0.150950
0.148966
0.149797
0.150721
0.151560
0.150576
0.151202
0.149850
0.151541
0.148510
0.150983
0.149108
0.152327
0.151545
0.150132
0.150534
0.151479
0.148510
0.152903
0.151129
0.151847
0.150895
0.152074
0.151275
0.151671
0.152021
0.153317
0.152606
0.151983
0.152217
0.150291
0.149604
0.150180
0.150620
0.153107
0.153851
0.150633
0.151200
0.151279
0.149123
0.149281
0.153096
0.150654
0.150862
0.149390
0.152466
0.149292
0.151272
0.153680
0.148662
0.149130
0.153949
0.151357
0.149514
0.151496
0.151517
0.149787
0.151774
0.152265
0.151606
0.149470
0.150482
0.152224
0.151682
0.153151
0.149970
0.150057
0.149353
0.149958
0.151821
0.152681
0.150770
0.150963
0.150949
0.150041
0.151250
0.152079
0.151103
0.151575
0.152208
0.153307
0.152694
0.151397
0.150996
0.151316
0.153132
0.150612
0.150110
0.152549
0.149726
0.151060
0.149540
0.151075
0.150372
0.148965
0.152020
0.150816
0.153157
0.151782
0.151675
0.150287
0.154010
0.152989
0.150170
0.150446
0.148545
0.149993
0.150975
0.150117
0.150856
0.149475
0.148476
0.149621
0.152123
0.151561
0.148366
0.150320
0.149539
0.149814
0.151676
0.150312
0.152583
0.153096
0.151219
0.150625
0.149555
0.147994
0.149394
0.149158
0.148980
0.149939
0.149921
0.152293
0.151591
0.150316
0.150282
0.151181
0.151785
0.152885
0.151163
0.150884
0.150809
0.150616
0.151713
0.152328
0.151023
0.151580
0.152704
0.149037
0.152235
0.151575
0.149869
0.149708
0.149432
0.149401
0.150176
0.152587
0.149546
0.153492
0.155804
0.156249
0.152067
0.149884
0.150112
0.151273
0.150654
0.148680
0.149799
0.149829
0.150196
0.151256
0.150211
0.152759
0.150836
0.151950
0.149506
0.150932
0.148921
0.150167
0.149725
0.149094
0.150754
0.151617
0.151686
0.150700
0.152222
0.150711
0.151118
0.153810
0.151121
0.152703
0.151787
0.150912
0.152245
0.152117
0.151847
0.151830
0.150492
0.152293
0.149083
0.151290
0.151593
0.151033
0.149680
0.150153
0.152176
0.151737
0.149706
0.149347
0.151417
0.149039
0.149516
0.150761
0.151228
0.151660
0.149007
0.151066
0.149343
0.150643
0.151019
0.151419
0.150462
0.148576
0.152195
0.149856
0.149110
0.152300
0.150748
0.147501
0.154173
0.149759
0.149229
0.154323
0.148754
0.150135
0.149270
0.149922
0.150452
0.152717
0.149148
0.152325
0.152178
0.152106
0.151133
0.148938
0.151307
0.152677
0.149302
0.148129
0.150461
0.150544
0.148852
0.150501
0.150796
0.151896
0.151082
0.149928
0.150581
0.151852
0.149010
0.150200
0.151147
0.151114
0.150753
0.149384
0.151992
0.152383
0.153011
0.152266
0.152221
0.151562
0.148704
0.149336
0.152046
0.149746
0.150163
0.153011
0.152628
0.149006
0.153302
0.147098
0.150988
0.153036
0.149672
0.150629
0.152261
0.151401
0.151248
0.149173
0.151617
0.150353
0.148238
0.148637
0.151227
0.150643
0.149847
0.150085
0.151030
0.149261
0.150120
0.151567
0.150490
0.149694
0.150235
0.151054
0.150738
0.150718
0.150600
0.149273
0.151628
0.151619
0.148059
0.152122
0.150155
0.149834
0.147413
0.150676
0.152597
0.152541
0.149231
0.148372
0.151423
0.150955
0.151229
0.149881
0.152841
0.149668
0.151082
0.152427
0.152134
0.154102
0.152498
0.150835
0.152842
0.153312
0.150670
0.150580
0.149957
0.150870
0.149612
0.150616
0.150544
0.149729
0.151189
0.151309
0.149645
0.152142
0.151311
0.150246
0.151559
0.149085
0.150989
0.151424
0.151595
0.148795
0.150123
0.151126
0.148591
0.150083
0.150283
0.150884
0.151131
0.150928
0.149519
0.151190
0.151071
0.151709
0.150832
0.151596
0.149199
0.149695
0.151576
0.148733
0.150922
0.151126
0.150462
0.151197
0.150627
0.150009
0.152302
0.151390
0.152625
0.149293
0.150545
0.151669
0.150789
0.148426
0.149318
0.151252
0.148088
0.153008
0.150552
0.149904
0.148151
0.151697
0.150432
0.150218
0.150459
0.150371
0.149846
0.148869
0.150043
0.150123
0.150551
0.152197
0.150671
0.152150
0.151353
0.152208
0.151487
0.152301
0.151626
0.151378
0.151034
0.150567
0.150213
0.152075
0.151416
0.150110
0.149949
0.151404
0.150182
0.151723
0.150996
0.152853
0.153016
0.149697
0.152927
0.149202
0.149231
0.150420
0.152391
0.151380
0.149191
0.150974
0.149368
0.151430
0.152241
0.151997
0.151958
0.149743
0.150889
0.152400
0.151145
0.151977
0.153557
0.149383
0.151933
0.151531
0.151872
0.149779
0.152126
0.152192
0.149956
0.153432
0.150868
0.149564
0.149320
0.150883
0.150970
0.152653
0.151064
0.150028
0.150426
0.150877
0.151066
0.152319
0.150717
0.151038
0.149978
0.151205
0.151219
0.148310
0.153682
0.148703
0.149335
0.150901
0.150448
0.149981
0.148710
0.149425
0.153256
0.149025
0.149573
0.150905
0.151875
0.152108
0.150821
0.151830
0.151081
0.151672
0.152212
0.151103
0.149800
0.149804
0.151037
0.149730
0.149112
0.149774
0.149177
0.152613
0.152048
0.152634
0.149145
0.150413
0.149542
0.152732
0.153699
0.149087
0.150439
0.150537
0.149957
0.149701
0.152246
0.149579
0.150522
0.152102
0.150799
0.150430
0.150880
0.149518
0.151963
0.151023
0.149667
0.148227
0.151012
0.151657
0.149319
0.151323
0.150490
0.149260
0.150777
0.152160
0.151639
0.150124
0.151834
0.147939
0.150300
0.150894
0.150550
0.150514
0.150943
0.151539
0.150665
0.149944
0.150981
0.149328
0.150790
0.151891
0.148993
0.150378
0.148364
0.147496
0.148814
0.154101
0.151565
0.151257
0.152267
0.151792
0.152318
0.151622
0.148664
0.150253
0.150437
0.150180
0.151203
0.151747
0.150037
0.148911
0.150631
0.151005
0.150284
0.149730
0.151318
0.152002
0.151282
0.151288
0.149124
0.152395
0.151577
0.151222
0.150752
0.149610
0.148508
0.149065
0.150918
0.149644
0.151223
0.150056
0.153123
0.151345
0.148118
0.152848
0.148953
0.149863
0.152334
0.150747
0.150806
0.151326
0.151778
0.149758
0.150856
0.149947
0.150550
0.152851
0.153207
0.150316
0.150178
0.153200
0.151904
0.151156
0.149354
0.149958
0.148990
0.153641
0.150883
0.149872
0.149332
0.149254
0.151053
0.152182
0.150591
0.150655
0.149939
0.150844
0.149508
0.150531
0.151679
0.151486
0.149342
0.149015
0.150834
0.152980
0.151759
0.147798
0.151532
0.151899
0.150907
0.149146
0.151935
0.149784
0.151714
0.152412
0.151343
0.150319
0.152211
0.152686
0.152388
0.149305
0.152291
0.151593
0.147565
0.150676
0.151187
0.149356
0.150489
0.150887
0.150104
0.151927
0.148212
0.150863
0.150550
0.150339
0.150640
0.151201
0.151320
0.153367
0.150977
0.149163
0.149612
0.151695
0.151484
0.151821
0.151333
0.153280
0.152003
0.150372
0.150904
0.150217
0.150783
0.151406
0.151728
0.152342
0.150770
0.149765
0.151954
0.153232
0.152336
0.151772
0.152238
0.150924
0.152427
0.150755
0.152924
0.153090
0.151746
0.150272
0.151844
0.151618
0.151373
0.151242
0.151903
0.150852
0.151580
0.153491
0.151056
0.149072
0.148792
0.149451
0.151475
0.152782
0.149890
0.150415
0.150883
0.149249
0.150335
0.151835
0.151557
0.149122
0.150977
0.152137
0.150497
0.149812
0.151608
0.149967
0.151578
0.150822
0.151564
0.150737
0.149760
0.150343
0.150615
0.150909
0.151799
0.150265
0.150255
0.150459
0.149990
0.151278
0.149502
0.151032
0.149113
0.152216
0.153512
0.150486
0.152389
0.149904
0.152486
0.148720
0.152599
0.151657
0.151111
0.151842
0.151169
0.150462
0.151016
0.151769
0.149710
0.149072
0.150743
0.151162
0.151489
0.151916
0.153213
0.150455
0.150196
0.150820
0.150563
0.152486
0.151004
0.150129
0.152839
0.151724
0.150907
0.150140
0.150508
0.150636
0.151607
0.149904
0.148525
0.151888
0.149933
0.150586
0.153054
0.151129
0.149246
0.151697
0.151619
0.150502
0.150633
0.150115
0.152083
0.151578
0.149573
0.151063
0.149655
0.150542
0.151701
0.150877
0.148659
0.150976
0.151204
0.150556
0.152365
0.150865
0.151341
0.151255
0.150431
0.149776
0.150859
0.151139
0.148413
0.151108
0.150196
0.149574
0.150508
0.150601
0.149481
0.150527
0.150452
0.153338
0.152378
0.150181
0.147674
0.151003
0.152452
0.150231
0.150890
0.150066
0.152529
0.153022
0.153498
0.152495
0.150088
0.151135
0.150226
0.150378
0.151125
0.151193
0.150779
0.151546
0.150691
0.152047
0.151344
0.152081
0.152229
0.150011
0.150660
0.151693
0.150067
0.151195
0.151718
0.151867
0.150548
0.151903
0.150317
0.153348
0.149698
0.151768
0.151096
0.150989
0.152183
0.152879
0.149090
0.151823
0.152427
0.152180
0.150521
0.150109
0.149728
0.152943
0.149477
0.151598
0.149965
0.151494
0.151716
0.153212
0.153721
0.151833
0.150961
0.151713
0.149840
0.152791
0.152960
0.151407
0.151055
0.151464
0.152662
0.150423
0.149602
0.152022
0.151620
0.150954
0.151929
0.150708
0.151463
0.153773
0.150553
0.152320
0.152120
0.152211
0.152223
0.150530
0.147842
0.153760
0.152248
0.152577
0.151987
0.149318
0.151632
0.150566
0.151292
0.151086
0.150444
0.150951
0.151876
0.151824
0.149362
0.151296
0.151433
0.148239
0.150363
0.150883
0.150715
0.150049
0.151003
0.150422
0.150894
0.151890
0.152868
0.150730
0.150174
0.151763
0.152662
0.149061
0.152052
0.150770
0.151891
0.154300
0.149218
0.152868
0.151491
0.151279
0.151657
0.152698
0.149381
0.151766
0.152379
0.150401
0.151833
0.151240
0.149472
0.150216
0.149215
0.149425
0.150534
0.151720
0.151569
0.151215
0.151183
0.151362
0.148048
0.151027
0.150618
0.148965
0.150306
0.152215
0.151090
0.150593
0.152164
0.151019
0.150034
0.152092
0.152873
0.151322
0.149982
0.149669
0.151385
0.153521
0.152474
0.151865
0.152050
0.153924
0.150512
0.149474
0.150379
0.149675
0.148541
0.152272
0.151186
0.150383
0.150722
0.151218
0.151562
0.152104
0.150438
0.152241
0.153579
0.152475
0.152239
0.149874
0.151708
0.152327
0.149291
0.148367
0.148610
0.149279
0.151689
0.149138
0.149580
0.152078
0.151022
0.151504
0.152285
0.150748
0.150392
0.150225
0.151006
0.152377
0.149365
0.150980
0.151475
0.148859
0.148952
0.150215
0.151170
0.149821
0.153526
0.151936
0.151748
0.153054
0.152535
0.151364
0.152133
0.150710
0.150574
0.149237
0.151318
0.151494
0.150558
0.150029
0.150421
0.152548
0.151877
0.151187
0.151423
0.152224
0.150571
0.151250
0.150363
0.147394
0.152161
0.150639
0.150765
0.150625
0.151228
0.150915
0.150787
0.151072
0.151222
0.150443
0.151311
0.153788
0.151104
0.154072
0.152665
0.150382
0.150858
0.149513
0.150721
0.154374
0.149644
0.150872
0.150435
0.148445
0.150946
0.149342
0.148577
0.150924
0.150396
0.153292
0.151200
0.150950
0.151859
0.151589
0.151330
0.151657
0.149543
0.150612
0.153260
0.151481
0.148539
0.152632
0.147871
0.152798
0.151405
0.147996
0.150660
0.150907
0.150418
0.149381
0.151670
0.153715
0.152905
0.152756
0.150542
0.151123
0.151479
0.153292
0.151477
0.153358
0.152910
0.153600
0.152836
0.151256
0.150444
0.150320
0.152064
0.151138
0.151722
0.150778
0.151313
0.153791
0.151738
0.150026
0.150161
0.149338
0.152026
0.150147
0.150490
0.149420
0.149071
0.149497
0.149711
0.150720
0.149994
0.151774
0.150922
0.152303
0.151183
0.149207
0.149612
0.152871
0.150635
0.151365
0.150862
0.149805
0.150078
0.151213
0.148968
0.151941
0.148798
0.152675
0.153297
0.148957
0.152792
0.152433
0.149276
0.150571
0.149922
0.152107
0.150569
0.151305
0.152343
0.148485
0.150251
0.149596
0.152634
0.150094
0.151139
0.150826
0.149730
0.150183
0.149979
0.150530
0.152187
0.151745
0.150019
0.153646
0.150220
0.153513
0.152344
0.149175
0.149401
0.150833
0.149928
0.150076
0.150881
0.154153
0.149121
0.151848
0.150329
0.153043
0.153129
0.152705
0.153181
0.150217
0.150669
0.151613
0.151367
0.149201
0.153186
0.152198
0.153228
0.148641
0.151339
0.151293
0.152405
0.149865
0.150604
0.151678
0.150049
0.154636
0.150015
0.149499
0.150074
0.150186
0.150929
0.151504
0.150023
0.149705
0.152426
0.150830
0.151819
0.150982
0.150482
0.153254
0.149280
0.149870
0.148910
0.150859
0.150248
0.149779
0.148499
0.150046
0.149444
0.148765
0.150473
0.149700
0.151662
0.149608
0.149659
0.149970
0.151370
0.152058
0.149854
0.149715
0.151645
0.154007
0.151845
0.151888
0.149192
0.150857
0.151043
0.151201
0.150017
0.150223
0.148489
0.149385
0.150826
0.148276
0.153021
0.147504
0.153039
0.150978
0.151693
0.152558
0.149836
0.150520
0.150565
0.151825
0.151030
0.150849
0.150389
0.151841
0.151512
0.151813
0.149576
0.151140
0.150803
0.152039
0.152556
0.151677
0.149243
0.151739
0.151359
0.149268
0.150029
0.152181
0.152650
0.153812
0.149979
0.150601
0.150798
0.152044
0.150744
0.150603
0.149740
0.151149
0.150837
0.147946
0.150710
0.153467
0.153260
0.150074
0.152418
0.151591
0.150956
0.151747
0.151596
0.149491
0.150013
0.149858
0.147708
0.150330
0.151960
0.148996
0.150382
0.149360
0.148936
0.150952
0.150955
0.150627
0.150176
0.150828
0.152173
0.150079
0.148875
0.151868
0.151273
0.150362
0.152717
0.150796
0.152980
0.150860
0.149853
0.149815
0.151392
0.149631
0.151524
0.149471
0.151089
0.154800
0.150646
0.150339
0.152922
0.150900
0.150146
0.150737
0.151857
0.153162
0.152350
0.151360
0.150128
0.149337
0.152636
0.149466
0.149141
0.150753
0.150496
0.150557
0.150578
0.151302
0.151552
0.148948
0.152605
0.152677
0.150644
0.151794
0.149865
0.149241
0.150855
0.148947
0.150919
0.151612
0.151350
0.151410
0.152116
0.151800
0.150016
0.151091
0.150209
0.149214
0.151333
0.151010
0.149820
0.151090
0.151747
0.152083
0.152625
0.154771
0.149857
0.148189
0.148038
0.148447
0.151153
0.151861
0.150280
0.150433
0.151559
0.149048
0.149694
0.151419
0.149653
0.148879
0.151823
0.150554
0.151827
0.151780
0.151846
0.151107
0.150729
0.149757
0.151575
0.151713
0.150705
0.152648
0.151759
0.150243
0.151608
0.149816
0.151216
0.152704
0.150817
0.149416
0.150633
0.150486
0.152879
0.150743
0.149061
0.150194
0.150486
0.152114
0.153086
0.153186
0.152051
0.151982
0.148824
0.146744
0.151204
0.149787
0.152049
0.150735
0.152204
0.152052
0.150565
0.149891
0.152103
0.152084
0.150120
0.148830
0.152216
0.152841
0.150121
0.152430
0.150082
0.151695
0.152007
0.150525
0.148943
0.153536
0.152231
0.152432
0.151410
0.152205
0.150366
0.150648
0.150006
0.152285
0.151842
0.151689
0.149824
0.148876
0.149724
0.151053
0.151485
0.148964
0.148666
0.151215
0.153188
0.150105
0.152244
0.150631
0.150645
0.149116
0.151482
0.151940
0.149606
0.148892
0.152602
0.152022
0.150945
0.151220
0.151446
0.153119
0.151470
0.150149
0.151549
0.150895
0.152959
0.150812
0.150764
0.150711
0.152105
0.150202
0.152291
0.151815
0.150592
0.150237
0.147915
0.153264
0.150459
0.150759
0.149010
0.151292
0.150072
0.150659
0.152370
0.148786
0.150433
0.150783
0.148767
0.149405
0.150149
0.150704
0.151620
0.151895
0.148719
0.151834
0.148719
0.149856
0.151820
0.150147
0.148700
0.152602
0.151725
0.151622
0.148022
0.151571
0.151859
0.151077
0.152118
0.149481
0.150055
0.151870
0.149779
0.149848
0.153284
0.148457
0.151580
0.149946
0.146714
0.153628
0.150085
0.151159
0.149810
0.148250
0.151505
0.149149
0.151467
0.151712
0.151404
0.150492
0.151434
0.150340
0.151397
0.152296
0.150927
0.151447
0.149865
0.152651
0.149723
0.152389
0.149235
0.148839
0.150880
0.152649
0.149014
0.151556
0.153801
0.151408
0.155188
0.152379
0.150248
0.152160
0.148966
0.149980
0.151877
0.151312
0.150532
0.150571
0.149192
0.151025
0.151301
0.148935
0.147601
0.150261
0.152913
0.148950
0.150412
0.151697
0.150184
0.152710
0.151039
0.151110
0.151555
0.151423
0.150752
0.150588
0.150655
0.149261
0.148728
0.149936
0.151581
0.150504
0.149844
0.151853
0.152192
0.150586
0.150883
0.152617
0.149599
0.148841
0.149734
0.147656
0.150968
0.150566
0.149326
0.150777
0.150229
0.151267
0.149634
0.149574
0.149163
0.152599
0.149885
0.150290
0.152499
0.150689
0.150522
0.152144
0.151721
0.151877
0.151279
0.148147
0.150319
0.149418
0.151595
0.150155
0.149633
0.150245
0.151171
0.151113
0.146970
0.150781
0.152543
0.151823
0.152095
0.151600
0.151328
0.150283
0.151325
0.152147
0.150631
0.151580
0.150169
0.149905
0.151821
0.151844
0.151716
0.149557
0.151646
0.149436
0.151065
0.150530
0.150759
0.151491
0.151490
0.150437
0.148703
0.150212
0.148252
0.151426
0.152556
0.151328
0.152006
0.153194
0.150211
0.148786
0.149579
0.151711
0.151634
0.151925
0.152111
0.150028
0.150573
0.152413
0.150927
0.150177
0.152169
0.149578
0.152090
0.151465
0.151536
0.150647
0.149854
0.151768
0.151053
0.150043
0.149207
0.152305
0.151059
0.151957
0.152176
0.152712
0.150672
0.148657
0.148303
0.150977
0.149921
0.148021
0.152621
0.150430
0.151890
0.152596
0.152309
0.149030
0.149945
0.153234
0.150708
0.151129
0.152388
0.150379
0.150377
0.150467
0.153004
0.152566
0.148662
0.151664
0.153651
0.152784
0.152665
0.151486
0.152418
0.150432
0.152882
0.150775
0.151688
0.151153
0.151056
0.151363
0.151510
0.151583
0.152891
0.151588
0.149708
0.152630
0.149446
0.151591
0.150673
0.150023
0.150692
0.151387
0.150607
0.150898
0.152894
0.148728
0.151238
0.149561
0.152299
0.149771
0.150281
0.151402
0.152346
0.150525
0.152339
0.150382
0.149599
0.150689
0.148895
0.150101
0.148227
0.151926
0.150657
0.148890
0.152432
0.155410
0.152744
0.149279
0.153277
0.150126
0.150278
0.148241
0.151042
0.149135
0.150068
0.152382
0.151072
0.153327
0.151156
0.150474
0.152501
0.147984
0.151081
0.152998
0.149695
0.150254
0.149143
0.148916
0.152697
0.151572
0.149438
0.150086
0.151132
0.150342
0.151470
0.153540
0.150625
0.150602
0.151209
0.152088
0.153652
0.152895
0.148994
0.151734
0.147764
0.150624
0.152406
0.151450
0.152102
0.151600
0.150951
0.151517
0.152808
0.152010
0.152806
0.149635
0.151678
0.150809
0.152289
0.149627
0.150652
0.151429
0.152620
0.154694
0.150936
0.151469
0.148401
0.150738
0.151600
0.152787
0.151478
0.150612
0.150482
0.151241
0.151838
0.150669
0.151766
0.151141
0.150082
0.151202
0.149717
0.150501
0.149407
0.151796
0.150577
0.149626
0.150533
0.151206
0.150661
0.150811
0.149466
0.151218
0.151120
0.149076
0.150828
0.152542
0.150704
0.151593
0.152891
0.150064
0.151304
0.150941
0.151204
0.150139
0.152076
0.151572
0.149156
0.151071
0.151606
0.149538
0.151154
0.150138
0.149762
0.151551
0.151676
0.150293
0.151388
0.150390
0.150249
0.150894
0.152353
0.151338
0.149550
0.151442
0.149850
0.151472
0.151005
0.152195
0.149870
0.150152
0.150287
0.147905
0.149939
0.149677
0.149889
0.150004
0.151761
0.150584
0.149932
0.149642
0.150731
0.149546
0.152643
0.149488
0.151800
0.149178
0.151514
0.150217
0.149875
0.149302
0.150000
0.150734
0.148995
0.151744
0.149819
0.150372
0.151975
0.151065
0.153251
0.149850
0.153512
0.149182
0.150874
0.150899
0.150982
0.152144
0.150851
0.149801
0.152078
0.152209
0.152492
0.154532
0.148905
0.148102
0.148307
0.151668
0.151935
0.151518
0.149402
0.150886
0.149770
0.151791
0.149444
0.151039
0.149626
0.151716
0.151998

binsize 4
0.151443
0.150488
0.150229
0.151346
0.149933
0.150954
0.151126
0.150835
0.150928
0.151056
0.150591
0.152209
0.151455
0.150813
0.150912
0.150624
0.152842
0.149224
0.151510
0.149063
0.150610
0.151245
0.153054
0.152545
0.150659
0.149990
0.150405
0.150379
0.149602
0.151153
0.150082
0.151571
0.151302
0.150957
0.150506
0.150678
0.151588
0.150217
0.150644
0.151147
0.151471
0.150758
0.151770
0.151765
0.151175
0.152127
0.151417
0.151607
0.149618
0.150797
0.151682
0.151742
0.149134
0.149866
0.151281
0.151343
0.151933
0.151195
0.150510
0.150500
0.152985
0.150691
0.150321
0.148513
0.152022
0.150562
0.148975
0.149864
0.151024
0.150447
0.151877
0.151202
0.152293
0.150568
0.150533
0.151193
0.151868
0.151170
0.152049
0.150407
0.152438
0.152509
0.150529
0.149799
0.150954
0.152101
0.151763
0.151300
0.151300
0.151308
0.151599
0.150245
0.150693
0.150312
0.151236
0.149800
0.152566
0.152142
0.150078
0.149425
0.151176
0.151908
0.150955
0.151649
0.152479
0.151723
0.150086
0.150034
0.150721
0.150986
0.151200
0.150788
0.150885
0.150995
0.151140
0.151026
0.151164
0.151874
0.148695
0.151292
0.150490
0.150404
0.151252
0.150394
0.151109
0.150145
0.151637
0.150270
0.151306
0.149728
0.150675
0.151050
0.149613
0.151766
0.151292
0.151131
0.151078
0.150325
0.151399
0.151209
0.151302
0.151807
0.148289
0.150144
0.151604
0.149591
0.151737
0.152174
0.150196
0.151857
0.151403
0.152527
0.152114
0.151588
0.151460
0.151695
0.149463
0.152383
0.151393
0.150852
0.150644
0.150825
0.149533
0.150208
0.151189
0.151673
0.150305
0.150883
0.149786
0.151203
0.150383
0.149645
0.150220
0.152503
0.151033
0.148831
0.151298
0.150123
0.152591
0.152150
0.152150
0.151657
0.149730
0.149854
0.150590
0.150071
0.149891
0.150121
0.150573
0.149274
0.151613
0.150756
0.150126
0.149798
0.150468
0.151568
0.150941
0.151744
0.149959
0.151635
0.151911
0.151376
0.151728
0.150490
0.151324
0.150551
0.151552
0.149701
0.151304
0.150629
0.150390
0.151506
0.150711
0.150785
0.152584
0.151639
0.149766
0.149968
0.150906
0.153395
0.151121
0.151663
0.152199
0.151850
0.149573
0.151073
0.150977
0.150166
0.151228
0.150164
0.150412
0.150422
0.149674
0.150395
0.152522
0.150840
0.150456
0.150678
0.152544
0.151672
0.149752
0.149328
0.150518
0.151078
0.151128
0.150162
0.151327
0.151274
0.149114
0.151222
0.151776
0.150712
0.151832
0.150792
0.151640
0.149848
0.150053
0.150722
0.152260
0.151050
0.151131
0.149899
0.150625
0.153025
0.150676
0.149857
0.152231
0.149774
0.151443
0.150945
0.150997
0.151737
0.149930
0.150938
0.151257
0.151857
0.150129
0.151458
0.151657
0.152130
0.151640
0.149885
0.151482
0.150289
0.151069
0.152026
0.149720
0.152016
0.152674
0.150528
0.151805
0.150291
0.149561
0.150882
0.150097
0.152284
0.151478
0.152438
0.150952
0.152032
0.151466
0.151764
0.151839
0.151719
0.149819
0.149938
0.150527
0.149949
0.150715
0.151845
0.151963
0.150577
0.151516
0.149122
0.151013
0.152005
0.149743
0.150228
0.149955
0.149660
0.151096
0.150922
0.150240
0.150517
0.150095
0.149881
0.149701
0.149669
0.151077
0.153274
0.151016
0.149124
0.150942
0.151086
0.151488
0.150317
0.151697
0.151513
0.149716
0.151310
0.150704
0.150897
0.150175
0.150815
0.152107
0.150036
0.149869
0.151382
0.149144
0.150370
0.151053
0.150889
0.150452
0.149768
0.151007
0.151987
0.149928
0.152256
0.151939
0.150989
0.149753
0.149356
0.149306
0.150508
0.150510
0.151277
0.152445
0.151665
0.150485
0.150610
0.151701
0.151561
0.150629
0.152418
0.151226
0.151724
0.150734
0.151020
0.151878
0.149878
0.150404
0.151378
0.152011
0.151312
0.151978
0.150064
0.149052
0.151528
0.150262
0.150542
0.150579
0.149847
0.149608
0.152000
0.151197
0.149790
0.148593
0.151300
0.151537
0.150786
0.149795
0.149899
0.151588
0.153185
0.151074
0.150571
0.150893
0.150591
0.151022
0.152426
0.150454
0.151048
0.152034
0.150524
0.150283
0.151117
0.150823
0.152121
0.151585
0.151639
0.150435
0.151664
0.149764
0.150323
0.150478
0.150526
0.149571
0.149315
0.151042
0.150632
0.152064
0.151977
0.150690
0.151646
0.148804
0.150259
0.150527
0.150644
0.150422
0.148839
0.150776
0.150994
0.150992
0.150721
0.151366
0.151431
0.151355
0.151525
0.151750
0.150168
0.152535
0.151111
0.150142
0.152025
0.150502
0.150234
0.151119
0.150679
0.150312
0.148781
0.149761
0.150349
0.151197
0.150587
0.151470
0.151751
0.150721
0.149128
0.151334
0.151631
0.150496
0.150007
0.149551
0.151016
0.150975
0.149572
0.148804
0.149498
0.149337
0.149876
0.151781
0.150845
0.150040
0.150139
0.150335
0.151370
0.151676
0.152041
0.149877
0.151057
0.150346
0.151815
0.151150
0.151297
0.151763
0.151615
0.150967
0.150920
0.148915
0.150884
0.150216
0.152018
0.151074
0.151609
0.150060
0.151436
0.151534
0.151619
0.148749
0.151987
0.151749
0.149972
0.151536
0.152066
0.149363
0.148998
0.151414
0.151184
0.151477
0.152264
0.149766
0.150537
0.151587
0.151993
0.151679
0.150903
0.150864
0.149853
0.152227
0.153298
0.150329
0.151106
0.150481
0.151476
0.149947
0.150970
0.151799
0.150659
0.149579
0.151421
0.151747
0.150472
0.148565
0.150213
0.152679
0.153097
0.152061
0.151144
0.152359
0.150426
0.150568
0.150563
0.149994
0.149923
0.149062
0.151267
0.151671
0.152323
0.150603
0.151624
0.152338
0.150218
0.151376
0.150697
0.150356
0.150928
0.150634
0.150803
0.151916
0.152945
0.149624
0.152457
0.150413
0.152171
0.150892
0.149800
0.149902
0.148445
0.150931
0.149922
0.150163
0.150497
0.150639
0.149620
0.150598
0.150410
0.152407
0.150673
0.151098
0.151312
0.153058
0.151928
0.151282
0.151647
0.150157
0.151588
0.151222
0.149881
0.150546
0.151010
0.150799
0.151190
0.149970
0.152090
0.150874
0.152315
0.150958
0.152387
0.151060
0.150620
0.150245
0.152360
0.149741
0.151019
0.149856
0.151139
0.152158
0.151651
0.151212
0.150794
0.149798
0.152048
0.149931
0.150005
0.150223
0.151036
0.152328
0.151703
0.151103
0.149068
0.149970
0.151011
0.151394
0.150226
0.149875
0.150959
0.151664
0.151845
0.151091
0.150584
0.150348
0.152878
0.152737
0.150341
0.150345
0.150720
0.150475
0.153113
0.150512
0.151775
0.150333
0.150436
0.150533
0.150357
0.149148
0.151907
0.150781
0.151803
0.150204
0.152394
0.150461
0.150944
0.150926
0.152537
0.151586
0.150594
0.151939
0.149644
0.151345
0.150926
0.151118
0.152004
0.149431
0.152125
0.150409
0.152345
0.151743
0.151820
0.151256
0.153440
0.150166
0.151384
0.149986
0.150334
0.152049
0.151627
0.151339
0.150106
0.152336
0.148949
0.150233
0.151709
0.151267
0.150704
0.149836
0.148774
0.150163
0.152098
0.149986
0.151557
0.151427
0.152036
0.150705
0.151499
0.151269
0.151847
0.153373
0.150645
0.150442
0.151756
0.151277
0.151855
0.150295
0.150996
0.151156
0.150634
0.152392
0.151982
0.150548
0.151311
0.150145
0.150441
0.149899
0.152136
0.151231
0.151025
0.150394
0.151541
0.150106
0.149334
0.151124
0.150752
0.149612
0.151758
0.151513
0.150748
0.151028
0.151306
0.150546
0.151179
0.149849
0.151966
0.151555
0.151389
0.151859
0.151321
0.151026
0.150715
0.148517
0.151280
0.152317
0.150495
0.150466
0.149682
0.150962
0.150318
0.149408
0.150605
0.150895
0.151703
0.149942
0.148501
0.150513
0.150967
0.150425
0.151583
0.148807
0.151836
0.150965
0.149723
0.150321
0.151391
0.151644
0.149370
0.151286
0.151546
0.150742
0.149112
0.149619
0.150726
0.150384
0.152087
0.152075
0.151181
0.151149
0.152229
0.152253
0.150414
0.150436
0.152196
0.149711
0.151884
0.149437
0.150570
0.150325
0.148588
0.148664
0.151719
0.151046
0.151070
0.150128
0.151657
0.152060
0.152566
0.151005
0.150751
0.151617
0.151227
0.150384
0.151054
0.149945
0.148582
0.151697
0.152122
0.149561
0.150683
0.150921
0.150805
0.150991
0.150423
0.150709
0.151315
0.151157
0.151038
0.151176
0.149693
0.150151
0.150461
0.151646
0.150539
0.150483
0.150595
0.152132
0.151150
0.151766
0.151791
0.150070
0.150473
0.149894
0.150315
0.151252
0.151755
0.150409
0.150738
0.151949
0.149486
0.151779
0.150340
0.149236
0.150925
0.151330
0.150911
0.153286
0.151116
0.151984
0.151065
0.149085
0.151336
0.149882
0.151003
0.150493
0.149740
0.151584
0.151324
0.149399
0.151459
0.150588
0.150452
0.152274
0.150184
0.149894
0.150490
0.151919
0.150746
0.153271
0.149853
0.151559
0.150214
0.148870
0.150350
0.150151
0.151245
0.150753
0.151368
0.151119
0.149932
0.151637
0.149242
0.151789
0.150895
0.149720
0.151217
0.150162
0.150635
0.150153
0.150264
0.149043
0.151163
0.149062
0.150587
0.150493
0.150506
0.151183
0.150717
0.151537
0.150518
0.152241
0.150898
0.151564
0.150315
0.149437
0.149280
0.151709
0.152111
0.150885
0.150854
0.150805
0.150435
0.151833
0.149669
0.149859
0.151220
0.150511
0.150215
0.152322
0.152693
0.150941
0.151174
0.149540
0.151052
0.150734
0.150875
0.152078
0.152071
0.148967
0.150631
0.149973
0.150744
0.149856
0.151281
0.151586
0.151909
0.150423
0.150657
0.151436
0.150030
0.151040
0.150740
0.151141
0.150198
0.150883
0.150202
0.152132
0.153330
0.150071
0.152087
0.149838
0.151295
0.150485
0.150317
0.152380
0.151394
0.151985
0.151377
0.151471
0.152016
0.151164
0.151631
0.150344
0.150442
0.152944
0.150384
0.150955
0.151337
0.152955
0.152179
0.149124
0.150073
0.150894
0.151353
0.152141
0.152301
0.150207
0.151673
0.151050
0.151095
0.150775
0.151767
0.150492
0.150516
0.150676
0.151779
0.151293
0.150613
0.151354
0.151405
0.151673
0.150803
0.151286
0.149497
0.150126
0.150123
0.150810
0.151514
0.152186
0.151430
0.152462
0.152079
0.150884
0.151319
0.152657
0.152156
0.151237
0.151449
0.150536
0.150681
0.153087
0.152290
0.151256
0.152308
0.151062
0.150229
0.152239
0.149399
0.150980
0.151199
0.151376
0.151389
0.151112
0.150618
0.152072
0.150471
0.151007
0.150215
0.150273
0.148874
0.151393
0.150176
0.150467
0.151204
0.152095
0.152630
0.151790
0.150881
0.150089
0.150769
0.150538
0.150829
0.152674
0.150576
0.151184
0.149785
0.149697
0.150284
0.150827
0.150996
0.151952
0.150248
0.151201
0.151412
0.149564
0.151268
0.149880
0.149536
0.149958
0.150259
0.151068
0.150526
0.150026
0.150046
0.151936
0.150333
0.149995
0.152016
0.151371
0.151675
0.151846
0.152961
0.152100
0.149947
0.150400
0.153479
0.150917
0.150201
0.151189
0.150758
0.150928
0.150282
0.151171
0.151540
0.150436
0.151506
0.150780
0.151935
0.149976
0.151953
0.151561
0.149705
0.150889
0.151725
0.150956
0.150646
0.151591
0.151891
0.153001
0.151196
0.152224
0.150361
0.151137
0.150300
0.150723
0.150493
0.151987
0.151728
0.152149
0.151579
0.149495
0.150484
0.150487
0.148975
0.150872
0.149963
0.149930
0.150745
0.151448
0.152158
0.150090
0.148694
0.149069
0.149930
0.151942
0.150299
0.151483
0.152024
0.150847
0.151164
0.151675
0.152142
0.150636
0.150722
0.149570
0.149789
0.151067
0.154648
0.154158
0.149998
0.150964
0.149240
0.150013
0.150733
0.151797
0.150728
0.149927
0.149946
0.149924
0.151652
0.151461
0.150915
0.152466
0.152245
0.151578
0.151982
0.151161
0.150688
0.151442
0.150356
0.151165
0.150722
0.150382
0.149277
0.150995
0.150334
0.150204
0.150831
0.150941
0.150385
0.149483
0.151524
0.150837
0.149494
0.151539
0.149703
0.150187
0.150932
0.152252
0.151620
0.150123
0.150990
0.149295
0.149698
0.150649
0.151489
0.150255
0.150431
0.150674
0.150933
0.150688
0.152697
0.152243
0.150133
0.150691
0.149955
0.152820
0.151154
0.149043
0.151354
0.151445
0.151324
0.150395
0.149295
0.149932
0.150245
0.150558
0.149690
0.151029
0.149965
0.150896
0.150659
0.150451
0.149839
0.151138
0.148623
0.151637
0.150886
0.149897
0.151092
0.151361
0.150375
0.152281
0.153300
0.151839
0.151991
0.150268
0.150241
0.150580
0.150459
0.150477
0.151726
0.150903
0.150037
0.151509
0.149459
0.149858
0.150183
0.151007
0.150224
0.151130
0.151271
0.150398
0.150636
0.149828
0.150794
0.150912
0.151156
0.152007
0.149919
0.151229
0.148872
0.149670
0.151780
0.149028
0.151065
0.150339
0.150108
0.149456
0.150337
0.151434
0.151752
0.151847
0.151963
0.151206
0.150390
0.151746
0.150029
0.150793
0.151360
0.152935
0.151312
0.149217
0.151405
0.150286
0.150171
0.151835
0.151977
0.150316
0.151773
0.152767
0.150658
0.151702
0.150953
0.151074
0.152150
0.149442
0.150927
0.151858
0.150227
0.150971
0.151518
0.150508
0.151212
0.150996
0.149019
0.150675
0.149346
0.151340
0.149299
0.151390
0.151464
0.151455
0.151942
0.150452
0.150421
0.149421
0.149475
0.152330
0.150890
0.149978
0.153216
0.149763
0.150247
0.150974
0.150051
0.151450
0.150655
0.150740
0.150345
0.149619
0.150488
0.150906
0.150019
0.151900
0.150979
0.149119
0.150722
0.150728
0.151102
0.150463
0.150059
0.150442
0.149371
0.148155
0.152833
0.151762
0.152055
0.150143
0.150345
0.150691
0.150892
0.149771
0.150645
0.150524
0.151642
0.150206
0.151986
0.150987
0.149059
0.149991
0.150433
0.151589
0.149732
0.150901
0.151098
0.150776
0.151552
0.150307
0.150248
0.153029
0.150247
0.152552
0.150255
0.149474
0.152262
0.149602
0.150154
0.151387
0.150297
0.150176
0.151105
0.150414
0.149924
0.152369
0.149665
0.151403
0.150541
0.150749
0.151878
0.151265
0.152537
0.150798
0.149579
0.150932
0.149923
0.150496
0.150070
0.150706
0.150489
0.151261
0.152172
0.149388
0.151589
0.151577
0.152641
0.150638
0.150500
0.151567
0.151556
0.150860
0.152784
0.152005
0.151676
0.151840
0.152418
0.151058
0.151496
0.151572
0.151216
0.152273
0.148932
0.150463
0.151336
0.150649
0.149792
0.151696
0.150049
0.151317
0.150710
0.150773
0.151193
0.150248
0.150479
0.151354
0.150260
0.150224
0.150390
0.150073
0.152864
0.151438
0.151195
0.150659
0.151384
0.151505
0.150739
0.150740
0.149907
0.151325
0.152565
0.150325
0.150691
0.151745
0.151484
0.151315
0.150324
0.151121
0.149215
0.150911
0.151820
0.150188
0.151658
0.150567
0.151099
0.150576
0.150359
0.151121
0.149768
0.151090
0.151461
0.151103
0.150843
0.150317
0.149776
0.150652
0.150041
0.150041
0.150489
0.152858
0.148927
0.151728
0.150560
0.151298
0.153260
0.151292
0.150680
0.150751
0.150986
0.151118
0.151696
0.152155
0.150336
0.150880
0.151456
0.151208
0.151110
0.151523
0.151432
0.151586
0.150984
0.152125
0.151351
0.149919
0.151210
0.150782
0.151605
0.153467
0.151397
0.150777
0.152876
0.151231
0.152063
0.150012
0.151821
0.151441
0.151086
0.152163
0.152220
0.152217
0.149186
0.153004
0.152282
0.150475
0.150929
0.150765
0.151413
0.150593
0.151365
0.149301
0.150799
0.150526
0.150658
0.152379
0.150452
0.152213
0.150557
0.151331
0.151759
0.152180
0.151468
0.151039
0.152073
0.151117
0.150356
0.149716
0.149980
0.151645
0.151199
0.149705
0.150822
0.149636
0.151652
0.151378
0.150526
0.152482
0.150652
0.150527
0.152998
0.151957
0.152218
0.149927
0.149108
0.151729
0.150552
0.151390
0.151271
0.152910
0.152357
0.150791
0.150809
0.148489
0.150484
0.149359
0.151550
0.151894
0.150570
0.150615
0.150871
0.151228
0.148906
0.150692
0.151673
0.151842
0.152795
0.151748
0.150642
0.150278
0.151026
0.150225
0.152212
0.151305
0.151398
0.150807
0.149777
0.150702
0.150926
0.150851
0.151147
0.150877
0.152446
0.153368
0.150620
0.150117
0.152009
0.150653
0.149695
0.148959
0.150660
0.152246
0.151404
0.151460
0.150600
0.151936
0.150010
0.150251
0.152101
0.149328
0.150662
0.150526
0.153310
0.151649
0.151301
0.152384
0.153134
0.153218
0.150850
0.151192
0.151430
0.151046
0.152765
0.150093
0.150682
0.150319
0.149245
0.149604
0.150357
0.151348
0.151743
0.149410
0.151753
0.151113
0.149942
0.150091
0.150369
0.152986
0.150875
0.150854
0.150247
0.151338
0.151824
0.149368
0.151115
0.150616
0.150278
0.150081
0.151359
0.150882
0.151933
0.152929
0.149288
0.150380
0.150478
0.151637
0.151089
0.153086
0.152943
0.150443
0.151490
0.151194
0.152713
0.149990
0.151849
0.150235
0.150864
0.152325
0.149786
0.150557
0.150763
0.151065
0.151324
0.150732
0.151267
0.149390
0.150554
0.149139
0.149745
0.149619
0.150681
0.149634
0.150670
0.150956
0.150680
0.152926
0.150540
0.150950
0.150609
0.149356
0.150105
0.150648
0.150271
0.151335
0.151197
0.150543
0.151428
0.150619
0.151676
0.150694
0.150971
0.152297
0.150460
0.151549
0.149649
0.152415
0.151895
0.150700
0.151394
0.150171
0.150993
0.149328
0.153363
0.151246
0.151273
0.151672
0.149752
0.148783
0.151145
0.149689
0.149148
0.150953
0.150402
0.151501
0.149477
0.151570
0.151540
0.151888
0.150356
0.150604
0.150578
0.150280
0.152723
0.151631
0.150523
0.151297
0.152756
0.150744
0.150986
0.149304
0.150624
0.150567
0.151427
0.150777
0.151661
0.150829
0.150048
0.149933
0.151481
0.151763
0.150908
0.150650
0.150274
0.150415
0.151419
0.152354
0.152314
0.148114
0.149800
0.151071
0.150996
0.149371
0.150536
0.150351
0.151190
0.151813
0.150918
0.150666
0.151209
0.152203
0.150925
0.150516
0.151761
0.150025
0.151682
0.149902
0.150340
0.152600
0.152618
0.150403
0.148974
0.150918
0.151470
0.151309
0.150997
0.151102
0.150523
0.151481
0.151256
0.151851
0.149734
0.152884
0.151921
0.151286
0.150327
0.152064
0.150756
0.149300
0.151269
0.148815
0.152201
0.151175
0.150638
0.150299
0.150773
0.150747
0.151484
0.151333
0.152294
0.150849
0.151927
0.150788
0.151408
0.151247
0.151203
0.149076
0.151861
0.149885
0.150682
0.151515
0.149610
0.149775
0.149777
0.151162
0.150307
0.150276
0.150838
0.149423
0.152163
0.149822
0.151715
0.151598
0.149768
0.150824
0.151566
0.150018
0.148330
0.151856
0.150485
0.149878
0.150308
0.151558
0.150963
0.150869
0.151612
0.150656
0.151187
0.150812
0.149859
0.150832
0.152678
0.153298
0.151313
0.150563
0.150928
0.150922
0.149882
0.151163
0.148268
0.151587
0.149681
0.150940
0.151875
0.151332
0.151087
0.150621
0.148995
0.150758
0.150174
0.152022
0.150735
0.151108
0.149287
0.149312
0.149946
0.150503
0.150450
0.149369
0.151242
0.151395
0.150606
0.151932
0.151578
0.149233
0.150507
0.149894
0.150708
0.149042
0.151662
0.151959
0.151464
0.150804
0.151389
0.150875
0.150863
0.151780
0.150602
0.150251
0.150644
0.151491
0.149570
0.149232
0.151991
0.151667
0.151703
0.149183
0.151672
0.152018
0.150301
0.151670
0.151173
0.150834
0.151501
0.150250
0.151411
0.149625
0.151682
0.152066
0.151692
0.148480
0.150449
0.150321
0.151160
0.152453
0.149488
0.151971
0.151759
0.150378
0.151735
0.150614
0.152657
0.152725
0.151952
0.151657
0.151232
0.151105
0.151437
0.152237
0.150648
0.151038
0.151132
0.150358
0.150997
0.151896
0.149983
0.150930
0.150026
0.151874
0.151432
0.149990
0.149792
0.149164
0.151291
0.150661
0.154077
0.151278
0.150202
0.149642
0.149601
0.151727
0.152242
0.151487
0.149532
0.151347
0.149699
0.150807
0.150505
0.150609
0.150906
0.152082
0.150906
0.152870
0.150945
0.149749
0.151515
0.151776
0.151276
0.152163
0.152408
0.150657
0.151549
0.150140
0.152025
0.152815
0.149935
0.151169
0.152133
0.150547
0.151540
0.151217
0.150612
0.150460
0.149954
0.151187
0.150080
0.150933
0.150139
0.151169
0.149952
0.151623
0.152242
0.150684
0.151073
0.151107
0.150364
0.151338
0.150346
0.149950
0.151614
0.150841
0.150320
0.151623
0.150444
0.150646
0.151238
0.151032
0.150219
0.148922
0.149783
0.150883
0.150258
0.150187
0.151094
0.150644
0.150346
0.150046
0.149651
0.149864
0.150782
0.151174
0.152158
0.151681
0.150028
0.150941
0.151498
0.150939
0.152350
0.151718
0.148204
0.151802
0.150460
0.150328
0.150618
0.150333
0.151857

binsize 8
0.150966
0.150788
0.150443
0.150981
0.150992
0.151400
0.151134
0.150768
0.151033
0.150286
0.150927
0.152800
0.150324
0.150392
0.150378
0.150827
0.151129
0.150592
0.150903
0.150895
0.151115
0.151767
0.151651
0.151512
0.150208
0.151712
0.149500
0.151312
0.151564
0.150505
0.151838
0.149417
0.151292
0.149419
0.150735
0.151539
0.151431
0.150863
0.151519
0.151228
0.152474
0.150164
0.151528
0.151531
0.151304
0.150922
0.150503
0.150518
0.152354
0.149752
0.151542
0.151302
0.152101
0.150060
0.150854
0.150994
0.150940
0.151083
0.151519
0.149993
0.150447
0.150823
0.150627
0.150954
0.150517
0.150862
0.150690
0.151212
0.150702
0.151304
0.151554
0.149216
0.150597
0.151955
0.151026
0.151965
0.151851
0.151578
0.150923
0.151122
0.150735
0.149871
0.151431
0.150594
0.150495
0.150014
0.151361
0.149932
0.150711
0.152370
0.151904
0.149792
0.150330
0.150006
0.149924
0.151184
0.149962
0.151018
0.151343
0.150797
0.151643
0.151109
0.150937
0.150626
0.150966
0.150948
0.150748
0.152112
0.149867
0.152150
0.151392
0.152025
0.150323
0.150571
0.150696
0.150417
0.150035
0.151681
0.150567
0.152108
0.149540
0.150798
0.150645
0.151301
0.150168
0.151244
0.151312
0.150744
0.150388
0.151655
0.150515
0.151825
0.150266
0.151002
0.151194
0.151367
0.150434
0.151557
0.150794
0.151893
0.150762
0.150886
0.151548
0.150868
0.151601
0.151048
0.150222
0.151190
0.151958
0.151492
0.151615
0.151779
0.149878
0.150238
0.151280
0.151270
0.150319
0.151509
0.149986
0.149808
0.151009
0.150379
0.149988
0.149685
0.152176
0.150070
0.151014
0.150903
0.151605
0.150513
0.150801
0.150495
0.151072
0.150626
0.149757
0.150971
0.150110
0.151497
0.151092
0.151464
0.149555
0.149907
0.150894
0.152055
0.150547
0.151631
0.151524
0.151475
0.150877
0.150878
0.150891
0.151662
0.151021
0.150290
0.150402
0.150213
0.150804
0.150493
0.149946
0.151161
0.149847
0.152386
0.150823
0.150742
0.151724
0.150751
0.151279
0.150700
0.151472
0.151612
0.151049
0.150044
0.150502
0.149443
0.150837
0.152021
0.151168
0.149532
0.150586
0.149631
0.150885
0.150856
0.151398
0.151440
0.150959
0.151823
0.151084
0.150368
0.150899
0.149547
0.150055
0.150892
0.151610
0.149924
0.151483
0.150251
0.150283
0.150274
0.149151
0.149606
0.151313
0.150090
0.150853
0.151858
0.150467
0.151081
0.151223
0.151689
0.150944
0.149900
0.151117
0.151342
0.150748
0.151577
0.150368
0.150860
0.151801
0.149180
0.151299
0.151871
0.150151
0.151790
0.151291
0.150359
0.152763
0.150718
0.150979
0.150459
0.151229
0.150500
0.151109
0.149389
0.152888
0.151603
0.151392
0.150566
0.149959
0.150165
0.151997
0.151113
0.151278
0.151036
0.150642
0.150718
0.152430
0.151040
0.151292
0.150346
0.149173
0.150427
0.150330
0.150130
0.150504
0.151540
0.151205
0.152493
0.151465
0.150873
0.150552
0.150778
0.150995
0.151030
0.151594
0.151673
0.150840
0.151303
0.150380
0.150498
0.151905
0.151003
0.150923
0.149968
0.150629
0.152016
0.150086
0.150491
0.150810
0.150417
0.151755
0.150837
0.151613
0.151539
0.150533
0.151794
0.151143
0.150384
0.150445
0.150527
0.151292
0.151299
0.150702
0.151732
0.151090
0.150791
0.151135
0.151561
0.150778
0.151377
0.151781
0.152348
0.150775
0.150160
0.151838
0.150722
0.150643
0.150971
0.150986
0.149305
0.151131
0.150772
0.151731
0.151102
0.151558
0.152009
0.151099
0.151566
0.150645
0.150895
0.152187
0.150929
0.150293
0.151017
0.151128
0.150967
0.149720
0.150938
0.150685
0.151130
0.151167
0.150863
0.150907
0.151472
0.151590
0.150870
0.149899
0.151406
0.150074
0.150640
0.150007
0.151299
0.149221
0.150740
0.151004
0.150322
0.150344
0.150856
0.150507
0.151416
0.149927
0.150172
0.151235
0.151628
0.151689
0.151333
0.151316
0.150797
0.150003
0.149456
0.150192
0.151058
0.150892
0.152313
0.150878
0.151422
0.150719
0.149264
0.151909
0.150122
0.150863
0.150707
0.151012
0.151097
0.150435
0.150306
0.151093
0.150539
0.151641
0.151779
0.150272
0.150105
0.151503
0.150573
0.150718
0.151059
0.150080
0.151120
0.152201
0.151525
0.150211
0.150442
0.150117
0.151454
0.150429
0.150520
0.151229
0.150192
0.151333
0.151562
0.150886
0.149610
0.150698
0.151060
0.150525
0.150439
0.151342
0.150468
0.150399
0.150209
0.150103
0.149824
0.150499
0.150950
0.151027
0.151570
0.150940
0.149359
0.151910
0.150870
0.150620
0.150751
0.150539
0.150363
0.152507
0.151058
0.150296
0.150804
0.152075
0.149799
0.150358
0.150568
0.151748
0.150540
0.150733
0.150890
0.150670
0.150542
0.152731
0.151079
0.150567
0.150401
0.151887
0.151681
0.151743
0.151397
0.150393
0.151664
0.151146
0.152567
0.149599
0.151124
0.152221
0.150940
0.151072
0.151271
0.150504
0.151227
0.150953
0.151379
0.151238
0.150392
0.150124
0.151162
0.151808
0.152271
0.151102
0.152407
0.151343
0.150608
0.152689
0.151782
0.150645
0.150819
0.151090
0.151382
0.150865
0.151272
0.150611
0.149574
0.150784
0.150835
0.152363
0.151335
0.150429
0.150684
0.151625
0.150484
0.149990
0.150912
0.151100
0.151307
0.150416
0.149708
0.150108
0.150797
0.150036
0.151134
0.151006
0.151523
0.152404
0.151024
0.151939
0.150559
0.150973
0.150605
0.151356
0.150971
0.151358
0.150964
0.150633
0.151307
0.150801
0.151741
0.152098
0.151293
0.150719
0.150608
0.151858
0.151864
0.149990
0.149731
0.150418
0.150337
0.151803
0.149392
0.149500
0.151120
0.151754
0.151005
0.151909
0.150679
0.149679
0.152857
0.152078
0.150102
0.150373
0.151263
0.149936
0.150788
0.151188
0.152355
0.151780
0.150924
0.150899
0.150943
0.149830
0.150664
0.150518
0.150663
0.150503
0.150165
0.150621
0.150560
0.151936
0.150556
0.149496
0.151069
0.150343
0.150803
0.151693
0.151188
0.150323
0.151987
0.150198
0.151385
0.149845
0.150089
0.150124
0.150497
0.150778
0.150145
0.149881
0.151262
0.150495
0.150868
0.152791
0.151915
0.150255
0.150519
0.151102
0.150470
0.150484
0.150020
0.150616
0.151201
0.150517
0.150311
0.151034
0.150963
0.150051
0.150725
0.150046
0.150224
0.149897
0.151593
0.151905
0.150798
0.150887
0.151076
0.152123
0.150311
0.150228
0.151906
0.151044
0.151713
0.151327
0.151612
0.150184
0.151043
0.151245
0.150860
0.150007
0.150010
0.150320
0.151427
0.151699
0.150436
0.149448
0.151610
0.151597
0.150005
0.150512
0.151053
0.150543
0.150054
0.150462
0.151439
0.149921
0.150915
0.150261
0.149907
0.150494
0.151909
0.150244
0.150792
0.150208
0.151083
0.151096
0.150023
0.150212
0.150661
0.150999
0.151164
0.150278
0.151638
0.151403
0.150868
0.149878
0.150842
0.150641
0.150169
0.151017
0.150972
0.151313
0.151901
0.150188
0.150427
0.150283
0.150598
0.151716
0.150488
0.152109
0.150569
0.151561
0.151822
0.151840
0.152129
0.151277
0.151394
0.150603
0.150900
0.150220
0.150873
0.151013
0.150983
0.150364
0.150807
0.150307
0.151468
0.151316
0.151022
0.151122
0.150323
0.151945
0.150508
0.151614
0.150819
0.150168
0.151365
0.150923
0.150833
0.150467
0.150445
0.151275
0.150973
0.150047
0.150347
0.150265
0.150893
0.151144
0.152279
0.150986
0.150869
0.151407
0.151246
0.151168
0.151159
0.151478
0.151285
0.151738
0.150564
0.151193
0.152432
0.151826
0.151647
0.150917
0.151264
0.152191
0.150702
0.152643
0.150702
0.151089
0.150979
0.150050
0.150592
0.151416
0.151385
0.151545
0.151824
0.151556
0.150737
0.149848
0.151422
0.150264
0.150644
0.150952
0.151567
0.151762
0.152088
0.149517
0.151141
0.151330
0.152633
0.150800
0.149486
0.150455
0.151232
0.150743
0.150067
0.151183
0.152318
0.151195
0.150652
0.151219
0.151351
0.150292
0.150814
0.150999
0.151661
0.151994
0.151063
0.150174
0.149810
0.151825
0.151030
0.150973
0.151176
0.149995
0.151918
0.151475
0.152759
0.152034
0.151311
0.151905
0.150388
0.149782
0.149981
0.151545
0.150581
0.150528
0.150230
0.151930
0.150551
0.151581
0.150242
0.150447
0.150720
0.151408
0.151108
0.150429
0.151363
0.153015
0.150966
0.151953
0.150919
0.150549
0.151056
0.150660
0.151195
0.150999
0.149972
0.149442
0.150150
0.150152
0.150818
0.151733
0.150779
0.149731
0.150460
0.151266
0.150985
0.151148
0.150833
0.151379
0.150599
0.152155
0.151047
0.150582
0.151345
0.151260
0.150712
0.149964
0.149418
0.150678
0.150489
0.151555
0.151122
0.150591
0.151501
0.151077
0.152027
0.150865
0.149964
0.150997
0.151219
0.150439
0.150707
0.151335
0.150462
0.150917
0.152334
0.148957
0.151033
0.149954
0.150771
0.151365
0.150937
0.151564
0.151138
0.150853
0.150121
0.152609
0.149688
0.151194
0.151153
0.150812
0.151368
0.150792
0.152402
0.150806
0.151410
0.150284
0.150508
0.150906
0.150536
0.151115
0.151814
0.151388
0.151098
0.151225
0.150469
0.150283
0.150562
0.149776
0.150734
0.150557
0.150793
0.150768
0.150683
0.151195
0.149174
0.151170
0.150093
0.151261
0.151240
0.150921
0.150336
0.151755
0.152306
0.150746
0.150402
0.149716
0.150634
0.151408
0.151210
0.149808
0.150466
0.151378
0.150198
0.149629
0.150477
0.150305
0.151000
0.151755
0.149870
0.150301
0.150352
0.151711
0.151096
0.150869
0.151191
0.150447
0.150530
0.150612
0.151685
0.150427
0.151159
0.151421
0.151167
0.150831
0.150653
0.151879
0.149464
0.150741
0.150970
0.151865
0.151057
0.151636
0.152338
0.151444
0.151271
0.151443
0.151085
0.150677
0.150940
0.150478
0.151653
0.149891
0.150228
0.152369
0.150740
0.149621
0.151984
0.150510
0.150523
0.150656
0.150757
0.151494
0.151907
0.150632
0.151526
0.152286
0.151103
0.151082
0.151375
0.151651
0.151043
0.150914
0.150207
0.150633
0.150536
0.150560
0.151932
0.150878
0.150736
0.150842
0.150782
0.150580
0.151034
0.150942
0.150626
0.149353
0.150570
0.150640
0.150495
0.149848
0.150323
0.151666
0.150855
0.151219
0.151645
0.149961
0.151131
0.150473
0.151095

binsize 16
0.150877
0.150712
0.151196
0.150951
0.150659
0.151864
0.150358
0.150602
0.150861
0.150899
0.151441
0.151582
0.150960
0.150406
0.151035
0.150628
0.150356
0.151137
0.151147
0.151374
0.151319
0.151529
0.151113
0.150510
0.151053
0.151422
0.151080
0.150924
0.151011
0.150756
0.150635
0.150790
0.150689
0.150951
0.151003
0.150385
0.151276
0.151496
0.151714
0.151023
0.150303
0.151012
0.150254
0.150647
0.151540
0.150848
0.150168
0.150554
0.150490
0.151070
0.151376
0.150782
0.150957
0.151430
0.151009
0.151708
0.150447
0.150556
0.150858
0.151338
0.150169
0.150973
0.150706
0.151028
0.151022
0.151170
0.150634
0.151281
0.150995
0.151344
0.150824
0.151208
0.151325
0.150706
0.151725
0.151697
0.150058
0.151275
0.150914
0.149897
0.150694
0.149836
0.151123
0.150958
0.151059
0.150648
0.150849
0.150364
0.150804
0.151278
0.149731
0.151475
0.151089
0.151499
0.150877
0.151276
0.150655
0.150307
0.150649
0.150554
0.151117
0.150782
0.151237
0.150990
0.151542
0.150547
0.149972
0.151429
0.150350
0.150108
0.150871
0.151419
0.151391
0.150726
0.150223
0.150473
0.150767
0.150867
0.150279
0.149379
0.150701
0.151355
0.150774
0.151456
0.150422
0.151229
0.151162
0.150614
0.150491
0.151585
0.150971
0.150825
0.151740
0.150719
0.150864
0.150249
0.152245
0.150979
0.150062
0.151555
0.151157
0.150680
0.151735
0.150819
0.149800
0.150230
0.151022
0.151849
0.151169
0.150665
0.151012
0.151633
0.151071
0.150439
0.151454
0.150446
0.151323
0.150288
0.150614
0.151296
0.151576
0.151163
0.150764
0.150486
0.151295
0.151217
0.150941
0.151348
0.151078
0.152065
0.150468
0.151280
0.150807
0.150145
0.150951
0.151417
0.151783
0.151332
0.150770
0.151558
0.150655
0.151048
0.150329
0.150908
0.151015
0.151190
0.151230
0.150653
0.150357
0.150653
0.149981
0.150663
0.150600
0.150962
0.150050
0.151432
0.151511
0.151057
0.149730
0.150625
0.151603
0.151150
0.149991
0.151016
0.150785
0.151055
0.150370
0.150816
0.151710
0.150188
0.151038
0.150888
0.150600
0.151863
0.150327
0.150785
0.150474
0.150710
0.151448
0.150248
0.150879
0.150482
0.150905
0.150304
0.149964
0.150725
0.151298
0.150149
0.151390
0.150685
0.150451
0.151783
0.150550
0.150937
0.150463
0.151144
0.150811
0.150606
0.151905
0.150484
0.151784
0.151570
0.151029
0.151856
0.150361
0.151580
0.151171
0.150866
0.151166
0.150815
0.150643
0.152040
0.151754
0.150976
0.152235
0.150732
0.151236
0.151068
0.150092
0.150810
0.151849
0.150557
0.151054
0.150451
0.151203
0.150062
0.150453
0.150585
0.151264
0.151714
0.151249
0.150789
0.151163
0.151161
0.150970
0.151271
0.151696
0.150664
0.151861
0.149860
0.150377
0.150597
0.150310
0.151379
0.151294
0.151268
0.151090
0.150818
0.150362
0.151772
0.151352
0.150921
0.150247
0.150590
0.150334
0.150590
0.151246
0.150283
0.150573
0.151440
0.151155
0.150792
0.149967
0.150310
0.150461
0.150571
0.150681
0.152353
0.150387
0.150786
0.150252
0.150908
0.150414
0.150998
0.150388
0.150135
0.150745
0.151352
0.150982
0.151217
0.151067
0.151378
0.151470
0.150614
0.151052
0.150009
0.150873
0.151067
0.150529
0.150801
0.150782
0.150298
0.150951
0.150418
0.150084
0.151201
0.150518
0.150645
0.150559
0.150436
0.151082
0.150958
0.151136
0.150360
0.150405
0.150995
0.151607
0.150308
0.150440
0.151102
0.151339
0.151692
0.151984
0.151335
0.150751
0.150547
0.150998
0.150585
0.150888
0.151169
0.150723
0.151227
0.151217
0.150767
0.150878
0.150456
0.151124
0.150197
0.150579
0.151711
0.150927
0.151326
0.151163
0.151381
0.151151
0.151813
0.151737
0.151090
0.151446
0.151672
0.151034
0.150321
0.151400
0.151684
0.151146
0.150635
0.150454
0.151260
0.151925
0.150329
0.151982
0.150143
0.150843
0.150405
0.151751
0.150923
0.151285
0.150553
0.151330
0.151529
0.149992
0.151428
0.151075
0.150957
0.152117
0.151672
0.151146
0.149881
0.151063
0.150379
0.151240
0.150911
0.150583
0.151258
0.150896
0.151991
0.151436
0.150802
0.150928
0.150486
0.149796
0.150485
0.151256
0.150095
0.151126
0.150990
0.150989
0.151601
0.150964
0.150986
0.149691
0.150583
0.151338
0.151046
0.151552
0.150415
0.151108
0.150573
0.150899
0.151626
0.149995
0.150362
0.151151
0.151351
0.150487
0.151149
0.151173
0.151090
0.151597
0.151108
0.150396
0.150721
0.151464
0.151243
0.150847
0.150423
0.150255
0.150675
0.150726
0.150185
0.150632
0.151251
0.150629
0.152030
0.150574
0.150175
0.151309
0.150137
0.150788
0.150053
0.150653
0.150812
0.150326
0.151404
0.151030
0.150489
0.151148
0.150793
0.151294
0.150742
0.150672
0.150855
0.151461
0.151987
0.151357
0.151264
0.150809
0.151065
0.150059
0.151555
0.150803
0.150516
0.150707
0.151701
0.151079
0.151694
0.151229
0.151347
0.150561
0.150585
0.151246
0.150807
0.150812
0.150807
0.150784
0.149962
0.150568
0.150086
0.151260
0.151432
0.150546
0.150784

binsize 32
0.150794
0.151073
0.151262
0.150480
0.150880
0.151511
0.150683
0.150831
0.150746
0.151260
0.151424
0.150812
0.151237
0.151002
0.150884
0.150713
0.150820
0.150694
0.151386
0.151369
0.150657
0.150450
0.151194
0.150361
0.150780
0.151079
0.151194
0.151358
0.150502
0.151098
0.150571
0.150867
0.151096
0.150958
0.151170
0.151016
0.151015
0.151711
0.150667
0.150405
0.150265
0.151041
0.150854
0.150606
0.151041
0.150603
0.151294
0.151077
0.150481
0.150601
0.150950
0.151114
0.151044
0.150701
0.150229
0.151145
0.151058
0.150348
0.150817
0.149829
0.151028
0.151115
0.150826
0.150888
0.151038
0.150898
0.151229
0.150557
0.151612
0.150808
0.150919
0.151277
0.150015
0.151436
0.150917
0.151323
0.150755
0.150950
0.150805
0.150955
0.151370
0.150625
0.151256
0.151144
0.151571
0.150874
0.150476
0.151184
0.151558
0.151164
0.150851
0.150618
0.151102
0.150941
0.150505
0.150322
0.150781
0.150741
0.151284
0.150177
0.151376
0.150504
0.150920
0.150593
0.150949
0.150963
0.151232
0.150556
0.150592
0.150848
0.150681
0.150604
0.150344
0.150724
0.151038
0.151117
0.150743
0.150804
0.150709
0.151194
0.151677
0.151443
0.150971
0.151019
0.150990
0.151341
0.151365
0.151484
0.151152
0.150451
0.151203
0.150753
0.150633
0.150519
0.151489
0.151019
0.151162
0.151121
0.151180
0.150861
0.150487
0.150845
0.151281
0.150954
0.151067
0.151137
0.150419
0.150462
0.150764
0.151007
0.150973
0.150139
0.150516
0.151517
0.150586
0.150580
0.150706
0.150261
0.151048
0.151100
0.151223
0.151042
0.150531
0.150970
0.150665
0.150540
0.150684
0.150643
0.150582
0.150498
0.151020
0.150748
0.150700
0.150958
0.150771
0.151515
0.151660
0.150649
0.150792
0.151028
0.150975
0.150992
0.150667
0.150660
0.151145
0.151127
0.151272
0.151482
0.151413
0.151559
0.150678
0.151542
0.150891
0.150857
0.151127
0.151063
0.150624
0.151337
0.150919
0.151429
0.150710
0.151016
0.151895
0.150514
0.150721
0.151076
0.150921
0.151443
0.151119
0.150707
0.150140
0.150676
0.151058
0.151295
0.150975
0.150137
0.151192
0.150983
0.150840
0.151262
0.150179
0.151251
0.150818
0.151132
0.151353
0.150559
0.151354
0.150635
0.150465
0.150455
0.150941
0.151329
0.150374
0.150723
0.150420
0.150733
0.150865
0.150759
0.150971
0.151018
0.150764
0.151724
0.151311
0.150937
0.150807
0.150660
0.151204
0.151387
0.151288
0.150573
0.151027
0.150810
0.150373
0.150327
0.151346
0.150665
