
binsize 2
1.000000
0.159384
-0.003388
0.007658
0.002514
-0.037300
0.022291
-0.008560
0.018671
0.041571
0.020607
0.017606
-0.010546
-0.060021
-0.026769
0.014495
-0.012363
0.033270
-0.014945
-0.037357
-0.015491
-0.013744
-0.021554
0.048742
-0.087950
0.005966
0.013683
0.012735
-0.025316
0.010199
-0.045732
-0.052363
0.045583
0.019753
0.011767
0.024014
-0.028667
0.043447
0.070661
0.029002
0.005384
0.016482
0.017035
0.021431
-0.008196
-0.009117
0.052437
0.029580
-0.009318
0.026369
0.062530
-0.032870
-0.013241
0.007090
0.031085
0.072182
0.032202
-0.027572
-0.029004
0.035297
-0.009709
0.005921
-0.014986
-0.088805

binsize 4
1.000000
0.056350
0.007021
0.000432
0.031697
0.026899
-0.004094
-0.033873
-0.015121
-0.019319
-0.008904
-0.037053
-0.053482
0.037707
-0.046265
-0.034191
0.032056
0.028796
0.020664
0.093510
-0.001018
0.037196
-0.005659
0.069004
-0.015344
0.071071
-0.016795
0.044814
0.058804
-0.008214
0.001882
-0.064481
0.029680
0.029626
0.051258
0.018191
0.005905
0.052119
0.058676
0.043156
-0.059774
-0.029725
-0.005464
-0.041469
-0.036314
0.045139
0.002870
-0.012101
0.010092
-0.017891
0.033318
-0.047633
-0.072177
-0.081873
-0.046974
0.013992
-0.044218
0.019365
0.011690
-0.060495
0.063064
0.013140
-0.043878
0.019487

binsize 8
1.000000
0.053751
0.002085
0.049386
-0.086495
0.018451
-0.065232
-0.072548
0.054035
0.079917
0.063837
0.044142
0.039744
0.082691
0.038405
-0.053878
0.021707
0.073083
0.036850
0.107451
-0.042895
-0.011756
-0.021372
-0.030415
0.028781
-0.019516
-0.155613
-0.037977
-0.042281
-0.003981
0.050021
-0.074118
0.089253
0.088563
-0.097348
0.035404
0.008264
0.012022
-0.073214
-0.109574
-0.134381
-0.115849
0.118510
-0.028579
-0.060863
0.062242
-0.115226
-0.028639
-0.035283
-0.015476
-0.084847
-0.002847
0.019187
-0.044328
0.024076
-0.117668
-0.104713
0.009105
-0.148894
-0.050832
0.108567
0.038202
0.131311
-0.008281

binsize 16
1.000000
0.009342
0.005209
-0.068536
0.071473
0.066234
0.092233
0.093110
0.000608
0.139406
-0.034750
0.010208
-0.008357
-0.241791
-0.001240
0.023288
0.058990
-0.073178
0.032909
-0.040758
-0.255409
0.011422
-0.046987
-0.097323
-0.007685
-0.171119
0.005825
-0.037162
-0.186089
-0.078669
0.106312
0.116939
-0.042710
0.093888
-0.074041
-0.066133
0.014161
-0.019876
0.110293
0.048456
0.060317
-0.167667
0.024948
0.047584
-0.231626
0.026298
-0.205026
-0.083242
0.166853
0.161325
-0.093572
-0.260940
-0.197895
-0.088791
0.198061
-0.096655
-0.147555
0.073084
-0.124978
0.042790
0.041556
0.129945
-0.110633
0.079714

binsize 32
1.000000
-0.022924
0.035769
0.237810
0.045631
0.002877
-0.116046
-0.032825
-0.035087
0.037903
-0.209984
-0.150560
-0.097142
-0.171886
-0.262129
0.195140
0.020988
-0.062073
0.044550
0.063917
-0.003990
-0.000177
-0.164258
-0.269232
0.285427
-0.202318
-0.414564
0.228631
-0.234304
-0.086969
0.131584
0.037434
0.156842
0.185361
0.278997
0.112322
0.251028
0.146744
0.060724
0.122268
0.253088
-0.149658
0.201378
-0.236327
-0.084431
0.009175
-0.374744
-0.246061
-0.002580
0.070292
-0.490987
0.376942
-0.196045
-0.154068
-0.032054
-0.087458
-0.166570
-0.170527
0.196481
-0.282263
-0.028794
0.214399
0.257082
-0.167788
