
binsize 2
0.206111
0.204221
0.203577
0.206329
0.206418
0.206263
0.204651
0.204024
0.203483
0.203691
0.207126
0.204569
0.204814
0.204041
0.207568
0.204228
0.206153
0.205348
0.206797
0.204191
0.206547
0.205690
0.203262
0.207309
0.206457
0.206452
0.205637
0.207278
0.202539
0.205687
0.202761
0.205766
0.203281
0.204333
0.203820
0.204086
0.206690
0.206940
0.204130
0.205089
0.204621
0.207698
0.208959
0.206356
0.205669
0.203988
0.207175
0.204725
0.203613
0.203149
0.204134
0.205721
0.204733
0.203048
0.207035
0.205229
0.203327
0.205725
0.205018
0.206692
0.204278
0.204208
0.206567
0.206241
0.207667
0.202943
0.205393
0.201686
0.206303
0.205989
0.205912
0.205651
0.205564
0.205852
0.210574
0.205275
0.207158
0.206993
0.205043
0.204455
0.207445
0.204635
0.206457
0.206677
0.204719
0.204183
0.205417
0.204437
0.203110
0.203923
0.203996
0.204692
0.204899
0.205997
0.202508
0.204625
0.201935
0.204550
0.205625
0.203678
0.202806
0.208778
0.203551
0.205431
0.204246
0.204369
0.205725
0.207241
0.204320
0.207752
0.206165
0.204424
0.203773
0.202705
0.203471
0.206412
0.206930
0.205372
0.206424
0.205612
0.206796
0.203877
0.204618
0.205666
0.203886
0.205343
0.203982
0.206175
0.204542
0.203570
0.204689
0.204749
0.204819
0.202464
0.203446
0.204952
0.205431
0.207269
0.202777
0.205754
0.203689
0.203953
0.206984
0.204795
0.207084
0.204396
0.204878
0.205933
0.204700
0.203096
0.203909
0.206428
0.205072
0.203412
0.205531
0.205729
0.206580
0.202509
0.202644
0.202785
0.206402
0.205827
0.206077
0.204131
0.206164
0.206306
0.204673
0.205695
0.202713
0.205466
0.204484
0.202622
0.203645
0.204394
0.205916
0.204760
0.203607
0.204396
0.204703
0.207617
0.206258
0.205506
0.204480
0.205304
0.207460
0.205607
0.203140
0.206152
0.203926
0.205887
0.204042
0.202431
0.206611
0.206236
0.205594
0.207049
0.209332
0.206810
0.205257
0.203317
0.204876
0.206900
0.207091
0.206821
0.203552
0.203485
0.202695
0.206284
0.205806
0.205562
0.204489
0.205016
0.204351
0.205276
0.203464
0.205049
0.205502
0.205192
0.205979
0.204681
0.204671
0.203441
0.206674
0.207394
0.205237
0.206352
0.205878
0.205761
0.205423
0.205003
0.204245
0.205726
0.209189
0.205380
0.204065
0.208044
0.206111
0.205577
0.204296
0.205505
0.207321
0.204968
0.204610
0.204429
0.204301
0.204775
0.203124
0.204162
0.203045
0.204792
0.204179
0.205891
0.205197
0.207651
0.205809
0.206868
0.203330
0.204733
0.204785
0.203607
0.205116
0.207323
0.205397
0.205528
0.203142
0.204012
0.204924
0.204581
0.203514
0.204421
0.204503
0.206475
0.206720
0.206941
0.204963
0.203027
0.203485
0.205409
0.205304
0.204751
0.205549
0.206525
0.206266
0.206834
0.205149
0.206021
0.207186
0.205473
0.207472
0.204518
0.207189
0.209294
0.207314
0.209368
0.206179
0.204546
0.206255
0.205315
0.205117
0.205906
0.205870
0.205896
0.204988
0.204259
0.202383
0.204898
0.206172
0.207601
0.204737
0.203893
0.207618
0.207352
0.205818
0.205823
0.205990
0.207874
0.207566
0.204910
0.205993
0.208308
0.206757
0.204913
0.204158
0.206774
0.209145
0.203972
0.206772
0.203071
0.205045
0.203610
0.208295
0.204463
0.205482
0.205436
0.204821
0.204283
0.204903
0.205024
0.204870
0.206969
0.205790
0.204315
0.204499
0.203939
0.203949
0.203783
0.203182
0.206418
0.207652
0.204803
0.205622
0.205564
0.205338
0.204497
0.202671
0.202037
0.205931
0.205306
0.203132
0.204279
0.202800
0.203735
0.206826
0.203962
0.206321
0.203857
0.204647
0.203722
0.203606
0.206001
0.204720
0.204936
0.205890
0.205789
0.204437
0.202729
0.203800
0.206225
0.207864
0.204779
0.203246
0.205437
0.206408
0.206711
0.204424
0.202416
0.205605
0.205629
0.203806
0.204988
0.203527
0.205025
0.208807
0.206428
0.205020
0.206085
0.204865
0.206918
0.204859
0.204770
0.207023
0.204440
0.205342
0.204778
0.204859
0.203762
0.206137
0.205346
0.204227
0.204254
0.204649
0.203224
0.204091
0.204321
0.205115
0.205574
0.206757
0.204003
0.204696
0.207302
0.208656
0.206244
0.203530
0.205183
0.203244
0.202712
0.204310
0.206083
0.203370
0.206724
0.206037
0.204593
0.204057
0.205159
0.207783
0.206384
0.205994
0.206077
0.206069
0.204981
0.206242
0.205687
0.204768
0.204380
0.203741
0.205601
0.205099
0.204420
0.204854
0.203951
0.204260
0.205796
0.206658
0.204000
0.203678
0.206357
0.203371
0.205585
0.206240
0.205585
0.204194
0.203224
0.205387
0.207514
0.204915
0.203636
0.202255
0.204649
0.205234
0.205562
0.206942
0.205853
0.206886
0.203850
0.205334
0.205423
0.204978
0.204250
0.205334
0.204593
0.206112
0.204746
0.205158
0.205062
0.204655
0.203929
0.204085
0.207192
0.202497
0.205372
0.203928
0.206220
0.204048
0.207906
0.207899
0.207119
0.204681
0.206025
0.206962
0.204129
0.206567
0.207368
0.204288
0.205152
0.207556
0.205742
0.205890
0.205982
0.205950
0.203783
0.203305
0.205911
0.207236
0.204914
0.206507
0.204553
0.206028
0.204824
0.204336
0.204221
0.204560
0.206846
0.207900
0.205506
0.203262
0.205252
0.204223
0.204580
0.205531
0.204795
0.206387
0.203453
0.204562
0.205023
0.204769
0.204115
0.205521
0.205338
0.207318
0.206614
0.203316
0.205257
0.203860
0.204236
0.204020
0.203901
0.201807
0.207165
0.202967
0.204577
0.205206
0.203333
0.205547
0.207027
0.205323
0.206696
0.203270
0.204758
0.203673
0.206221
0.206586
0.209025
0.206291
0.207749
0.205941
0.206619
0.204703
0.204165
0.207050
0.205606
0.203589
0.204619
0.203502
0.205664
0.205043
0.203173
0.204241
0.206522
0.205840
0.204179
0.205139
0.207497
0.205348
0.206678
0.205156
0.206171
0.206727
0.206531
0.206280
0.205333
0.205770
0.205419
0.203708
0.205686
0.205325
0.205974
0.203377
0.203289
0.202836
0.204558
0.207282
0.206920
0.206038
0.203561
0.203711
0.203541
0.205649
0.202464
0.204890
0.205257
0.203616
0.209723
0.206728
0.206638
0.207142
0.205322
0.205950
0.206556
0.205206
0.203775
0.202581
0.202983
0.206214
0.204329
0.205459
0.204666
0.205639
0.206018
0.207551
0.206725
0.206454
0.205900
0.206498
0.205103
0.203240
0.205389
0.203753
0.204735
0.203708
0.206498
0.204713
0.206087
0.206325
0.204746
0.206465
0.206132
0.206546
0.206644
0.205317
0.203898
0.203708
0.203395
0.204133
0.207351
0.204547
0.203807
0.205541
0.204298
0.204414
0.205702
0.206694
0.203570
0.204796
0.205282
0.205579
0.203710
0.204380
0.206747
0.201431
0.203344
0.206031
0.205646
0.206560
0.207197
0.203164
0.202556
0.205158
0.204782
0.203628
0.204153
0.206996
0.203882
0.205025
0.202787
0.206514
0.203448
0.203124
0.205686
0.205531
0.205186
0.203048
0.204115
0.204807
0.206972
0.204605
0.205091
0.202916
0.205556
0.206668
0.204650
0.204478
0.204207
0.207314
0.206830
0.205891
0.207262
0.205349
0.206186
0.205909
0.205611
0.206877
0.206617
0.203673
0.206436
0.203679
0.205589
0.203264
0.206427
0.205247
0.203912
0.204738
0.204761
0.202498
0.205822
0.204900
0.206328
0.203785
0.206693
0.206135
0.203729
0.203029
0.204010
0.203460
0.203387
0.205899
0.205076
0.206552
0.205016
0.206625
0.205704
0.204403
0.205940
0.204276
0.204338
0.204555
0.204583
0.203044
0.206226
0.204008
0.205743
0.207427
0.205896
0.203698
0.207013
0.206919
0.204277
0.206146
0.205382
0.206170
0.205922
0.204161
0.204818
0.204381
0.204333
0.204104
0.203159
0.204256
0.206168
0.204514
0.205284
0.203386
0.203198
0.205140
0.203647
0.205273
0.205420
0.205211
0.204526
0.204321
0.203565
0.203181
0.206441
0.206928
0.205901
0.204563
0.206230
0.204132
0.206809
0.202347
0.205390
0.204146
0.206434
0.205612
0.208198
0.203659
0.205482
0.205310
0.204694
0.205390
0.206355
0.204229
0.205411
0.205214
0.206316
0.207338
0.205086
0.204192
0.201244
0.206158
0.203805
0.204478
0.208181
0.204469
0.207050
0.206603
0.206210
0.203711
0.205038
0.205817
0.205140
0.205660
0.204173
0.204465
0.206933
0.205710
0.204387
0.202707
0.205454
0.207274
0.203490
0.207932
0.203649
0.204959
0.204938
0.208242
0.203513
0.205289
0.206100
0.204450
0.201742
0.202685
0.206361
0.206036
0.206802
0.206034
0.206775
0.206270
0.203644
0.203356
0.205067
0.206763
0.204393
0.204346
0.205480
0.204474
0.205831
0.204305
0.204750
0.206593
0.206577
0.205837
0.206662
0.205612
0.206457
0.207122
0.204351
0.203127
0.204183
0.203528
0.206787
0.203749
0.203253
0.206581
0.205366
0.207102
0.206559
0.205051
0.206032
0.206120
0.206302
0.206628
0.204998
0.204057
0.205974
0.206627
0.204366
0.204260
0.206281
0.205718
0.206641
0.203301
0.202401
0.206972
0.206156
0.207509
0.203271
0.205461
0.203077
0.206102
0.207657
0.207897
0.207456
0.205863
0.206449
0.205565
0.205627
0.205335
0.205757
0.205245
0.207958
0.204422
0.203287
0.203779
0.205334
0.205951
0.203731
0.204465
0.204774
0.204140
0.204941
0.204271
0.203179
0.204507
0.204274
0.206179
0.202333
0.204681
0.205391
0.205886
0.205019
0.203816
0.205175
0.202830
0.203764
0.204511
0.205984
0.206255
0.205375
0.205103
0.205724
0.205450
0.205418
0.205546
0.207954
0.206762
0.206621
0.205018
0.206032
0.204948
0.204944
0.205006
0.206898
0.207879
0.207669
0.207234
0.206456
0.205661
0.205374
0.204624
0.207128
0.206092
0.203226
0.206258
0.202203
0.203224
0.205616
0.205668
0.205032
0.205785
0.205739
0.205255
0.205309
0.206104
0.205400
0.205481
0.205140
0.203967
0.207391
0.205734
0.205017
0.206116
0.205163
0.205179
0.205234
0.202714
0.206951
0.205878
0.205643
0.206112
0.204874
0.206373
0.203881
0.204461
0.206505
0.204329
0.204028
0.206411
0.206267
0.206259
0.206196
0.204796
0.203873
0.204831
0.204059
0.204543
0.205363
0.205744
0.204335
0.204727
0.204810
0.203343
0.204002
0.205262
0.205131
0.203072
0.205806
0.205559
0.207186
0.204228
0.204451
0.205382
0.205718
0.206735
0.202430
0.205210
0.205047
0.205388
0.205181
0.206443
0.204336
0.204918
0.205527
0.205640
0.205433
0.203711
0.203969
0.204273
0.204138
0.207683
0.203360
0.203137
0.203495
0.205761
0.203942
0.206443
0.204306
0.204218
0.205809
0.203643
0.201308
0.205017
0.205897
0.206351
0.205927
0.202297
0.204357
0.203344
0.203863
0.205914
0.205916
0.206135
0.204426
0.202447
0.204560
0.206018
0.204498
0.207216
0.204602
0.203997
0.206844
0.205254
0.205887
0.204011
0.202037
0.205450
0.203050
0.206075
0.206096
0.206804
0.205426
0.206080
0.204876
0.203409
0.204643
0.207169
0.206943
0.206226
0.208329
0.205825
0.203145
0.206612
0.203418
0.203411
0.204681
0.204616
0.205678
0.202803
0.205172
0.204510
0.205386
0.207662
0.205360
0.205359
0.203950
0.202773
0.202889
0.204784
0.204009
0.205106
0.207207
0.203498
0.204800
0.205682
0.205503
0.205902
0.204815
0.205161
0.204767
0.203087
0.204344
0.205071
0.204259
0.204472
0.204971
0.204150
0.206855
0.204668
0.203884
0.204931
0.204272
0.204767
0.207592
0.203861
0.202773
0.205880
0.206037
0.206963
0.207172
0.207234
0.207345
0.206824
0.206279
0.203859
0.206025
0.205488
0.206153
0.206704
0.204393
0.202920
0.203571
0.204225
0.203890
0.202628
0.203491
0.204251
0.204534
0.205383
0.203734
0.206346
0.203187
0.206799
0.205016
0.205218
0.207266
0.202968
0.204054
0.204112
0.204006
0.202560
0.202744
0.204833
0.204944
0.206396
0.204503
0.205862
0.205520
0.203697
0.205607
0.202261
0.202944
0.206105
0.203195
0.205565
0.205659
0.205909
0.207969
0.204729
0.204531
0.206728
0.206408
0.206837
0.208747
0.205050
0.206387
0.206287
0.207773
0.206606
0.206355
0.205651
0.204155
0.204856
0.204936
0.206220
0.207819
0.203059
0.205532
0.204831
0.203178
0.204594
0.204749
0.203457
0.206770
0.206740
0.204615
0.206463
0.207746
0.206024
0.204814
0.204665
0.204490
0.205378
0.205287
0.206279
0.204960
0.206627
0.205489
0.205763
0.203863
0.205164
0.202828
0.203172
0.201730
0.206192
0.205361
0.204695
0.206749
0.204854
0.204331
0.203675
0.202965
0.204405
0.204585
0.205619
0.204589
0.202991
0.206226
0.205033
0.204244
0.205726
0.204205
0.203946
0.203092
0.204807
0.204934
0.202744
0.205784
0.205584
0.206979
0.205149
0.206083
0.205806
0.203427
0.205115
0.203307
0.203548
0.205415
0.203589
0.206647
0.203624
0.205189
0.205270
0.205023
0.203290
0.206866
0.206058
0.203369
0.205446
0.206660
0.203707
0.205812
0.204951
0.204419
0.204086
0.205969
0.202676
0.205529
0.206535
0.206345
0.205085
0.204849
0.202959
0.202479
0.206241
0.204952
0.204731
0.205822
0.204063
0.202966
0.206748
0.206128
0.205200
0.205528
0.204613
0.204759
0.202754
0.203931
0.205679
0.203088
0.204738
0.204981
0.204306
0.202155
0.206512
0.207401
0.203261
0.203811
0.203805
0.203774
0.205039
0.204533
0.205731
0.205299
0.206231
0.207709
0.201969
0.204471
0.205806
0.204961
0.203500
0.205454
0.204901
0.203006
0.204540
0.203430
0.205010
0.206530
0.205402
0.204825
0.204517
0.203623
0.205308
0.204519
0.205371
0.204120
0.205292
0.204789
0.204908
0.206828
0.205768
0.204455
0.206174
0.204279
0.204081
0.205603
0.207971
0.205981
0.202347
0.203246
0.204153
0.204136
0.203886
0.203559
0.203501
0.204768
0.205664
0.206895
0.205590
0.205746
0.204608
0.204081
0.208097
0.205165
0.204170
0.204477
0.205812
0.202223
0.205275
0.206847
0.203575
0.205019
0.204240
0.203823
0.203700
0.202998
0.204917
0.206220
0.204200
0.204891
0.206802
0.205733
0.204081
0.203566
0.204763
0.204290
0.206578
0.204719
0.206464
0.205005
0.204587
0.205348
0.205694
0.203748
0.206475
0.204366
0.204344
0.205339
0.205139
0.204053
0.203644
0.203614
0.204913
0.205232
0.203672
0.202580
0.202553
0.205021
0.205857
0.205907
0.205578
0.204886
0.203819
0.204209
0.207117
0.206544
0.208137
0.204864
0.204746
0.202453
0.203933
0.204607
0.206740
0.205868
0.205420
0.206750
0.206998
0.204606
0.208568
0.206358
0.205241
0.203900
0.205231
0.205160
0.204143
0.203386
0.204308
0.207757
0.204537
0.205607
0.205471
0.205765
0.203799
0.204206
0.206465
0.204460
0.203791
0.209997
0.203559
0.203049
0.201953
0.204658
0.205316
0.202879
0.205300
0.203824
0.203044
0.201751
0.205961
0.201473
0.205536
0.203380
0.205787
0.204421
0.203147
0.206385
0.206236
0.204042
0.204164
0.205060
0.205267
0.206004
0.205229
0.203410
0.203118
0.207129
0.206161
0.204500
0.204106
0.204041
0.205876
0.206553
0.206861
0.206416
0.203124
0.207687
0.204034
0.205966
0.202735
0.205633
0.206152
0.204920
0.204445
0.205032
0.203707
0.207058
0.203554
0.205671
0.205449
0.203850
0.205869
0.203814
0.205306
0.206736
0.203160
0.204378
0.204377
0.202694
0.204026
0.207272
0.203824
0.203408
0.204556
0.205592
0.206394
0.206004
0.207314
0.202999
0.205298
0.205131
0.205272
0.205236
0.204944
0.204920
0.208223
0.204342
0.207598
0.206978
0.204342
0.205120
0.201803
0.204287
0.204008
0.204142
0.206571
0.205209
0.207177
0.205852
0.203203
0.203642
0.204688
0.206151
0.206702
0.205019
0.204454
0.204911
0.206619
0.207602
0.205448
0.204400
0.203740
0.206070
0.203288
0.205840
0.205046
0.206619
0.204349
0.203134
0.205335
0.205948
0.203219
0.204712
0.206478
0.204299
0.202728
0.204642
0.203298
0.202589
0.204753
0.205689
0.202628
0.202862
0.204064
0.204573
0.204265
0.205141
0.205412
0.205264
0.203252
0.202989
0.204219
0.205101
0.205409
0.207145
0.206546
0.205344
0.201962
0.205458
0.204591
0.205005
0.204549
0.204674
0.204052
0.204889
0.205743
0.205308
0.205274
0.204597
0.206030
0.203770
0.207326
0.206854
0.205539
0.205467
0.206316
0.204836
0.204352
0.204543
0.203266
0.205397
0.204329
0.204740
0.205182
0.205322
0.204249
0.203195
0.204314
0.203674
0.206946
0.205302
0.204139
0.202700
0.205539
0.205235
0.204065
0.202567
0.206018
0.207460
0.204759
0.205662
0.205507
0.204586
0.202084
0.203615
0.204177
0.203796
0.204991
0.205350
0.203061
0.202959
0.204190
0.203221
0.205379
0.204100
0.204337
0.202826
0.203422
0.205198
0.203506
0.203100
0.205624
0.204977
0.202092
0.201983
0.203237
0.206660
0.204260
0.205814
0.205645
0.208108
0.204266
0.202524
0.202152
0.205449
0.203107
0.203729
0.203652
0.203414
0.207013
0.208375
0.206456
0.203579
0.204433
0.205732
0.206865
0.203384
0.206540
0.205551
0.204138
0.204096
0.204164
0.201486
0.203473
0.206423
0.206698
0.205595
0.205102
0.206332
0.206838
0.206353
0.205112
0.206185
0.205816
0.202386
0.203829
0.203774
0.204110
0.205972
0.204811
0.204972
0.205867
0.207085
0.206211
0.204393
0.205719
0.206501
0.205098
0.204303
0.204112
0.205518
0.206454
0.205744
0.206587
0.204573
0.204148
0.205308
0.206191
0.205529
0.203208
0.206091
0.206688
0.206232
0.205353
0.203653
0.207447
0.204529
0.206058
0.206756
0.203354
0.205113
0.203702
0.202529
0.205023
0.203043
0.204996
0.207741
0.203456
0.203656
0.204045
0.203911
0.202889
0.206024
0.203241
0.202839
0.203449
0.205978
0.203956
0.205974
0.205668
0.204621
0.207001
0.204101
0.205062
0.205458
0.205142
0.205200
0.206646
0.204888
0.205343
0.205472
0.207613
0.203879
0.203788
0.205177
0.207594
0.205338
0.206710
0.202642
0.205826
0.205866
0.205876
0.206397
0.205202
0.207547
0.209632
0.207486
0.204796
0.206320
0.206634
0.204157
0.207237
0.202077
0.203288
0.204354
0.207479
0.206930
0.202753
0.203342
0.205203
0.205295
0.208422
0.203744
0.203670
0.205585
0.204973
0.201801
0.204348
0.204609
0.203431
0.201709
0.206413
0.205082
0.206313
0.204896
0.203941
0.206498
0.206856
0.204889
0.207779
0.205322
0.205637
0.204426
0.204350
0.203340
0.202992
0.206180
0.204587
0.204298
0.206185
0.208008
0.204749
0.205040
0.206369
0.206032
0.203565
0.201000
0.205562
0.203614
0.206245
0.205508
0.204843
0.205534
0.202866
0.205730
0.204447
0.204173
0.205719
0.203101
0.204505
0.206434
0.202421
0.204468
0.205603
0.204372
0.205174
0.203904
0.203103
0.205834
0.205242
0.207637
0.204010
0.203901
0.204310
0.202087
0.204727
0.202892
0.204543
0.203490
0.204129
0.204766
0.208409
0.205851
0.203933
0.204480
0.204117
0.203933
0.207012
0.204931
0.205310
0.207200
0.202644
0.207079
0.205486
0.204626
0.201854
0.207105
0.205672
0.204128
0.203629
0.202364
0.206563
0.206530
0.204730
0.205307
0.205200
0.207007
0.206494
0.204001
0.205490
0.208336
0.204726
0.205856
0.201925
0.204324
0.207217
0.206046
0.202290
0.204148
0.203035
0.203901
0.204658
0.205199
0.203871
0.204070
0.203889
0.207260
0.202888
0.205220
0.206074
0.204295
0.206211
0.205356
0.206221
0.204963
0.205265
0.204022
0.204424
0.207500
0.206118
0.204454
0.204949
0.204932
0.204800
0.206190
0.207805
0.205580
0.204784
0.206719
0.206067
0.205389
0.204794
0.205117
0.207475
0.206730
0.205498
0.205934
0.206234
0.205379
0.206495
0.203196
0.202659
0.206156
0.206528
0.206253
0.206660
0.204183
0.205649
0.204105
0.204923
0.204120
0.205624
0.206732
0.202870
0.206759
0.204930
0.203537
0.204640
0.205968
0.205467
0.205205
0.204169
0.205223
0.201634
0.207167
0.204009
0.204031
0.204802
0.207481
0.205043
0.205342
0.204690
0.205260
0.205302
0.206795
0.204208
0.206472
0.207357
0.204869
0.204261
0.204005
0.204652
0.203694
0.204595
0.205856
0.205648
0.204187
0.206312
0.206446
0.204178
0.205620
0.203024
0.205500
0.208239
0.206792
0.205064
0.203497
0.199104
0.206765
0.204762
0.206075
0.203310
0.203400
0.203396
0.201557
0.207797
0.204957
0.205588
0.205001
0.206714
0.203056
0.203632
0.205514
0.206333
0.203987
0.204456
0.203827
0.205350
0.204752
0.206306
0.207353
0.203403
0.206441
0.206341
0.203810
0.206768
0.203348
0.203857
0.203850
0.206926
0.200005
0.202614
0.203666
0.206349
0.205643
0.204664
0.207548
0.204430
0.203839
0.205570
0.204693
0.205295
0.205705
0.204637
0.205692
0.203939
0.204794
0.206051
0.204640
0.203646
0.203509
0.204522
0.203787
0.205007
0.205558
0.203862
0.205246
0.205420
0.203834
0.205147
0.205679
0.205607
0.207695
0.206562
0.203837
0.203773
0.206189
0.204969
0.204854
0.207449
0.203310
0.205377
0.204790
0.204145
0.204199
0.204368
0.202751
0.205956
0.204586
0.206521
0.202195
0.202108
0.206999
0.205643
0.205603
0.206984
0.204887
0.202385
0.203022
0.203865
0.203951
0.205970
0.206103
0.207943
0.207625
0.203216
0.205619
0.207363
0.205681
0.204060
0.204005
0.204861
0.208200
0.207400
0.205349
0.204649
0.203889
0.205319
0.204542
0.206188
0.206195
0.204075
0.206168
0.206731
0.207717
0.206014
0.206068
0.205236
0.205713
0.203398
0.204434
0.206186
0.204841
0.204209
0.204810
0.203474
0.203915
0.203934
0.204067
0.205686
0.207139
0.202363
0.203916
0.202841
0.203518
0.206828
0.204519
0.205419
0.207187
0.205377
0.203492
0.204574
0.207083
0.206464
0.205625
0.203725
0.204911
0.206281
0.206120
0.202957
0.207419
0.203896
0.204356
0.206440
0.205793
0.205294
0.205172
0.204943
0.204675
0.204682
0.206309
0.206737
0.204192
0.206005
0.205560
0.205380
0.203743
0.203293
0.207778
0.205991
0.206265
0.204504
0.205641
0.204192
0.204215
0.205512
0.204738
0.205638
0.203890
0.204202
0.205162
0.205725
0.207470
0.203121
0.204249
0.204377
0.202233
0.204843
0.206539
0.205811
0.205848
0.204270
0.205774
0.206117
0.202935
0.204589
0.204921
0.203494
0.206590
0.206376
0.204681
0.205385
0.205442
0.203645
0.205429
0.204638
0.205390
0.205468
0.205517
0.206220
0.203993
0.205344
0.203750
0.204250
0.206281
0.204049
0.204041
0.205908
0.204785
0.204235
0.206120
0.208382
0.208150
0.205480
0.207983
0.203298
0.204153
0.202761
0.205600
0.203579
0.202956
0.204880
0.204388
0.204122
0.204536
0.203204
0.205704
0.208993
0.206430
0.207056
0.203511
0.207368
0.205922
0.206264
0.203935
0.206685
0.203663
0.207165
0.205309
0.205052
0.205176
0.203338
0.204781
0.203594
0.206043
0.208035
0.203049
0.203809
0.204601
0.205717
0.207780
0.205010
0.204707
0.206513
0.205364
0.207054
0.206702
0.204680
0.203914
0.204889
0.206269
0.204777
0.204271
0.201597
0.203837
0.204527
0.204031
0.205374
0.203886
0.201253
0.204618
0.205405
0.203762
0.205102
0.204467
0.205983
0.206472
0.207711
0.206441
0.207263
0.204534
0.204835
0.205289
0.204229
0.203038
0.203684
0.205489
0.203004
0.204149
0.203201
0.203502
0.205124
0.207255
0.204498
0.206121
0.205698
0.205926
0.205830
0.204952
0.204131
0.205375
0.202782
0.203061
0.208796
0.205019
0.205597
0.206135
0.206574
0.203899
0.206674
0.207749
0.205607
0.203204
0.205620
0.203945
0.203299
0.204016
0.202426
0.208249
0.208397
0.207856
0.204655
0.203297
0.202867
0.205429
0.204242
0.204394
0.208187
0.204572
0.202332
0.205502
0.206057
0.204923
0.205839
0.205057
0.203811
0.204188
0.207238
0.204828
0.203558
0.203667
0.202264
0.202869
0.203205
0.205196
0.206942
0.206167
0.203686
0.204583
0.204806
0.204967
0.205013
0.203437
0.203544
0.207239
0.204961
0.203510
0.205711
0.204856
0.206218
0.204236
0.204322
0.207246
0.204634
0.203651
0.207806
0.206833
0.205600
0.202311
0.203761
0.204090
0.206236
0.205355
0.205374
0.204754
0.203482
0.201026
0.203911
0.205998
0.204266
0.205734
0.200957
0.206189
0.206466
0.203996
0.203388
0.205545
0.207337
0.204641
0.201763
0.206308
0.207184
0.204586
0.205115
0.203590
0.201263
0.204191
0.204485
0.203463
0.201771
0.204105
0.204888
0.206357
0.204186
0.203386
0.207806
0.207924
0.205789
0.204293
0.202300
0.204556
0.204698
0.202569
0.206088
0.204349
0.203853
0.205360
0.203380
0.204035
0.203490
0.204375
0.204940
0.204942
0.207950
0.206982
0.206019
0.205964
0.205961
0.205610
0.205233
0.206644
0.204468
0.204718
0.204548
0.203860
0.204494
0.204398
0.204542
0.206299
0.202643
0.205281
0.204669
0.204124
0.206567
0.206573
0.205496
0.205046
0.203990
0.203107
0.205321
0.205845
0.207138
0.205159
0.204402
0.204922
0.204583
0.204254
0.203793
0.204679
0.203781
0.205719
0.205948
0.205250
0.205664
0.205565
0.206495
0.204683
0.203885
0.203507
0.204241
0.206006
0.205234
0.203610
0.205029
0.204591
0.205254
0.205437
0.205944
0.206750
0.206029
0.208407
0.205731
0.205875
0.203775
0.206623
0.204250
0.205402
0.202563
0.205313
0.205313
0.204782
0.207015
0.208816
0.206649
0.205265
0.208114
0.206330
0.206253
0.204722
0.205490
0.206399
0.207359
0.205602
0.205406
0.205541
0.203486
0.201884
0.203452
0.203512
0.203455
0.201840
0.205275
0.204649
0.203492
0.205370
0.205274
0.206290
0.204501
0.204307
0.202478
0.204553
0.204188
0.204359
0.205763
0.207440
0.202919
0.205993
0.204102
0.205674
0.204376
0.205703
0.203334
0.207597
0.205114
0.206884
0.204630
0.203326
0.202601
0.200763
0.203024
0.205176
0.203950
0.207175
0.206687
0.206404
0.204262
0.203802
0.204354
0.203429
0.204457
0.204139
0.205907
0.203520
0.205128
0.205013
0.205204
0.204349
0.203917
0.205287
0.205815
0.205235
0.207061
0.204429
0.206336
0.202356
0.206369
0.207915
0.207046
0.204888
0.205424
0.205367
0.206065
0.205613
0.205681
0.203789
0.204318
0.202738
0.205246
0.206375
0.206981
0.205789
0.207123
0.207902
0.204980
0.203181
0.204426
0.206353
0.206408
0.203277
0.201962
0.201475
0.204287
0.202147
0.201666
0.204082
0.203911
0.206114
0.207029
0.204726
0.207583
0.205608
0.206633
0.207245
0.205971
0.205047
0.205785
0.206707
0.205118
0.208336
0.205231
0.203945
0.205533
0.207052
0.204751
0.202540
0.205962
0.205086
0.204594
0.205951
0.200956
0.206489
0.205331
0.205719
0.206245
0.203320
0.204450
0.204574
0.205592
0.204736
0.206081
0.204168
0.205772
0.205530
0.202233
0.203873
0.205600
0.206008
0.205622
0.204132
0.206218
0.204218
0.204956
0.205770
0.203647
0.205227
0.205045
0.208246
0.205806
0.206651
0.205687
0.206016
0.203900
0.206823
0.203206
0.204876
0.204104
0.204597
0.205431
0.207854
0.203237
0.204569
0.205000
0.204140
0.203392
0.205930
0.205086
0.203487
0.204848
0.203032
0.205151
0.207161
0.208605
0.205028
0.201853
0.205973
0.204464
0.201450
0.205263
0.206499
0.205538
0.207068
0.205183
0.205722
0.206217
0.205697
0.205427
0.202362
0.203684
0.205181
0.204672
0.205597
0.203533
0.202172
0.201827
0.202216
0.203403
0.207072
0.205795
0.207641
0.206180
0.205826
0.207984
0.204743
0.206878
0.206478
0.207860
0.203493
0.205985
0.205364
0.205825
0.204359
0.206362
0.206457
0.203946
0.203022
0.207212
0.207506
0.204838
0.204757
0.203908
0.203980
0.205141
0.206195
0.202695
0.206467
0.204436
0.206495
0.204065
0.203983
0.206114
0.205760
0.202722
0.203325
0.205418
0.206014
0.203901
0.206841
0.203760
0.202613
0.205854
0.204987
0.205430
0.206485
0.205652
0.207700
0.207368
0.205500
0.204967
0.207996
0.205836
0.205128
0.204679
0.207437
0.204877
0.205717
0.205823
0.208106
0.204758
0.203776
0.205025
0.204483
0.207885
0.204118
0.206811
0.203357
0.204489
0.203243
0.206104
0.206248
0.203619
0.205359
0.206528
0.204426
0.207354
0.207125
0.204997
0.202813
0.203584
0.203188
0.203884
0.206282
0.205246
0.205150
0.205533
0.206332
0.207160
0.208312
0.206762
0.204784
0.207432
0.204360
0.205017
0.203953
0.205653
0.206047
0.204201
0.205486
0.204700
0.206506
0.205518
0.205293
0.207002
0.205128
0.205428
0.205394
0.203960
0.203611
0.204395
0.203517
0.205198
0.204935
0.205338
0.206133
0.205603
0.204400
0.204642
0.204534
0.205835
0.205547
0.204284
0.206309
0.204010
0.203904
0.202746
0.204542
0.205444
0.203044
0.204585
0.203467
0.200535
0.202500
0.203929
0.202461
0.206897
0.206208
0.204754
0.203162
0.205080
0.205234
0.205689
0.205859
0.206235
0.205744
0.207155
0.206085
0.206266
0.203722
0.204299
0.203285
0.204176
0.207301
0.204408
0.204226
0.203336
0.206927
0.204567
0.204236
0.201992
0.205179
0.208275
0.204342
0.203650
0.203044
0.205509
0.206630
0.207141
0.205017
0.205222
0.205236
0.206435
0.203299
0.205596
0.205445
0.203805
0.205092
0.204504
0.207526
0.203722
0.206088
0.204315
0.204553
0.205373
0.205474
0.205367
0.207251
0.203985
0.205564
0.204951
0.203277
0.206093
0.204874
0.204525
0.203670
0.207096
0.206083
0.203864
0.206784
0.204993
0.203335
0.205355
0.202381
0.204692
0.204212
0.204893
0.205725
0.204579
0.206676
0.205336
0.205945
0.204895
0.207535
0.204776
0.205857
0.207728
0.204856
0.206460
0.204800
0.205513
0.203414
0.205077
0.204817
0.205937
0.204840
0.205746
0.204168
0.204396
0.204812
0.207830
0.208481
0.206305
0.205105
0.202559
0.205627
0.205765
0.206576
0.205379
0.206249
0.205863
0.207124
0.205411
0.203354
0.203840
0.205180
0.205388
0.205740
0.203530
0.202358
0.202837
0.205860
0.206994
0.204568
0.205362
0.204930
0.206706
0.206126
0.205346
0.206692
0.207366
0.204608
0.206881
0.205298
0.205294
0.203403
0.207226
0.204637
0.203923
0.206777
0.205415
0.206358
0.203907
0.207575
0.203686
0.204757
0.204383
0.203648
0.205524
0.204852
0.206037
0.205775
0.204455
0.204015
0.207441
0.207143
0.206124
0.207714
0.206541
0.206072
0.203065
0.205019
0.204748
0.206152
0.204877
0.201098
0.204174
0.203682
0.204251
0.206359
0.205338
0.202993
0.205896
0.203775
0.203573
0.206133
0.204628
0.205401
0.203790
0.205757
0.205035
0.204008
0.204329
0.204534
0.203981
0.203189
0.207082
0.206148
0.208075
0.206438
0.204151
0.205724
0.206809
0.206317
0.206453
0.205504
0.206130
0.205924
0.208814
0.206436
0.206580
0.206546
0.202838
0.205559
0.203612
0.202243
0.207019
0.207161
0.206261
0.203418
0.204482
0.206229
0.206117
0.204865
0.204081
0.204553
0.204160
0.205657
0.205404
0.204930
0.201949
0.205603
0.205057
0.206157
0.204859
0.204195
0.203254
0.202438
0.204730
0.204443
0.205332
0.204212
0.202641
0.204562
0.204886
0.205381
0.204035
0.205062
0.204953
0.205229
0.206770
0.207638
0.206017
0.207335
0.202594
0.203601
0.206894
0.204683
0.204816
0.204738
0.203260
0.204226
0.204203
0.205316
0.205035
0.204234
0.204002
0.203742
0.205728
0.207578
0.205270
0.201960
0.205618
0.205470
0.205327
0.207395
0.204900
0.203751
0.203393
0.205653
0.205552
0.204282
0.204880
0.205635
0.203056
0.206682
0.204654
0.208099
0.205409
0.204752
0.204604
0.207385
0.203723
0.202736
0.205761
0.205499
0.204752
0.209943
0.204259
0.203920
0.203684
0.206085
0.207137
0.204310
0.203190
0.201984
0.203964
0.203207
0.205411
0.201879
0.203978
0.204170
0.202890
0.206218
0.205338
0.203606
0.206153
0.207607
0.205192
0.205262
0.205013
0.204425
0.205057
0.206738
0.201581
0.204330
0.206646
0.204567
0.206070
0.203605
0.207111
0.204472
0.204192
0.204084
0.204737
0.205223
0.206736
0.205876
0.204870
0.206420
0.203650
0.204257
0.203794
0.205525
0.205845
0.207306
0.204952
0.205233
0.205743
0.204902
0.206017
0.205160
0.206856
0.206203
0.206651
0.205059
0.204453
0.204814
0.205891
0.203426
0.203732
0.202819
0.202449
0.205263
0.207690
0.203378
0.205387
0.205721
0.204966
0.206438
0.205082
0.205468
0.205192
0.204557
0.206556
0.205199
0.204446
0.203191
0.203616
0.205085
0.204786
0.205851
0.203272
0.206955
0.203706
0.205600
0.205341
0.206505
0.203904
0.204948
0.204115
0.204972
0.205816
0.203646
0.207678
0.202868
0.205113
0.204372
0.203586
0.206830
0.206426
0.207146
0.205364
0.206645
0.204358
0.205314
0.204198
0.203212
0.204740
0.204769
0.204602
0.205079
0.205558
0.207515
0.206548
0.204936
0.205236
0.203816
0.204739
0.206956
0.204377
0.204668
0.203727
0.202280
0.204850
0.206605
0.204289
0.206626
0.206854
0.202993
0.205914
0.204888
0.203985
0.204833
0.207329
0.207491
0.204701
0.202036
0.205893
0.205249
0.206733
0.206273
0.204915
0.205616
0.203322
0.206450
0.204494
0.204420
0.206062
0.205242
0.204813
0.204949
0.203451
0.205018
0.204803
0.205288
0.200973
0.204556
0.205228
0.202129
0.204499
0.205014
0.204772
0.205870
0.205942
0.204926
0.205233
0.203195
0.205394
0.206654
0.203585
0.203210
0.201983
0.205474
0.203385
0.204555
0.204336
0.204646
0.207236
0.206304
0.206123
0.204814
0.203705
0.205833
0.205241
0.206002
0.205603
0.204968
0.207022
0.205637
0.204491
0.203453
0.202913
0.204201
0.205127
0.205030
0.206016
0.204571
0.204586
0.203789
0.203777
0.205274
0.203997
0.205437
0.204938
0.204412
0.204116
0.204110
0.206835
0.203843
0.204748
0.206187
0.205564
0.203597
0.204937
0.206619
0.205637
0.204035
0.204138
0.203817
0.204534
0.207366
0.204282
0.205432
0.204828
0.204703
0.205675
0.205739
0.206808
0.207274
0.206346
0.204510
0.205439
0.203865
0.205259
0.202345
0.206345
0.205621
0.207766
0.204442
0.205104
0.207017
0.206017
0.205015
0.203898
0.205155
0.205753
0.207080
0.202789
0.204837
0.204469
0.204792
0.204499
0.204053
0.203302
0.203663
0.206394
0.203862
0.205257
0.204687
0.205726
0.205339
0.207649
0.205027
0.203900
0.204700
0.203787
0.203337
0.203105
0.203985
0.206145
0.203454
0.205716
0.206648
0.206028
0.204948
0.204620
0.206379
0.205019
0.206122
0.203629
0.207017
0.204863
0.207464
0.206104
0.203944
0.206181
0.206864
0.204802
0.206739
0.203699
0.205774
0.203236
0.203478
0.204775
0.203609
0.203144
0.203931
0.206337
0.203536
0.204014
0.205591
0.205813
0.205365
0.203977
0.207006
0.203652
0.204530
0.204732
0.204459
0.201904
0.203892
0.204255
0.203293
0.202600
0.205956
0.208187
0.206215
0.205412
0.204049
0.204586
0.204310
0.204449
0.204754
0.207369
0.206896
0.206429
0.205153
0.203629
0.205412
0.203951
0.204717
0.204451
0.204564
0.205869
0.205324
0.205108
0.204290
0.203462
0.205277
0.203021
0.205894
0.204622
0.206848
0.204106
0.205797
0.202640
0.204441
0.201699
0.203053
0.203957
0.203141
0.206699
0.203374
0.205420
0.206120
0.204573
0.205465
0.204864
0.203094
0.205471
0.204189
0.205491
0.206331
0.203524
0.205059
0.205908
0.206244
0.205290
0.205053
0.206004
0.204502
0.205299
0.206850
0.205316
0.203535
0.205759
0.207111
0.201835
0.202279
0.204510
0.205650
0.205364
0.205969
0.205514
0.204279
0.204728
0.205295
0.203852
0.202989
0.205009
0.205997
0.204731
0.202542
0.204720
0.205125
0.206563
0.206731
0.205862
0.210056
0.206140
0.205209
0.205539
0.205006
0.207907
0.202745
0.204539
0.204670
0.205714
0.204666
0.203100
0.204946
0.202880
0.202052
0.203856
0.204369
0.206103
0.205836
0.204618
0.204537
0.204910
0.206519
0.205072
0.206427
0.204464
0.205770
0.203956
0.206924
0.205996
0.204587
0.205829
0.203056
0.204185
0.204468
0.202923
0.204210
0.206727
0.203810
0.204981
0.205742
0.204415
0.205448
0.205897
0.205584
0.206658
0.204379
0.205432
0.205549
0.205652
0.206664
0.204364
0.206871
0.206728
0.203762
0.204471
0.204480
0.203189
0.201908
0.203865
0.204698
0.205437
0.204641
0.205906
0.208730
0.203483
0.205101
0.201295
0.203083
0.204788
0.204288
0.204773
0.204278
0.206824
0.205009
0.207121
0.205423
0.206240
0.206556
0.202525
0.204417
0.205039
0.206215
0.204067
0.204120
0.203268
0.206358
0.205004
0.205700
0.205965
0.205652
0.206083
0.204060
0.205602
0.205523
0.203516
0.204799
0.203592
0.202502
0.204471
0.208654
0.206029
0.204125
0.203452
0.205319
0.203729
0.205752
0.205506
0.203604
0.202837
0.206056
0.202891
0.202290
0.206354
0.206362
0.204134
0.204610
0.206915
0.204230
0.206075
0.207071
0.204571
0.205579
0.204660
0.204880
0.207704
0.207205
0.208003
0.203874
0.205996
0.204286
0.205686
0.205436
0.203591
0.201844
0.204024
0.203636
0.202680
0.207206
0.202593
0.203658
0.205117
0.202692
0.204310
0.206347
0.204941
0.203030
0.206084
0.206453
0.206770
0.203520
0.203034
0.205415
0.202445
0.205040
0.207179
0.207809
0.207994
0.206628
0.205921
0.204483
0.203902
0.205187
0.203948
0.205977
0.206247
0.205208
0.205919
0.203335
0.206344
0.202570
0.204815
0.206161
0.204097
0.205133
0.204105
0.202755
0.205221
0.203475
0.205993
0.204039
0.202868
0.204937
0.203828
0.203790
0.205396
0.202475
0.204821
0.204956
0.206606
0.205979
0.205385
0.205466
0.203942
0.206261
0.205701
0.202177
0.202851
0.203284
0.206970
0.204317
0.204201
0.202132
0.204229
0.205796
0.205684
0.202654
0.202592
0.207086
0.207686
0.205163
0.204409
0.204186
0.202516
0.203627
0.206781
0.206127
0.206197
0.205186
0.204218
0.204968
0.207067
0.202659
0.205707
0.204899
0.207025
0.203432
0.206565
0.203704
0.205623
0.204834
0.204545
0.204998
0.207931
0.205538
0.207433
0.204809
0.203655
0.206668
0.206187
0.207297
0.204356
0.203140
0.201411
0.207041
0.206368
0.205764
0.207008
0.206196
0.202335
0.205889
0.203671
0.206087
0.204666
0.205713
0.204238
0.205894
0.203454
0.204345
0.206325
0.209258
0.205070
0.206177
0.204826
0.204865
0.204777
0.206489
0.206217
0.205196
0.202357
0.204530
0.205930
0.203666
0.206042
0.207983
0.202406
0.204720
0.203581
0.206412
0.204592
0.204165
0.202729
0.205939
0.204234
0.204068
0.204227
0.204073
0.203720
0.204475
0.205601
0.206223
0.203973
0.204038
0.205418
0.204808
0.207425
0.204689
0.205540
0.206710
0.203726
0.205375
0.207322
0.206217
0.206897
0.205902
0.203976
0.204490
0.203515
0.203508
0.203010
0.204131
0.204662
0.206795
0.204860
0.205242
0.205347
0.204428
0.204222
0.204033
0.205753
0.207690
0.204670
0.204961
0.205576
0.203018
0.204962
0.205918
0.205746
0.204008
0.202942
0.207902
0.205090
0.203853
0.205971
0.203188
0.204735
0.205575
0.206239
0.202476
0.204810
0.201897
0.204647
0.205109
0.203588
0.203618
0.204906
0.207225
0.204986
0.205122
0.204961
0.204953
0.204593
0.201835
0.204246
0.205117
0.204646
0.204410
0.206397
0.205022
0.205298
0.203317
0.202735
0.202082
0.202876
0.203094
0.205850
0.205442
0.206246
0.204810
0.206001
0.204517
0.205980
0.205803
0.205399
0.200024
0.203979
0.205858
0.206342
0.203171
0.207322
0.206990
0.205871
0.205815
0.207116
0.207277
0.206718
0.204988
0.205212
0.202912
0.203995
0.203908
0.207877
0.205730
0.208228
0.205618
0.205642
0.204910
0.204632
0.205188
0.204101
0.206151
0.204275
0.203002
0.203896
0.204158
0.203642
0.206345
0.203420
0.203253
0.204216
0.203459
0.204782
0.203264
0.207523
0.206347
0.206308
0.207900
0.206602
0.207182
0.205134
0.204784
0.202916
0.205503
0.205722
0.204660
0.205190
0.203826
0.206260
0.205326
0.205228
0.203157
0.203186
0.205861
0.206667
0.206152
0.207047
0.207500
0.203881
0.205211
0.205866
0.205437
0.204008
0.204920
0.205213
0.203388
0.203568
0.205579
0.204644
0.205872
0.206716
0.207933
0.205719
0.206793
0.205962
0.205920
0.205654
0.204779
0.203287
0.203807
0.205971
0.203944
0.204213
0.205894
0.202733
0.202688
0.206162
0.205448
0.204935
0.203989
0.205516
0.204972
0.207206
0.207846
0.202132
0.206144
0.203591
0.205347
0.204115
0.205123
0.205698
0.206475
0.203933
0.205280
0.205463
0.206477
0.206259
0.204120
0.203289
0.205290
0.206042
0.204024
0.205716
0.204422
0.206844
0.205206
0.205483
0.204803
0.206214
0.204675
0.203937
0.201254
0.205759
0.206129
0.205783
0.205052
0.204060
0.204849
0.206110
0.206105
0.202550
0.204144
0.204814
0.202844
0.205786
0.207225
0.206212
0.203192
0.202252
0.206248
0.205228
0.205547
0.206313
0.205147
0.205306
0.204355
0.203833
0.205384
0.206486
0.205051
0.203405
0.205029
0.204029
0.204677
0.207200
0.205135
0.205547
0.205159
0.206799
0.205791
0.206817
0.204458
0.205207
0.208088
0.205282
0.206112
0.205373
0.207002
0.205609
0.206379
0.204675
0.205454
0.206540
0.206094
0.205460
0.206304
0.206437
0.205170
0.205671
0.201570
0.205533
0.204102
0.205105
0.203739

binsize 4
0.205166
0.204953
0.206340
0.204337
0.203587
0.205848
0.204428
0.205898
0.205750
0.205494
0.206118
0.205286
0.206454
0.206457
0.204113
0.204263
0.203807
0.203953
0.206815
0.204610
0.206160
0.207658
0.204829
0.205950
0.203381
0.204928
0.203891
0.206132
0.204526
0.205855
0.204243
0.206404
0.205305
0.203539
0.206146
0.205782
0.205708
0.207924
0.207076
0.204749
0.206040
0.206567
0.204451
0.204927
0.203516
0.204344
0.205448
0.203567
0.203243
0.204651
0.205792
0.204491
0.204307
0.206483
0.206036
0.205295
0.203239
0.204942
0.206151
0.206018
0.205337
0.205142
0.204615
0.205078
0.204056
0.204719
0.203641
0.204199
0.206350
0.204265
0.203821
0.205890
0.205740
0.205406
0.203898
0.205168
0.204242
0.205630
0.204545
0.202715
0.206115
0.205104
0.206235
0.205184
0.204090
0.203553
0.204019
0.205338
0.204001
0.206160
0.205882
0.204892
0.206534
0.204646
0.204907
0.203236
0.206424
0.206321
0.208071
0.204287
0.205888
0.206956
0.203518
0.204490
0.205684
0.204753
0.204814
0.204256
0.205347
0.205330
0.204056
0.207034
0.205794
0.205819
0.205213
0.204985
0.207284
0.206055
0.205844
0.204900
0.206144
0.204520
0.204538
0.203643
0.203919
0.205035
0.206424
0.206339
0.204032
0.204196
0.206219
0.205462
0.203577
0.204752
0.203967
0.205489
0.206830
0.203995
0.204447
0.205028
0.206037
0.206550
0.205585
0.206330
0.205995
0.208242
0.208341
0.205362
0.205785
0.205511
0.205883
0.204624
0.203641
0.206886
0.204315
0.207485
0.205820
0.206932
0.206238
0.207150
0.205835
0.205466
0.206558
0.204921
0.204327
0.206379
0.205459
0.204552
0.204963
0.205919
0.205052
0.204219
0.203866
0.204800
0.206228
0.205593
0.204917
0.202354
0.205618
0.203705
0.203268
0.205394
0.205089
0.204184
0.204803
0.204828
0.205839
0.203583
0.205012
0.206322
0.204341
0.206560
0.203420
0.205617
0.204397
0.204276
0.207617
0.205553
0.205891
0.204814
0.205732
0.205060
0.204311
0.205742
0.204240
0.203937
0.204206
0.205344
0.205380
0.205999
0.207450
0.204356
0.202978
0.205197
0.205047
0.205315
0.204608
0.207083
0.206035
0.205525
0.205964
0.204574
0.204671
0.204760
0.204402
0.205028
0.205329
0.205017
0.204478
0.205912
0.203709
0.206450
0.204276
0.203452
0.205398
0.206397
0.205368
0.205378
0.204614
0.204964
0.205429
0.205110
0.204292
0.205639
0.203934
0.205074
0.205977
0.207509
0.205353
0.205545
0.206967
0.204720
0.206649
0.205936
0.204867
0.204608
0.206075
0.205530
0.205426
0.204279
0.205703
0.206703
0.204257
0.204401
0.205163
0.204920
0.204792
0.204442
0.205429
0.206966
0.204287
0.204048
0.203961
0.204486
0.203772
0.204269
0.206287
0.206010
0.204014
0.204947
0.207806
0.207020
0.206280
0.204434
0.206328
0.204104
0.204583
0.204108
0.205381
0.205010
0.206318
0.206013
0.205664
0.206629
0.205807
0.205594
0.204697
0.205649
0.203333
0.203697
0.207101
0.204799
0.203626
0.204056
0.205074
0.206669
0.206683
0.206232
0.206253
0.204491
0.202782
0.205271
0.205062
0.205828
0.207138
0.206177
0.205800
0.204314
0.204244
0.205103
0.205400
0.205536
0.206298
0.206595
0.204607
0.203552
0.205742
0.204177
0.204919
0.205058
0.205132
0.205039
0.204644
0.205564
0.202388
0.205839
0.206879
0.202860
0.204970
0.203890
0.205439
0.203906
0.204981
0.204405
0.205358
0.203581
0.205890
0.204848
0.204236
0.205659
0.204342
0.207072
0.206576
0.205768
0.205760
0.206747
0.205054
0.204634
0.204845
0.204580
0.204750
0.204160
0.205614
0.205239
0.204932
0.203520
0.203423
0.205488
0.205784
0.206165
0.205172
0.204307
0.204569
0.204635
0.204875
0.206661
0.205355
0.205598
0.205764
0.206046
0.204490
0.204357
0.203632
0.205212
0.204899
0.203292
0.204393
0.205347
0.204868
0.203943
0.204811
0.206415
0.205397
0.205471
0.203868
0.205290
0.206905
0.204570
0.205002
0.205873
0.204820
0.205765
0.206212
0.202718
0.204981
0.206330
0.205760
0.206407
0.204375
0.205479
0.204917
0.205699
0.205049
0.204080
0.205382
0.205791
0.204948
0.205877
0.205694
0.203096
0.204523
0.206419
0.206405
0.204957
0.204212
0.205578
0.204913
0.205153
0.204527
0.206585
0.206250
0.206035
0.205737
0.203655
0.205157
0.203501
0.205973
0.206830
0.205542
0.206211
0.205813
0.205016
0.205497
0.205271
0.206180
0.202851
0.206564
0.205390
0.204269
0.206879
0.207676
0.206156
0.205596
0.205546
0.206601
0.203855
0.204557
0.204841
0.204619
0.204540
0.203725
0.204391
0.204256
0.205036
0.205452
0.204495
0.203297
0.205248
0.205815
0.205414
0.205434
0.206750
0.206692
0.205525
0.204946
0.205952
0.207774
0.206845
0.205518
0.205876
0.204659
0.204230
0.204420
0.205350
0.205762
0.205282
0.205752
0.205310
0.205679
0.205376
0.205640
0.205206
0.204833
0.205760
0.205493
0.205127
0.205483
0.204179
0.206339
0.206228
0.204334
0.204445
0.204953
0.205039
0.204769
0.203672
0.205197
0.204439
0.206373
0.204340
0.205550
0.204582
0.205128
0.205284
0.205390
0.205223
0.205536
0.203840
0.204206
0.205522
0.203316
0.204852
0.205374
0.205013
0.202476
0.205457
0.206139
0.203327
0.203603
0.205915
0.205280
0.203503
0.205258
0.205909
0.205420
0.205570
0.203024
0.204250
0.206085
0.206115
0.205478
0.204026
0.207056
0.207278
0.204485
0.205015
0.204046
0.205147
0.203987
0.204948
0.206511
0.204655
0.202831
0.204397
0.206157
0.204149
0.205592
0.205358
0.204964
0.203715
0.204665
0.204721
0.205502
0.204276
0.204602
0.206180
0.203317
0.205958
0.207067
0.207289
0.206551
0.204942
0.205820
0.205549
0.203246
0.204057
0.203059
0.204392
0.204559
0.204766
0.205907
0.206242
0.203511
0.204059
0.202652
0.204888
0.205450
0.205691
0.204652
0.202603
0.204650
0.205612
0.206939
0.204630
0.206568
0.207792
0.205719
0.207030
0.206480
0.204903
0.204896
0.207019
0.204295
0.204004
0.204671
0.205113
0.205677
0.207105
0.205419
0.204577
0.205333
0.205619
0.206058
0.204813
0.203996
0.202451
0.205776
0.205722
0.204593
0.203320
0.204495
0.205104
0.204608
0.204639
0.204966
0.203519
0.204870
0.204264
0.206282
0.205616
0.204616
0.204211
0.204481
0.205118
0.204407
0.205146
0.205078
0.204713
0.206053
0.204759
0.204685
0.205027
0.204102
0.206440
0.204967
0.202719
0.205597
0.205276
0.203514
0.206438
0.205364
0.204686
0.203342
0.204384
0.204860
0.203230
0.206957
0.203536
0.203789
0.204786
0.205515
0.206970
0.203220
0.205384
0.204477
0.203954
0.203985
0.205770
0.205114
0.204070
0.204913
0.204745
0.205040
0.205868
0.205111
0.205226
0.204842
0.206976
0.202797
0.204145
0.203723
0.204135
0.206279
0.205668
0.204344
0.206631
0.204324
0.204017
0.206061
0.204297
0.204032
0.203349
0.205569
0.204546
0.206268
0.203823
0.204526
0.205649
0.205734
0.204968
0.204721
0.205420
0.204841
0.204596
0.203629
0.205073
0.203126
0.203787
0.205882
0.205232
0.204014
0.206831
0.206501
0.203599
0.204270
0.206304
0.206085
0.205802
0.207463
0.204571
0.205195
0.203764
0.206032
0.205072
0.205618
0.204003
0.205462
0.206894
0.203304
0.203305
0.204097
0.204562
0.202397
0.203717
0.204458
0.205104
0.204766
0.205139
0.204612
0.205635
0.204319
0.205124
0.205330
0.204073
0.206214
0.206638
0.205406
0.205000
0.204184
0.205536
0.204738
0.205382
0.204613
0.204650
0.204842
0.206021
0.203769
0.203536
0.205649
0.203616
0.205074
0.206199
0.205156
0.205215
0.205254
0.204932
0.206283
0.207288
0.204731
0.203045
0.204075
0.205890
0.206515
0.203423
0.205419
0.205861
0.204683
0.207111
0.204924
0.204905
0.204564
0.205833
0.203741
0.205641
0.203965
0.205389
0.203685
0.202943
0.205221
0.202745
0.204318
0.204703
0.205338
0.203121
0.204660
0.206277
0.205945
0.203710
0.204798
0.204611
0.204470
0.205526
0.204935
0.204900
0.207090
0.205503
0.205576
0.204448
0.204331
0.204535
0.205252
0.203722
0.203994
0.206124
0.203420
0.205387
0.203316
0.206739
0.205210
0.205047
0.202849
0.203987
0.205171
0.203010
0.203706
0.204739
0.203582
0.204310
0.203303
0.205301
0.202037
0.204948
0.205037
0.206876
0.203395
0.203800
0.203418
0.203533
0.207694
0.205018
0.205083
0.205125
0.206045
0.204117
0.202825
0.204948
0.206146
0.205717
0.206595
0.205648
0.204101
0.203802
0.205041
0.204892
0.206476
0.205302
0.206110
0.204700
0.204815
0.206099
0.205580
0.204728
0.205860
0.204650
0.206460
0.204503
0.205988
0.206407
0.204233
0.203115
0.204033
0.206369
0.203556
0.203978
0.204457
0.203040
0.204714
0.204965
0.205145
0.205551
0.205260
0.205171
0.205767
0.205407
0.205746
0.204483
0.206466
0.204676
0.205846
0.206136
0.206374
0.208559
0.205558
0.205395
0.204657
0.203821
0.207204
0.203048
0.205249
0.206083
0.204627
0.203387
0.204479
0.202570
0.205748
0.205605
0.205219
0.205872
0.206550
0.205032
0.203845
0.204586
0.204442
0.207097
0.204894
0.206201
0.202282
0.204588
0.205876
0.205189
0.204298
0.204310
0.204410
0.205470
0.203444
0.204987
0.204539
0.204469
0.206440
0.203955
0.203198
0.203809
0.204017
0.204447
0.207130
0.204207
0.204025
0.205971
0.206255
0.204862
0.205056
0.204479
0.204900
0.202997
0.206546
0.205019
0.206104
0.205248
0.206913
0.205291
0.203125
0.206631
0.203219
0.203468
0.204928
0.203970
0.205574
0.204054
0.205185
0.205783
0.205592
0.204643
0.205962
0.205286
0.204940
0.205495
0.206692
0.205752
0.205728
0.204956
0.207102
0.205716
0.205807
0.204846
0.204408
0.206391
0.205422
0.204877
0.204522
0.206178
0.204814
0.204233
0.205304
0.205336
0.204696
0.204401
0.204020
0.206142
0.205192
0.204975
0.206049
0.205340
0.206113
0.204133
0.204173
0.205225
0.204918
0.206379
0.204899
0.204262
0.207516
0.204280
0.202934
0.205419
0.203355
0.202477
0.206377
0.205294
0.204885
0.204573
0.205160
0.204141
0.205051
0.206829
0.204922
0.205075
0.205058
0.203853
0.203466
0.203140
0.205996
0.206106
0.204134
0.205132
0.205500
0.205165
0.204367
0.205346
0.203577
0.204155
0.205282
0.204554
0.204627
0.205413
0.206651
0.205200
0.204981
0.204912
0.205379
0.205083
0.204172
0.203559
0.205271
0.204358
0.204553
0.205623
0.205936
0.202703
0.203908
0.206036
0.207784
0.204417
0.206522
0.204033
0.206531
0.206374
0.204269
0.204930
0.206191
0.205122
0.207224
0.206041
0.205474
0.203916
0.205513
0.204510
0.203695
0.204001
0.206413
0.203140
0.203180
0.205673
0.206303
0.204435
0.205829
0.206044
0.204318
0.206200
0.205188
0.204126
0.206117
0.205233
0.204809
0.205495
0.205464
0.205782
0.204561
0.205536
0.206128
0.205072
0.204204
0.205125
0.204764
0.204682
0.206597
0.203685
0.203305
0.205691
0.205830
0.205022
0.204526
0.204755
0.205042
0.205528
0.205414
0.204537
0.205014
0.205492
0.205106
0.204547
0.205266
0.204045
0.205347
0.205177
0.208266
0.206731
0.203726
0.204180
0.203267
0.204634
0.204329
0.204454
0.207712
0.205284
0.206645
0.205099
0.205174
0.206237
0.205114
0.204060
0.204819
0.205542
0.204205
0.206748
0.204858
0.205938
0.206878
0.204297
0.205579
0.204524
0.202717
0.204279
0.204630
0.202935
0.204584
0.204785
0.206228
0.207076
0.205898
0.205062
0.203634
0.204587
0.203577
0.203352
0.206190
0.205310
0.205812
0.205391
0.204753
0.202922
0.206907
0.205866
0.205237
0.207212
0.204405
0.204783
0.203658
0.205338
0.208127
0.203976
0.204148
0.204318
0.206380
0.203917
0.205490
0.205448
0.204000
0.206033
0.203612
0.202567
0.204201
0.206554
0.204135
0.204886
0.204225
0.205392
0.204235
0.205283
0.205227
0.205784
0.204142
0.207320
0.203955
0.203925
0.205795
0.205064
0.202254
0.204954
0.205000
0.203573
0.205231
0.204466
0.205989
0.204035
0.205885
0.204353
0.202727
0.203974
0.202938
0.205622
0.203786
0.207865
0.205041
0.203428
0.203634
0.205219
0.204607
0.203707
0.203933
0.204941
0.207466
0.205991
0.205786
0.205938
0.204593
0.204204
0.204446
0.205420
0.203962
0.204396
0.206570
0.205271
0.203549
0.205583
0.206149
0.204662
0.204418
0.204236
0.204750
0.205599
0.205614
0.205589
0.203696
0.205124
0.204422
0.204810
0.205346
0.206347
0.207218
0.205803
0.205199
0.204826
0.203938
0.205048
0.207916
0.205957
0.207222
0.205488
0.205944
0.206481
0.205473
0.202685
0.203482
0.202647
0.204962
0.204431
0.205782
0.204404
0.203516
0.204274
0.206602
0.204456
0.204888
0.205040
0.205465
0.205999
0.203978
0.201682
0.204100
0.205562
0.206545
0.204032
0.203891
0.204298
0.204714
0.205070
0.204777
0.204602
0.205525
0.205745
0.204346
0.207142
0.205967
0.205395
0.205839
0.204735
0.203528
0.205810
0.206385
0.207513
0.204081
0.205390
0.204843
0.201718
0.203217
0.202874
0.205012
0.205877
0.206596
0.206939
0.205509
0.206246
0.206727
0.204588
0.206292
0.203645
0.205524
0.205273
0.203722
0.205525
0.204782
0.204512
0.205164
0.205125
0.205651
0.203053
0.205804
0.204877
0.205218
0.205363
0.204437
0.206646
0.206229
0.205852
0.205362
0.204041
0.204350
0.206642
0.203903
0.204570
0.204661
0.204286
0.203940
0.206156
0.206816
0.203913
0.202957
0.205881
0.206303
0.205452
0.205957
0.203895
0.204432
0.205135
0.202853
0.202021
0.205238
0.206718
0.206003
0.206364
0.206678
0.205676
0.205674
0.205092
0.206409
0.203484
0.207359
0.204797
0.203944
0.205668
0.204581
0.205466
0.204024
0.205937
0.203023
0.205716
0.205371
0.203186
0.205421
0.205958
0.206676
0.206434
0.206482
0.205482
0.206058
0.205297
0.206965
0.204267
0.204754
0.206002
0.205084
0.203866
0.206176
0.204489
0.205477
0.207239
0.203905
0.203386
0.205083
0.205198
0.205933
0.207736
0.205773
0.205896
0.204485
0.205850
0.204843
0.205603
0.205405
0.206065
0.205411
0.203785
0.203956
0.205067
0.205735
0.205002
0.204588
0.205691
0.205297
0.203957
0.203644
0.204244
0.204026
0.201518
0.203195
0.206553
0.203958
0.205157
0.205774
0.205989
0.206620
0.204994
0.203792
0.205738
0.204317
0.205131
0.204402
0.203586
0.206308
0.203347
0.206069
0.206079
0.205229
0.204867
0.205521
0.204449
0.206015
0.204905
0.204434
0.205424
0.206309
0.204775
0.204114
0.205483
0.204097
0.206589
0.205324
0.204164
0.203868
0.204452
0.205309
0.205628
0.205641
0.206215
0.205316
0.206292
0.205630
0.204463
0.204947
0.205388
0.204957
0.204604
0.208156
0.205705
0.204093
0.206170
0.205814
0.206494
0.204383
0.204510
0.205564
0.202944
0.204349
0.205781
0.205146
0.206416
0.206019
0.205987
0.206089
0.204349
0.205932
0.205350
0.205886
0.205741
0.204221
0.204016
0.205188
0.205906
0.204235
0.207292
0.206919
0.206307
0.204042
0.205450
0.202987
0.203928
0.205305
0.204166
0.204836
0.204853
0.205015
0.204774
0.204521
0.204431
0.203585
0.206615
0.207257
0.204938
0.206563
0.205978
0.206027
0.207625
0.206563
0.204198
0.202927
0.207090
0.204840
0.205355
0.205491
0.204317
0.204908
0.205167
0.203776
0.205607
0.204527
0.202846
0.204586
0.204772
0.203601
0.205134
0.204548
0.205091
0.207204
0.206676
0.203097
0.205789
0.204777
0.203743
0.204760
0.204635
0.203872
0.206653
0.203615
0.205544
0.206361
0.204326
0.204523
0.204917
0.205257
0.204869
0.206377
0.205080
0.205994
0.203230
0.205630
0.207347
0.204089
0.204885
0.205723
0.202587
0.203585
0.203645
0.204074
0.204554
0.204472
0.206880
0.205227
0.204719
0.205897
0.202955
0.205606
0.204838
0.205791
0.204138
0.204980
0.206306
0.205645
0.203953
0.204659
0.206575
0.205092
0.205323
0.205589
0.206529
0.205855
0.204633
0.204658
0.203276
0.203856
0.205534
0.205554
0.205702
0.205275
0.204874
0.205878
0.203819
0.204351
0.205319
0.205114
0.204653
0.205923
0.204426
0.204543
0.204731
0.205273
0.204743
0.205208
0.206786
0.206004
0.204836
0.203705
0.204754
0.204840
0.206537
0.205742
0.204526
0.205848
0.204523
0.203004
0.205727
0.205457
0.204923
0.205401
0.204409
0.207410
0.203369
0.205571
0.206503
0.205266
0.204886
0.204457
0.205652
0.204881
0.204235
0.205046
0.202764
0.203678
0.204757
0.205321
0.205434
0.204214
0.206024
0.203398
0.203729
0.203970
0.204491
0.206770
0.205469
0.204769
0.205621
0.205285
0.206330
0.203972
0.203557
0.205078
0.205294
0.204187
0.204526
0.204717
0.204675
0.204113
0.205339
0.205468
0.204581
0.205778
0.204836
0.203977
0.205950
0.204857
0.204766
0.205707
0.207041
0.205428
0.204652
0.203802
0.205983
0.206104
0.206061
0.205516
0.204527
0.206416
0.203813
0.204630
0.204276
0.203483
0.205128
0.204972
0.205533
0.206338
0.204300
0.203562
0.203545
0.204799
0.206182
0.205488
0.205499
0.205571
0.205323
0.206164
0.205024
0.206523
0.205770
0.204736
0.203357
0.204192
0.203537
0.204936
0.204803
0.205589
0.205491
0.204091
0.204595
0.202898
0.203774
0.204278
0.207201
0.204731
0.204448
0.204602
0.207133
0.205791
0.204521
0.204334
0.204508
0.205597
0.204699
0.204370
0.204458
0.205735
0.204951
0.203541
0.202376
0.203549
0.205037
0.205770
0.205019
0.203979
0.204830
0.205911
0.204292
0.206076
0.205171
0.205253
0.206075
0.204425
0.206435
0.202057
0.205080
0.205666
0.204896
0.205011
0.203420
0.205503
0.203636
0.204922
0.206647
0.207959
0.205674
0.205272
0.205326
0.204605
0.205190
0.204023
0.202466
0.204113
0.205970
0.204577
0.205715
0.205749
0.205117
0.205440
0.205291
0.204443
0.204326
0.203566
0.205269
0.205362
0.204932
0.205740
0.205518
0.205491
0.206158
0.205618
0.205245
0.204475
0.202549
0.204282
0.205039
0.207318
0.204292
0.202189
0.204538
0.204526
0.205916
0.206272
0.206398
0.203471
0.205627
0.204094
0.204813
0.205352
0.205809
0.205071
0.205562
0.204157
0.203047
0.206563
0.205077
0.204385
0.204740
0.204555
0.204446
0.202591
0.206358
0.204372
0.205572
0.206573
0.205075
0.204770
0.207454
0.205938
0.205141
0.205561
0.202717
0.203830
0.204943
0.203125
0.203904
0.205328
0.203986
0.206268
0.205145
0.204225
0.203743
0.207494
0.207311
0.205202
0.204544
0.204963
0.205727
0.204627
0.204457
0.205488
0.204615
0.203430
0.204348
0.205016
0.203903
0.203809
0.203936
0.204888
0.206293
0.205426
0.205101
0.203939
0.203068
0.205644
0.203167
0.205013
0.204169
0.204839
0.206424
0.204297
0.203072
0.206454
0.205691
0.204593
0.204863
0.205303
0.205229
0.205135
0.205229
0.204771
0.206734
0.206121
0.205162
0.206742
0.203748
0.204226
0.206066
0.206602
0.204112
0.204879
0.205190
0.205066
0.203899
0.207792
0.205624
0.204846
0.205633
0.205706
0.203444
0.204798
0.207013
0.203563
0.204996
0.204379
0.204334
0.204151
0.204150
0.204097
0.205912
0.204005
0.205113
0.206057
0.206125
0.204550
0.206770
0.206400
0.204233
0.203511
0.203570
0.205728
0.205051
0.204887
0.204128
0.206722
0.204816
0.204297
0.205440
0.204877
0.205422
0.204471
0.204579
0.205155
0.204358
0.203353
0.204878
0.203603
0.206065
0.205054
0.204957
0.203214
0.204681
0.204528
0.205710
0.204307
0.202409
0.202985
0.205646
0.205528
0.205259
0.205891
0.202712
0.204918
0.204757
0.207156
0.205843
0.207196
0.205853
0.204062
0.203951
0.206804
0.206923
0.205276
0.204910
0.205126
0.203639
0.204027
0.204994
0.203337
0.203837
0.204023
0.206935
0.207104
0.206892
0.204959
0.204210
0.205191
0.204508
0.205793
0.204192
0.204523
0.206409
0.207273
0.204546
0.205652
0.204464
0.204300
0.204573
0.205258
0.207324
0.206256
0.205941
0.205216
0.203547
0.204957
0.205053
0.202711
0.205805
0.204462
0.205244
0.207526
0.204138
0.204469
0.204619
0.206086
0.204606
0.205970
0.205190
0.204290
0.205033
0.205069
0.206025
0.205143
0.205444
0.202595
0.205944
0.205417
0.204454
0.206107
0.203347
0.203829
0.206505
0.204702
0.204250
0.205387
0.205730
0.204831
0.204609
0.205769
0.204217
0.204353
0.206167
0.205353
0.206295
0.205638
0.206648
0.205697
0.206187
0.205994
0.205065
0.206317
0.205882
0.205804
0.203621
0.204817
0.204422

binsize 8
0.205059
0.205339
0.204717
0.205163
0.205622
0.205702
0.206456
0.204188
0.203880
0.205712
0.206909
0.205389
0.204154
0.205012
0.205190
0.205323
0.204422
0.205964
0.206816
0.205912
0.206304
0.204689
0.203930
0.204507
0.203947
0.205142
0.205395
0.205665
0.204090
0.206085
0.205239
0.204846
0.204387
0.203920
0.205308
0.204855
0.205573
0.204533
0.204936
0.203630
0.205609
0.205710
0.203821
0.204679
0.205081
0.205387
0.205590
0.204071
0.206372
0.206179
0.206422
0.204004
0.205218
0.204535
0.205339
0.205545
0.205807
0.205099
0.206669
0.205372
0.205332
0.204091
0.204477
0.206381
0.204114
0.205841
0.204165
0.204728
0.205413
0.204737
0.206293
0.205957
0.207118
0.206852
0.205648
0.205253
0.205263
0.205900
0.206376
0.206694
0.205650
0.205740
0.205353
0.205005
0.205441
0.204636
0.204333
0.205910
0.203636
0.204662
0.204331
0.204637
0.204816
0.204711
0.205667
0.205450
0.204519
0.204336
0.206585
0.205353
0.205396
0.205026
0.204088
0.204775
0.205689
0.205903
0.204087
0.205181
0.205846
0.205780
0.205269
0.204715
0.204715
0.205173
0.205195
0.205080
0.203864
0.205898
0.205373
0.204789
0.205270
0.204965
0.204504
0.206743
0.205449
0.205844
0.206292
0.204737
0.205802
0.204852
0.206203
0.204329
0.205041
0.204617
0.206197
0.204168
0.204224
0.204020
0.206148
0.204480
0.207413
0.205357
0.205216
0.204345
0.205196
0.206165
0.206146
0.205700
0.205173
0.203515
0.205950
0.203841
0.205872
0.206458
0.205372
0.204027
0.205445
0.206657
0.205057
0.204673
0.205468
0.206447
0.204080
0.204960
0.204989
0.205085
0.205104
0.204113
0.204869
0.204430
0.204673
0.204693
0.204470
0.205369
0.204947
0.205707
0.206172
0.206254
0.204844
0.204712
0.204455
0.205426
0.204226
0.204456
0.205974
0.204739
0.204602
0.205768
0.205477
0.205905
0.204423
0.204422
0.204095
0.204870
0.204406
0.205613
0.205434
0.204579
0.205738
0.205437
0.205292
0.204465
0.205656
0.206083
0.204927
0.205308
0.204564
0.205586
0.205413
0.204395
0.205471
0.205681
0.204895
0.205033
0.205556
0.206142
0.204696
0.204329
0.206402
0.205876
0.205414
0.205384
0.204515
0.205977
0.205574
0.206916
0.205571
0.205228
0.204699
0.204580
0.204058
0.204646
0.204974
0.204272
0.205614
0.206092
0.206108
0.205449
0.207309
0.205697
0.204445
0.204885
0.205522
0.205531
0.205527
0.205423
0.205296
0.205310
0.204831
0.206283
0.204389
0.204996
0.204220
0.204818
0.205356
0.205066
0.205206
0.205306
0.204688
0.204864
0.204084
0.205194
0.203966
0.204733
0.204759
0.204392
0.205584
0.205495
0.203637
0.206100
0.204752
0.207167
0.204750
0.204596
0.204467
0.205583
0.203614
0.205153
0.205475
0.204340
0.204693
0.204889
0.205391
0.204638
0.207178
0.205746
0.205685
0.203652
0.203726
0.204662
0.206075
0.203785
0.203770
0.205570
0.203627
0.205131
0.205784
0.207180
0.206374
0.205692
0.205958
0.204150
0.204892
0.206391
0.204998
0.205476
0.205436
0.203224
0.205749
0.203956
0.204799
0.204623
0.204242
0.204567
0.205949
0.204414
0.204800
0.204777
0.204896
0.205406
0.204856
0.205271
0.203843
0.205437
0.204976
0.205025
0.203863
0.204045
0.205246
0.204288
0.206242
0.204302
0.204215
0.204877
0.204592
0.204829
0.205454
0.205169
0.205909
0.203471
0.203929
0.205974
0.205488
0.204170
0.205179
0.203690
0.205057
0.205046
0.205087
0.205351
0.205071
0.204719
0.204351
0.203456
0.205557
0.205422
0.205050
0.205287
0.205944
0.206017
0.204480
0.205552
0.204810
0.206178
0.203305
0.204330
0.203057
0.204781
0.204953
0.205124
0.204722
0.204702
0.206426
0.205203
0.204860
0.205060
0.204631
0.205431
0.203652
0.204632
0.205636
0.205186
0.205093
0.206785
0.203888
0.204982
0.204969
0.205640
0.205897
0.204915
0.205198
0.204691
0.204677
0.203314
0.203983
0.204511
0.204229
0.205469
0.204827
0.204705
0.204998
0.204918
0.206297
0.205012
0.204433
0.204487
0.205059
0.204403
0.205028
0.205129
0.203418
0.204090
0.204223
0.203946
0.204302
0.203493
0.205957
0.203598
0.203475
0.206356
0.205104
0.205081
0.203887
0.205932
0.206122
0.203952
0.204966
0.205889
0.205405
0.205457
0.205154
0.205255
0.205482
0.206197
0.203674
0.205201
0.203767
0.203748
0.204839
0.205348
0.205216
0.205587
0.205114
0.205571
0.205991
0.207467
0.205477
0.204239
0.205126
0.205666
0.204007
0.203524
0.205676
0.205546
0.205791
0.204216
0.205770
0.205548
0.203435
0.205532
0.204304
0.204940
0.204216
0.204504
0.205198
0.203504
0.204232
0.205668
0.204998
0.205558
0.204768
0.203948
0.205783
0.205676
0.206102
0.204878
0.203343
0.204449
0.204814
0.205484
0.205118
0.205624
0.205218
0.206222
0.205342
0.206409
0.205326
0.205399
0.205149
0.205350
0.204524
0.205320
0.204548
0.205081
0.205084
0.205694
0.205123
0.204699
0.205648
0.204581
0.205898
0.204177
0.202916
0.205836
0.204729
0.204651
0.205940
0.204999
0.204456
0.203303
0.206051
0.204633
0.205332
0.204856
0.203866
0.204918
0.205020
0.205925
0.204946
0.205231
0.203866
0.204814
0.205088
0.204319
0.204972
0.206101
0.205277
0.206452
0.204600
0.205657
0.206632
0.204695
0.205011
0.203848
0.204776
0.204427
0.205369
0.205937
0.205259
0.204657
0.205675
0.205152
0.205623
0.205049
0.205600
0.204664
0.204723
0.205141
0.204498
0.205426
0.204640
0.205285
0.204975
0.205253
0.204827
0.204656
0.205262
0.207499
0.203953
0.203951
0.204392
0.206498
0.205872
0.205706
0.204587
0.205180
0.205476
0.205398
0.205587
0.205051
0.203498
0.203783
0.204684
0.206652
0.205480
0.204110
0.203464
0.205750
0.205602
0.203838
0.206386
0.206224
0.204594
0.204498
0.206051
0.204233
0.205148
0.205469
0.205016
0.203089
0.205378
0.204510
0.204809
0.204759
0.205505
0.205731
0.203940
0.205430
0.203604
0.204287
0.204848
0.205012
0.205119
0.203350
0.204280
0.205826
0.204234
0.204426
0.204157
0.204437
0.206729
0.205862
0.204398
0.204933
0.204179
0.205921
0.204566
0.205405
0.204327
0.205175
0.205602
0.204410
0.204616
0.205846
0.206510
0.205012
0.204493
0.206936
0.206355
0.206213
0.204079
0.203065
0.204696
0.205093
0.203895
0.205529
0.204964
0.205732
0.202830
0.204831
0.205288
0.204095
0.204892
0.204689
0.205635
0.205744
0.205681
0.205287
0.204669
0.206949
0.204735
0.203280
0.203046
0.205445
0.206767
0.205878
0.205657
0.204969
0.205398
0.204624
0.204647
0.205144
0.204352
0.205340
0.205290
0.205541
0.206040
0.204701
0.205496
0.204237
0.204474
0.205048
0.205365
0.204419
0.205878
0.204926
0.204783
0.202437
0.205978
0.206183
0.206177
0.205383
0.204947
0.206078
0.204806
0.205023
0.204980
0.204370
0.204279
0.205689
0.206555
0.205982
0.205677
0.205616
0.205378
0.204475
0.205332
0.206358
0.203645
0.205140
0.206834
0.205834
0.205167
0.205223
0.205735
0.204598
0.204511
0.205369
0.205139
0.204627
0.203944
0.202772
0.204874
0.204557
0.205882
0.205807
0.204765
0.204724
0.203994
0.204828
0.206074
0.205048
0.204985
0.205460
0.204929
0.205542
0.204799
0.205343
0.204744
0.204160
0.205468
0.205928
0.205804
0.205047
0.205168
0.204781
0.206930
0.205132
0.206154
0.204446
0.204254
0.205065
0.205781
0.206003
0.205219
0.205641
0.205814
0.204118
0.205547
0.205764
0.206613
0.204746
0.203458
0.204735
0.204844
0.204894
0.204476
0.205100
0.206097
0.206271
0.206826
0.205381
0.205009
0.205097
0.204904
0.205038
0.204691
0.203687
0.204679
0.204368
0.204819
0.206940
0.204443
0.204260
0.204697
0.205263
0.204580
0.205343
0.204720
0.205063
0.205728
0.204612
0.206489
0.204487
0.204155
0.203615
0.204314
0.205676
0.204973
0.204426
0.205222
0.204965
0.205643
0.204799
0.205617
0.205207
0.206059
0.205244
0.203967
0.204695
0.205628
0.205075
0.204848
0.204835
0.204883
0.205175
0.204637
0.205008
0.205997
0.205420
0.204230
0.205688
0.205134
0.205185
0.204366
0.205190
0.204905
0.205389
0.206037
0.205076
0.205055
0.204558
0.203905
0.204218
0.205377
0.205119
0.203563
0.204230
0.206119
0.205195
0.205807
0.203765
0.205186
0.204357
0.204696
0.204726
0.205024
0.205307
0.204964
0.204811
0.206374
0.205040
0.204892
0.206082
0.205021
0.205115
0.204453
0.204305
0.205252
0.205319
0.203554
0.205491
0.205494
0.205447
0.205594
0.206146
0.204047
0.203865
0.204870
0.205540
0.204343
0.203336
0.205740
0.204589
0.205867
0.205156
0.204421
0.205148
0.204414
0.205343
0.202958
0.204293
0.205394
0.204405
0.205101
0.205623
0.205664
0.205430
0.203568
0.205281
0.204216
0.204570
0.205785
0.206817
0.205299
0.204897
0.203244
0.205041
0.205146
0.205433
0.205366
0.204385
0.204417
0.205147
0.205629
0.205824
0.205431
0.203512
0.204660
0.205805
0.203363
0.205221
0.206335
0.204549
0.204453
0.205580
0.205317
0.203602
0.205820
0.204563
0.204501
0.204474
0.204972
0.205824
0.206112
0.205539
0.204139
0.204386
0.203515
0.204657
0.205707
0.203984
0.207402
0.204873
0.205345
0.204542
0.205051
0.203889
0.204459
0.203872
0.205591
0.205263
0.203503
0.204405
0.204591
0.205631
0.203685
0.206072
0.204728
0.205266
0.205182
0.205753
0.205641
0.205245
0.205146
0.205357
0.205034
0.204483
0.206708
0.205239
0.204575
0.205906
0.204280
0.204356
0.204150
0.205005
0.204559
0.206091
0.205660
0.205316
0.203541
0.205390
0.204508
0.205769
0.204869
0.205149
0.204525
0.204756
0.204116
0.204834
0.205006
0.203948
0.205119
0.203358
0.204316
0.205394
0.204302
0.204838
0.206499
0.206525
0.204007
0.206863
0.205093
0.204382
0.204511
0.203587
0.205479
0.206998
0.204584
0.204849
0.204993
0.205466
0.205909
0.205058
0.204437
0.206291
0.206099
0.204382
0.205005
0.204258
0.204853
0.205832
0.204544
0.205346
0.205580
0.204661
0.205547
0.205294
0.204270
0.204936
0.204727
0.205167
0.204476
0.205559
0.204720
0.204993
0.205260
0.205824
0.206143
0.205942
0.205529
0.206100
0.204712
0.204620

binsize 16
0.205199
0.204940
0.205662
0.205322
0.204796
0.206149
0.204583
0.205257
0.205193
0.206364
0.205496
0.204219
0.204544
0.205530
0.205087
0.205043
0.204154
0.205082
0.205053
0.204283
0.205659
0.204250
0.205234
0.204831
0.206276
0.205213
0.204877
0.205442
0.205453
0.206021
0.204711
0.205429
0.204977
0.204446
0.205075
0.206125
0.206985
0.205451
0.205582
0.206535
0.205695
0.205179
0.205039
0.205122
0.204149
0.204484
0.204763
0.205559
0.204428
0.205969
0.205211
0.204432
0.205796
0.204634
0.205813
0.204992
0.204944
0.205137
0.204881
0.205081
0.205118
0.205624
0.205646
0.205515
0.205327
0.205266
0.204829
0.205183
0.204122
0.205314
0.206385
0.204781
0.205681
0.205923
0.204344
0.204896
0.206165
0.204699
0.206051
0.204865
0.205957
0.204520
0.205037
0.204609
0.204650
0.204683
0.204919
0.205327
0.206213
0.204778
0.204941
0.204341
0.205357
0.205185
0.205691
0.204422
0.204483
0.205009
0.205006
0.205587
0.204879
0.205869
0.205117
0.205075
0.204904
0.205576
0.204964
0.205849
0.204513
0.206139
0.205399
0.205246
0.206245
0.205399
0.204639
0.204352
0.204623
0.205853
0.205779
0.206503
0.204665
0.205527
0.205475
0.205303
0.205557
0.204693
0.204519
0.205211
0.205256
0.204776
0.204639
0.204350
0.204575
0.205539
0.204869
0.205959
0.204673
0.205025
0.204383
0.204907
0.204791
0.205014
0.206462
0.204668
0.204194
0.204930
0.204670
0.204379
0.206482
0.206033
0.205054
0.205642
0.205237
0.204330
0.204853
0.204711
0.204405
0.205181
0.204788
0.205151
0.205064
0.204640
0.205001
0.203954
0.204767
0.205272
0.204546
0.204711
0.205311
0.204690
0.204951
0.204829
0.204435
0.205051
0.205219
0.204895
0.203904
0.205490
0.205169
0.205980
0.205016
0.205494
0.203817
0.203919
0.205038
0.204712
0.205815
0.204960
0.205031
0.204142
0.205411
0.205939
0.204435
0.205304
0.205406
0.204945
0.203995
0.204247
0.204849
0.204766
0.204958
0.205654
0.204460
0.204731
0.205078
0.203754
0.204084
0.203897
0.204777
0.204916
0.205092
0.204909
0.205037
0.205428
0.205431
0.205204
0.205839
0.204438
0.203758
0.205093
0.205401
0.205343
0.206729
0.204858
0.205396
0.203766
0.205611
0.205003
0.205659
0.204484
0.204622
0.204360
0.204351
0.204950
0.205278
0.204358
0.205729
0.205490
0.203896
0.205149
0.205371
0.205720
0.205875
0.205363
0.205250
0.204922
0.204815
0.205389
0.204911
0.205115
0.205037
0.204376
0.204690
0.205469
0.203879
0.205342
0.205094
0.204392
0.205473
0.205089
0.204340
0.204704
0.205536
0.205865
0.205128
0.205664
0.204429
0.204601
0.205653
0.204958
0.205414
0.205336
0.205132
0.204932
0.204962
0.204963
0.205114
0.204741
0.206380
0.203952
0.205445
0.205789
0.204884
0.205437
0.205319
0.203640
0.205668
0.204795
0.204607
0.204720
0.206305
0.204546
0.205142
0.205309
0.204053
0.204944
0.204784
0.205618
0.204685
0.203945
0.204930
0.204235
0.205053
0.204330
0.204297
0.206295
0.204666
0.205050
0.204986
0.204751
0.205006
0.205231
0.205761
0.205715
0.206284
0.203572
0.204895
0.204712
0.205348
0.203831
0.204692
0.204791
0.205690
0.205484
0.205809
0.204008
0.204245
0.206322
0.205313
0.205011
0.204896
0.204846
0.205416
0.205371
0.204867
0.204761
0.204892
0.205402
0.203610
0.206081
0.205780
0.205512
0.204915
0.204675
0.204984
0.206269
0.205647
0.204926
0.205845
0.204393
0.206334
0.205195
0.205167
0.204940
0.204883
0.203358
0.204716
0.205844
0.204745
0.204411
0.205561
0.205222
0.205235
0.205071
0.204452
0.205698
0.205425
0.204974
0.206031
0.205300
0.204659
0.205892
0.205430
0.204966
0.205655
0.205679
0.204097
0.204869
0.204788
0.206184
0.206103
0.205053
0.204971
0.204189
0.204523
0.205880
0.204352
0.204980
0.204961
0.204891
0.205170
0.205488
0.203885
0.204995
0.204700
0.205093
0.205221
0.205412
0.205652
0.204331
0.205351
0.204841
0.205029
0.204823
0.205709
0.204959
0.205160
0.204778
0.205147
0.205557
0.204806
0.204061
0.205248
0.203897
0.205657
0.204786
0.204771
0.204711
0.205166
0.204888
0.205707
0.205487
0.205068
0.204379
0.205286
0.204522
0.205470
0.205870
0.203956
0.205205
0.203840
0.205164
0.205512
0.204784
0.204878
0.203626
0.204900
0.205362
0.205547
0.204425
0.204393
0.206301
0.205098
0.204143
0.205290
0.204875
0.204782
0.205727
0.204472
0.205233
0.204292
0.205442
0.205017
0.204459
0.205191
0.204487
0.205398
0.205826
0.204263
0.204086
0.204845
0.206138
0.204943
0.204470
0.204166
0.205427
0.203954
0.205111
0.204879
0.204997
0.205467
0.205443
0.205251
0.204759
0.205974
0.205240
0.204318
0.204578
0.205325
0.205488
0.204465
0.205138
0.205009
0.204641
0.204475
0.204477
0.204238
0.204855
0.204570
0.206512
0.205435
0.204738
0.204049
0.206238
0.204717
0.205229
0.205484
0.205364
0.205240
0.204632
0.205343
0.204945
0.205121
0.205420
0.204603
0.204947
0.205017
0.204856
0.205542
0.206042
0.205815
0.204666

binsize 32
0.205070
0.205492
0.205473
0.204920
0.205779
0.204858
0.205037
0.205065
0.204618
0.204668
0.204955
0.205032
0.205744
0.205159
0.205737
0.205070
0.204712
0.205600
0.206218
0.206058
0.205437
0.205080
0.204316
0.205161
0.205198
0.204821
0.205215
0.205403
0.205041
0.204981
0.205371
0.205581
0.205297
0.205006
0.204718
0.205583
0.205802
0.204620
0.205432
0.205458
0.205238
0.204823
0.204666
0.205123
0.205496
0.204641
0.205271
0.205057
0.204746
0.205297
0.205374
0.205096
0.205240
0.205406
0.205326
0.205323
0.205822
0.204496
0.205238
0.206141
0.205096
0.205389
0.205125
0.204865
0.205016
0.204494
0.205057
0.205414
0.204849
0.204645
0.204903
0.205565
0.204562
0.204525
0.206258
0.205348
0.204783
0.204782
0.204793
0.204970
0.204852
0.204477
0.205020
0.204628
0.205001
0.204890
0.204743
0.205057
0.204697
0.205574
0.205255
0.203868
0.204875
0.205387
0.204587
0.205675
0.204870
0.205175
0.204121
0.204807
0.205306
0.204596
0.204416
0.203991
0.204846
0.205001
0.205232
0.205318
0.205138
0.204426
0.205372
0.205793
0.204581
0.205307
0.205071
0.204491
0.204650
0.204818
0.205610
0.204523
0.205545
0.205619
0.205086
0.205102
0.205013
0.204707
0.205080
0.204611
0.204743
0.205281
0.204522
0.205701
0.205396
0.204515
0.205305
0.205375
0.205032
0.204962
0.204928
0.205166
0.205617
0.205160
0.204480
0.205232
0.204663
0.205426
0.205225
0.204498
0.205201
0.204315
0.204582
0.204692
0.205296
0.204858
0.204868
0.205118
0.205738
0.204928
0.204803
0.204589
0.204741
0.205587
0.204908
0.205284
0.205162
0.204871
0.205393
0.204814
0.205147
0.204845
0.205646
0.204795
0.205626
0.205287
0.205119
0.205765
0.205053
0.204120
0.205280
0.204578
0.205392
0.205153
0.205075
0.205200
0.205666
0.205276
0.205198
0.205667
0.204483
0.205486
0.205578
0.204580
0.205202
0.204666
0.204926
0.205329
0.204440
0.204896
0.205317
0.204991
0.205096
0.204926
0.205334
0.204969
0.205352
0.204434
0.204573
0.205222
0.204741
0.205027
0.205597
0.204724
0.204904
0.205670
0.204580
0.204502
0.205148
0.204252
0.205131
0.204986
0.205347
0.204621
0.205082
0.205254
0.204852
0.204867
0.204738
0.204839
0.205612
0.204174
0.205491
0.204707
0.204796
0.204533
0.204938
0.205455
0.205005
0.205607
0.204448
0.205407
0.204802
0.204825
0.204476
0.204546
0.205541
0.205086
0.205144
0.204973
0.205424
0.204936
0.205144
0.205270
0.204775
0.204937
0.205792
0.205240
