
binsize 2
1.000000
0.216800
0.043808
0.067239
0.039560
-0.043447
-0.009870
-0.031152
-0.035774
-0.029994
-0.041659
0.021135
-0.003772
-0.006010
0.014979
-0.013865
-0.029765
0.060895
-0.001603
-0.018914
0.044707
0.029159
-0.008811
-0.036873
-0.009636
0.008270
-0.000702
-0.016758
0.011772
0.031381
0.018967
0.020999
-0.016037
-0.035200
-0.009720
-0.010419
-0.060137
-0.095147
-0.036398
-0.031104
-0.033755
0.055039
0.038467
-0.016748
0.026738
-0.003983
0.025248
0.040242
-0.004948
0.036912
0.074431
0.056125
0.013084
0.012085
-0.014188
-0.025040
-0.037027
-0.070751
-0.016511
-0.003058
0.051140
0.029841
-0.019416
-0.050117

binsize 4
1.000000
0.173748
0.014411
-0.017858
-0.059158
-0.036685
0.011469
-0.011727
0.001698
0.019981
0.021385
0.015345
-0.039510
0.012302
0.016654
0.018704
-0.028808
-0.021289
-0.077953
-0.083087
-0.029126
0.053400
0.022760
0.023428
0.032979
0.098504
0.064796
-0.043441
-0.072865
-0.042286
0.060081
-0.027884
-0.004718
-0.034200
-0.062815
0.037862
0.030085
-0.030838
-0.048815
-0.015709
-0.014179
-0.028769
0.050598
0.087931
0.017646
-0.052952
-0.017125
-0.064703
-0.020316
0.043689
-0.005740
0.079009
0.061309
-0.035531
0.010385
-0.023455
-0.009840
0.042252
0.012726
0.018371
-0.000786
0.017258
-0.016323
-0.030865

binsize 8
1.000000
0.057382
-0.043384
-0.011804
0.001985
0.033946
-0.019401
-0.004927
-0.003159
-0.089866
-0.054971
0.042112
0.084681
0.072872
-0.081523
0.009340
-0.046741
-0.051261
0.051302
-0.074961
-0.012256
0.036120
0.015359
-0.015730
-0.050632
0.037234
0.126357
-0.035080
-0.012260
0.009514
0.061444
-0.050853
0.092750
0.181363
-0.040681
-0.070315
0.015150
0.013538
-0.094734
-0.018378
-0.063483
-0.012996
-0.042506
-0.003616
0.054311
0.022264
0.028025
-0.010255
0.016131
0.121333
-0.006961
0.009537
-0.029200
-0.032514
0.110025
-0.066112
-0.178668
0.013256
-0.018304
0.074489
-0.045770
-0.006675
0.087041
0.021405

binsize 16
1.000000
-0.006119
-0.046665
0.059046
-0.102501
-0.014510
0.097025
0.012064
-0.101174
0.082645
-0.142006
0.073543
-0.040849
0.116395
-0.017229
0.039579
0.143370
-0.038392
0.029225
-0.131276
-0.016410
-0.105990
0.134068
0.013658
0.083418
-0.017377
-0.005960
0.091072
-0.238262
0.038141
0.034846
-0.038220
-0.005964
0.068681
-0.158694
0.043433
0.006292
0.038004
0.172386
-0.094338
-0.091899
-0.035562
0.080964
0.004347
0.044762
0.034540
-0.151488
-0.062404
0.067703
0.001774
-0.002181
-0.111684
-0.142867
-0.004961
0.074105
-0.088045
0.063017
-0.039083
-0.236914
-0.076952
0.225190
-0.139095
-0.047353
-0.029836

binsize 32
1.000000
-0.094584
0.006695
0.071915
-0.199003
0.055750
0.015468
-0.008336
0.210128
-0.053563
-0.121530
0.112460
-0.028412
0.167575
-0.202181
-0.062081
0.076996
-0.048025
-0.031257
0.185152
-0.207741
0.109877
0.099529
-0.186043
-0.010720
0.078800
-0.281711
0.007674
0.053050
-0.293527
0.134659
-0.130995
-0.324278
-0.006271
-0.152435
0.153593
0.042541
-0.235652
0.407074
-0.230367
-0.037614
0.025302
-0.089458
0.328920
-0.239512
-0.343314
0.326684
-0.044187
0.032414
0.586022
0.021119
0.090205
-0.588051
-0.573395
-0.104484
0.156458
0.445265
0.434845
0.326352
-0.350079
-0.273305
-0.145379
0.165446
-0.018895
