
binsize 2
0.340896
0.340585
0.336970
0.336369
0.339210
0.341083
0.339223
0.340612
0.340563
0.342311
0.340855
0.341013
0.340641
0.338469
0.342114
0.339920
0.341389
0.340168
0.343241
0.342007
0.342338
0.341437
0.340947
0.338763
0.339051
0.338695
0.340906
0.339957
0.340808
0.340367
0.339251
0.340316
0.340455
0.339979
0.340357
0.340007
0.339491
0.337835
0.340193
0.341446
0.341668
0.341668
0.342076
0.343978
0.341754
0.336305
0.339325
0.340667
0.339665
0.336720
0.336775
0.338838
0.341444
0.339514
0.335182
0.337445
0.338113
0.339451
0.337381
0.340767
0.339579
0.339017
0.340054
0.340601
0.338354
0.337441
0.339413
0.340678
0.339607
0.340343
0.341648
0.338590
0.340028
0.341744
0.338457
0.340767
0.338615
0.338660
0.338868
0.341544
0.341547
0.341036
0.342436
0.342239
0.339178
0.340202
0.342317
0.338117
0.338060
0.336906
0.338459
0.340154
0.342112
0.342979
0.340465
0.338083
0.337345
0.339378
0.340220
0.340033
0.339660
0.337838
0.339555
0.340719
0.340137
0.337554
0.338688
0.341275
0.340076
0.338631
0.338676
0.343420
0.342535
0.342645
0.339121
0.337582
0.337624
0.338098
0.340568
0.341619
0.341452
0.341701
0.341276
0.341538
0.338595
0.340325
0.339271
0.339737
0.340404
0.340070
0.339667
0.340590
0.338210
0.336712
0.336200
0.336491
0.338052
0.341688
0.338782
0.337625
0.338788
0.340368
0.341554
0.339341
0.340426
0.340561
0.340023
0.339171
0.338713
0.337955
0.338570
0.340755
0.338932
0.339270
0.335640
0.336670
0.338914
0.340847
0.337978
0.339894
0.339354
0.341308
0.340002
0.339160
0.340501
0.342208
0.342679
0.339282
0.340058
0.337690
0.337719
0.339722
0.341580
0.340859
0.340042
0.340736
0.339107
0.342134
0.341974
0.340090
0.342071
0.338803
0.339029
0.342629
0.339978
0.339879
0.342103
0.341840
0.342347
0.343788
0.341466
0.339420
0.339779
0.336849
0.339742
0.339887
0.339942
0.338247
0.341278
0.340181
0.340072
0.340202
0.342060
0.340726
0.340272
0.341934
0.338917
0.341174
0.343947
0.345322
0.341571
0.340461
0.338926
0.339785
0.337834
0.338484
0.338314
0.338940
0.339333
0.342692
0.340372
0.339168
0.339141
0.338485
0.341494
0.341363
0.339508
0.341695
0.338429
0.337294
0.338700
0.340472
0.339746
0.340823
0.342421
0.340949
0.337814
0.336956
0.334753
0.335009
0.334791
0.334877
0.339871
0.340805
0.343209
0.342033
0.341985
0.338880
0.338670
0.338895
0.338197
0.336318
0.339080
0.340812
0.341512
0.342174
0.342610
0.341894
0.341599
0.340158
0.339897
0.340560
0.341696
0.341464
0.341428
0.340653
0.336565
0.335746
0.335104
0.336848
0.338145
0.339692
0.339990
0.340419
0.342315
0.339550
0.336890
0.339451
0.339311
0.338895
0.336695
0.338209
0.340874
0.336378
0.339476
0.339964
0.338873
0.338244
0.339170
0.341219
0.337825
0.338552
0.340054
0.337088
0.341072
0.340779
0.341428
0.341953
0.339715
0.341796
0.343044
0.342130
0.338525
0.337535
0.340882
0.342457
0.341574
0.338758
0.340892
0.340589
0.339229
0.340987
0.337649
0.338263
0.342036
0.339845
0.339338
0.339329
0.341495
0.342400
0.338797
0.339344
0.337189
0.339388
0.341674
0.342724
0.341555
0.343538
0.341163
0.339118
0.338083
0.338596
0.339750
0.341557
0.339783
0.341001
0.339803
0.341971
0.342477
0.342021
0.344030
0.343270
0.343113
0.341554
0.339662
0.341420
0.341955
0.341974
0.341463
0.338908
0.340884
0.338827
0.338343
0.341747
0.340644
0.340233
0.343229
0.340459
0.338971
0.340278
0.340931
0.338948
0.339864
0.341120
0.340345
0.341382
0.340701
0.340332
0.340789
0.338881
0.338894
0.339207
0.343202
0.341104
0.342326
0.341434
0.341796
0.339480
0.337490
0.343367
0.340245
0.336845
0.340929
0.337896
0.343756
0.342398
0.337118
0.337565
0.343847
0.344396
0.340471
0.342531
0.341988
0.343980
0.344033
0.342979
0.340370
0.338027
0.339158
0.338693
0.336496
0.335757
0.336652
0.338243
0.339305
0.336979
0.338843
0.339032
0.339614
0.335985
0.339624
0.341447
0.343429
0.341217
0.339786
0.338551
0.339837
0.339091
0.337389
0.337467
0.338516
0.337812
0.338975
0.341181
0.337876
0.336898
0.340172
0.342584
0.339526
0.340362
0.340507
0.339571
0.340797
0.339391
0.340628
0.340995
0.339468
0.341241
0.337639
0.337628
0.339350
0.339745
0.341124
0.336705
0.342068
0.340855
0.340529
0.337720
0.337275
0.339365
0.338670
0.340012
0.340093
0.337731
0.337330
0.339569
0.336405
0.338938
0.339846
0.340900
0.337508
0.339521
0.341008
0.341267
0.337850
0.339207
0.336409
0.339223
0.337442
0.343756
0.341895
0.340333
0.339678
0.339093
0.339396
0.341313
0.340533
0.339641
0.341103
0.340711
0.337623
0.336688
0.339922
0.339925
0.340734
0.341792
0.339627
0.338593
0.337710
0.338273
0.338047
0.339459
0.339906
0.339199
0.339869
0.340417
0.340779
0.342611
0.342650
0.340179
0.338240
0.340028
0.340087
0.340552
0.341766
0.341110
0.343277
0.341384
0.339030
0.339104
0.341266
0.339441
0.341214
0.340663
0.343505
0.343752
0.343662
0.342402
0.338993
0.339673
0.341533
0.338964
0.341376
0.342237
0.341944
0.342749
0.341198
0.339241
0.337343
0.339796
0.341709
0.338457
0.339076
0.338810
0.339871
0.340652
0.341714
0.340203
0.342231
0.342638
0.339652
0.339972
0.341584
0.338328
0.337794
0.335857
0.337574
0.338410
0.339861
0.340891
0.340701
0.340357
0.341866
0.341792
0.341692
0.343438
0.341783
0.337864
0.336558
0.337633
0.338289
0.339317
0.338623
0.341671
0.338334
0.340889
0.340762
0.342894
0.341161
0.341633
0.344491
0.342800
0.341652
0.339169
0.341132
0.341971
0.339604
0.341637
0.340568
0.341141
0.339208
0.338783
0.339085
0.340259
0.339959
0.337666
0.340073
0.342165
0.342707
0.343835
0.339399
0.339736
0.338355
0.340407
0.343138
0.341436
0.339339
0.339289
0.339218
0.338490
0.337279
0.339827
0.340256
0.339515
0.342399
0.339941
0.338942
0.340634
0.339374
0.342680
0.338854
0.339127
0.337938
0.339467
0.339084
0.337707
0.337429
0.337867
0.337301
0.339797
0.338253
0.339948
0.337385
0.340484
0.337714
0.339820
0.339461
0.340397
0.341331
0.338317
0.342653
0.341307
0.339088
0.338645
0.339524
0.336960
0.339994
0.340664
0.340788
0.340994
0.338628
0.334284
0.337970
0.341003
0.340067
0.341836
0.339111
0.342343
0.339999
0.340027
0.339960
0.342620
0.341575
0.337533
0.339829
0.337662
0.340007
0.338122
0.339692
0.339348
0.341795
0.339001
0.337887
0.339159
0.341713
0.339008
0.339890
0.342605
0.340436
0.337844
0.339835
0.339965
0.340583
0.342464
0.340127
0.340648
0.339183
0.339790
0.341542
0.340537
0.340299
0.340884
0.338222
0.339636
0.338633
0.338978
0.339051
0.338433
0.342124
0.341842
0.338846
0.339623
0.339592
0.335436
0.334752
0.338619
0.341178
0.342685
0.341557
0.344721
0.342242
0.340162
0.340060
0.337654
0.335826
0.339353
0.337442
0.336619
0.337491
0.337238
0.335040
0.338042
0.338401
0.339327
0.336202
0.339979
0.341014
0.341487
0.342580
0.342140
0.341027
0.341706
0.341906
0.341416
0.343493
0.341953
0.337810
0.338408
0.339122
0.339689
0.340776
0.341342
0.338216
0.340068
0.339642
0.336052
0.338610
0.339288
0.335997
0.336832
0.337946
0.340209
0.338464
0.338789
0.340694
0.340769
0.339708
0.339499
0.342823
0.342527
0.341544
0.339173
0.339676
0.339262
0.335117
0.340991
0.342650
0.338872
0.336643
0.337386
0.340692
0.340312
0.340727
0.342241
0.342958
0.340450
0.342746
0.339924
0.338622
0.341578
0.338609
0.338965
0.342370
0.339872
0.341235
0.341496
0.342960
0.342360
0.341342
0.337201
0.337525
0.338909
0.339696
0.338620
0.338721
0.340723
0.338689
0.335322
0.337419
0.335888
0.338190
0.337265
0.341519
0.341638
0.343917
0.344258
0.341334
0.340701
0.340694
0.338873
0.339687
0.340709
0.340478
0.342110
0.341910
0.338763
0.338134
0.338397
0.341853
0.339853
0.339126
0.339115
0.343271
0.340510
0.339093
0.337502
0.336710
0.335296
0.341381
0.341196
0.341506
0.340089
0.337215
0.334984
0.335625
0.336948
0.338237
0.340279
0.338835
0.339983
0.341169
0.342503
0.342356
0.341822
0.341340
0.341641
0.339122
0.339955
0.336701
0.339343
0.337281
0.339585
0.347137
0.343120
0.340986
0.343359
0.341315
0.338877
0.340635
0.339711
0.338582
0.340528
0.343099
0.339551
0.342466
0.341798
0.340796
0.344458
0.343622
0.339318
0.341383
0.338053
0.339097
0.340172
0.341142
0.339772
0.337223
0.337219
0.340332
0.339483
0.339473
0.340330
0.338704
0.341534
0.341249
0.337222
0.338601
0.339415
0.341169
0.338335
0.336928
0.339184
0.337582
0.339192
0.339351
0.337102
0.337336
0.337800
0.339057
0.339565
0.338051
0.337211
0.336886
0.337752
0.338065
0.336313
0.336364
0.336766
0.338171
0.337365
0.340558
0.340077
0.340343
0.339442
0.338956
0.338632
0.334974
0.336248
0.339229
0.339791
0.336297
0.334273
0.337566
0.339514
0.339670
0.338173
0.335783
0.337944
0.337264
0.337149
0.336875
0.339734
0.341832
0.340422
0.339047
0.337310
0.339085
0.340554
0.340336
0.339356
0.339279
0.343521
0.341544
0.340009
0.340722
0.341936
0.338343
0.341201
0.339617
0.343467
0.339546
0.338432
0.337823
0.338526
0.339848
0.339559
0.339723
0.335969
0.338001
0.340315
0.338102
0.333936
0.340619
0.342789
0.341436
0.342641
0.341876
0.339634
0.339649
0.343824
0.343191
0.342934
0.341776
0.341959
0.339891
0.338413
0.338274
0.338440
0.338303
0.338467
0.339595
0.340269
0.339047
0.340556
0.345356
0.341251
0.337820
0.336131
0.338561
0.338536
0.338361
0.339882
0.341769
0.340533
0.338561
0.338387
0.338452
0.341716
0.342462
0.341117
0.339611
0.338225
0.339335
0.341271
0.340216
0.340502
0.339182
0.340919
0.339441
0.340913
0.340337
0.341753
0.341190
0.338362
0.338549
0.338853
0.340179
0.338407
0.336947
0.338479
0.341116
0.338458
0.338915
0.340306
0.340806
0.340862
0.341594
0.340522
0.342700
0.343425
0.341834
0.339579
0.339105
0.338442
0.337441
0.337132
0.340846
0.343896
0.342406
0.340460
0.339216
0.341308
0.341786
0.338713
0.338198
0.336506
0.338911
0.341065
0.342713
0.341030
0.337713
0.338732
0.338754
0.339309
0.342719
0.341547
0.339491
0.342170
0.342421
0.339459
0.339205
0.339009
0.337927
0.337477
0.338460
0.341972
0.338142
0.340577
0.338597
0.338398
0.339431
0.340942
0.342322
0.342133
0.342738
0.338936
0.338152
0.340021
0.339614
0.337505
0.338076
0.338843
0.337660
0.343872
0.343597
0.343217
0.344538
0.339989
0.340329
0.342599
0.339725
0.339286
0.344615
0.342815
0.342128
0.340083
0.337236
0.337979
0.336108
0.337385
0.338353
0.337117
0.337338
0.341358
0.339740
0.340387
0.340022
0.341937
0.342414
0.339542
0.338016
0.341573
0.339461
0.340104
0.342576
0.341596
0.338628
0.339221
0.339792
0.338678
0.339859
0.338016
0.337558
0.337841
0.338121
0.337469
0.340074
0.338536
0.336480
0.335724
0.338992
0.339282
0.340837
0.341771
0.339947
0.340975
0.340039
0.338962
0.338346
0.338484
0.340681
0.337458
0.340223
0.341639
0.341753
0.341843
0.339124
0.338496
0.339034
0.338108
0.338656
0.341531
0.341340
0.337164
0.341820
0.341045
0.340981
0.338148
0.338544
0.339641
0.340440
0.338729
0.339346
0.339588
0.339648
0.343068
0.341341
0.338775
0.338961
0.337847
0.340116
0.341290
0.339280
0.337951
0.339903
0.339293
0.341474
0.343116
0.343807
0.343784
0.339518
0.339664
0.339071
0.338522
0.340447
0.340809
0.338277
0.342357
0.342725
0.338877
0.335591
0.338768
0.338652
0.338921
0.338717
0.339296
0.341395
0.339521
0.340768
0.339595
0.341306
0.338345
0.340485
0.340516
0.343320
0.341677
0.340085
0.342333
0.343627
0.339908
0.338615
0.339469
0.340318
0.337162
0.338645
0.337953
0.339527
0.337839
0.338559
0.337680
0.337203
0.338439
0.337744
0.342065
0.337429
0.339359
0.339228
0.341167
0.340921
0.339597
0.341593
0.339462
0.341421
0.341862
0.341025
0.340017
0.341167
0.339315
0.340613
0.338996
0.337949
0.339090
0.338420
0.337402
0.338641
0.340872
0.340611
0.340859
0.338963
0.337480
0.337276
0.338953
0.340251
0.341374
0.342082
0.342937
0.341848
0.341696
0.339740
0.339446
0.339729
0.343956
0.343060
0.339902
0.339647
0.343435
0.343863
0.340319
0.340096
0.338854
0.337648
0.339435
0.342391
0.342043
0.338974
0.339886
0.339132
0.341054
0.337824
0.338637
0.339911
0.339290
0.337269
0.339427
0.341453
0.341342
0.342260
0.339565
0.340746
0.340106
0.342735
0.340548
0.340789
0.338810
0.337946
0.338754
0.339212
0.339338
0.339996
0.337796
0.336063
0.338420
0.339074
0.337582
0.336626
0.336531
0.336163
0.336790
0.339214
0.339733
0.339815
0.339359
0.337861
0.338547
0.340458
0.339684
0.341377
0.339265
0.337754
0.339126
0.338854
0.338256
0.338859
0.337983
0.340591
0.340012
0.341855
0.343754
0.341740
0.342039
0.341603
0.344346
0.341993
0.340281
0.339752
0.340415
0.338915
0.338619
0.339366
0.338768
0.337430
0.338724
0.336027
0.336593
0.337577
0.339196
0.339218
0.339520
0.342542
0.340786
0.340529
0.341608
0.342978
0.340462
0.337382
0.336676
0.339271
0.338470
0.342527
0.341186
0.340151
0.337966
0.338445
0.337327
0.338193
0.340332
0.342183
0.339439
0.341221
0.343469
0.339996
0.338587
0.340166
0.340704
0.341718
0.338722
0.338410
0.337478
0.340540
0.341079
0.338669
0.340644
0.341594
0.338617
0.339205
0.338574
0.336275
0.335008
0.333771
0.336200
0.338939
0.340480
0.341917
0.340033
0.340256
0.341792
0.341073
0.340797
0.341752
0.341274
0.341829
0.338755
0.336120
0.339646
0.340394
0.340640
0.343011
0.344463
0.342807
0.337684
0.338088
0.336317
0.339048
0.340577
0.339109
0.336066
0.339180
0.340751
0.342281
0.341568
0.340468
0.338204
0.339683
0.340800
0.339398
0.341873
0.340602
0.340607
0.340062
0.338263
0.340379
0.338965
0.339001
0.334293
0.337793
0.337076
0.338987
0.339293
0.340588
0.340766
0.339906
0.339455
0.339134
0.339282
0.340723
0.342567
0.341558
0.340086
0.339069
0.341694
0.338254
0.342205
0.342679
0.339615
0.341090
0.340931
0.339836
0.339351
0.337275
0.337373
0.339916
0.339732
0.341507
0.337273
0.337858
0.337546
0.340809
0.342271
0.339610
0.340847
0.341589
0.344847
0.343861
0.341892
0.342689
0.341410
0.339429
0.341935
0.340766
0.341003
0.341855
0.341312
0.340567
0.339610
0.337243
0.338356
0.338676
0.337139
0.338177
0.338850
0.340712
0.339471
0.340769
0.340021
0.340209
0.337948
0.338481
0.339770
0.338559
0.339989
0.336933
0.339645
0.339326
0.341300
0.340336
0.337024
0.338322
0.338616
0.339214
0.336891
0.338933
0.337151
0.338184
0.338296
0.337761
0.338689
0.339098
0.341592
0.338959
0.341527
0.337600
0.340395
0.338895
0.341024
0.336546
0.339337
0.339845
0.340102
0.338047
0.338437
0.340006
0.336816
0.337861
0.339842
0.337844
0.339512
0.341220
0.340949
0.340145
0.338814
0.337862
0.338088
0.342812
0.339461
0.337514
0.339032
0.337547
0.338520
0.337528
0.339424
0.339404
0.339394
0.341268
0.342989
0.342550
0.340118
0.336877
0.338868
0.338478
0.339699
0.338665
0.341297
0.342991
0.339677
0.339958
0.338622
0.339749
0.339004
0.340842
0.339679
0.339856
0.341148
0.337030
0.336633
0.338261
0.339089
0.337269
0.337080
0.341920
0.339411
0.339743
0.340662
0.340628
0.337090
0.337843
0.337489
0.339106
0.339536
0.339247
0.338933
0.338142
0.339091
0.341061
0.341436
0.341054
0.342355
0.341550
0.341801
0.341973
0.345354
0.343019
0.338284
0.338932
0.339918
0.342541
0.342966
0.339851
0.339371
0.338854
0.339502
0.337121
0.341140
0.340551
0.341185
0.336724
0.335249
0.337731
0.338848
0.340102
0.340338
0.343163
0.340874
0.341553
0.338680
0.340068
0.340539
0.339613
0.340969
0.336486
0.335455
0.337684
0.335635
0.337046
0.337063
0.337634
0.338741
0.337323
0.341069
0.339928
0.340512
0.342566
0.340301
0.337503
0.341919
0.337911
0.338161
0.342480
0.342623
0.342754
0.342867
0.339793
0.339862
0.338256
0.337376
0.340062
0.340838
0.341565
0.339461
0.340742
0.342641
0.340766
0.340483
0.340050
0.340741
0.339912
0.339905
0.337991
0.340371
0.336804
0.340049
0.339827
0.338602
0.338936
0.339764
0.341072
0.339992
0.339042
0.338909
0.340544
0.340707
0.338289
0.340541
0.338064
0.339903
0.342759
0.342751
0.340276
0.340691
0.342867
0.339749
0.340520
0.340957
0.338744
0.340433
0.337181
0.337176
0.339038
0.339321
0.338612
0.340661
0.342588
0.342215
0.342315
0.342896
0.346171
0.341672
0.342010
0.343162
0.342341
0.344104
0.341155
0.341720
0.338576
0.338721
0.339990
0.340239
0.338976
0.340398
0.340753
0.338566
0.337673
0.339275
0.342003
0.340605
0.339566
0.338419
0.341808
0.340737
0.339725
0.343758
0.339456
0.341820
0.338898
0.340833
0.341838
0.338430
0.341217
0.343013
0.341522
0.341104
0.339479
0.338916
0.338862
0.338943
0.339457
0.337961
0.340531
0.341752
0.337825
0.335827
0.338219
0.338923
0.337432
0.334697
0.339798
0.340485
0.337801
0.337882
0.339455
0.341856
0.339157
0.340554
0.339001
0.340593
0.339588
0.340422
0.339290
0.340922
0.339964
0.338603
0.339897
0.340767
0.337750
0.340492
0.339826
0.341338
0.340446
0.342335
0.340941
0.338911
0.337407
0.338914
0.338361
0.341682
0.342077
0.341843
0.339095
0.341511
0.341763
0.341915
0.340948
0.338982
0.339328
0.337636
0.338652
0.339173
0.338674
0.340626
0.339600
0.336053
0.337283
0.337630
0.334639
0.340062
0.338635
0.341557
0.342515
0.343502
0.340447
0.339946
0.343763
0.344052
0.339751
0.338940
0.340015
0.338378
0.341434
0.341989
0.338569
0.342424
0.339369
0.338710
0.336807
0.339551
0.340365
0.336525
0.337028
0.340460
0.338903
0.339408
0.340577
0.341705
0.337095
0.340855
0.340847
0.340156
0.341173
0.338968
0.340408
0.339093
0.338648
0.337458
0.336858
0.340845
0.340825
0.339169
0.340832
0.341825
0.336040
0.337643
0.338758
0.337571
0.338866
0.340893
0.338723
0.339076
0.341365
0.340677
0.339793
0.341415
0.340433
0.340598
0.341238
0.342491
0.341669
0.339386
0.337386
0.338252
0.341792
0.340138
0.338822
0.337049
0.337124
0.338840
0.339410
0.338420
0.341123
0.339477
0.338659
0.341125
0.341779
0.338537
0.339966
0.341207
0.340909
0.340112
0.340337
0.341429
0.341412
0.341903
0.343959
0.338765
0.339007
0.339067
0.339240
0.338649
0.338496
0.334810
0.338211
0.338912
0.342098
0.342493
0.341652
0.339162
0.341329
0.342707
0.343307
0.342694
0.343537
0.342988
0.341890
0.344860
0.340927
0.340210
0.343100
0.341303
0.342012
0.338470
0.340144
0.340916
0.338801
0.340306
0.337519
0.340040
0.343518
0.338532
0.339890
0.338381
0.338113
0.336189
0.336371
0.337692
0.340879
0.339510
0.339592
0.340507
0.340248
0.336944
0.339094
0.337462
0.338449
0.336831
0.336831
0.340394
0.341011
0.340387
0.336626
0.340559
0.340581
0.339952
0.339895
0.337733
0.338917
0.341499
0.340713
0.341561
0.342345
0.340397
0.340052
0.343787
0.341163
0.344495
0.343403
0.343108
0.342832
0.342629
0.340747
0.341427
0.339038
0.340914
0.339585
0.341272
0.342441
0.340008
0.338821
0.342469
0.340874
0.339242
0.340009
0.338342
0.338900
0.337582
0.339375
0.339016
0.337915
0.336269
0.337910
0.342869
0.339345
0.337290
0.336794
0.337441
0.337904
0.343428
0.342760
0.341625
0.340238
0.339814
0.341894
0.339337
0.339356
0.337927
0.339370
0.340757
0.340550
0.339644
0.343183
0.341058
0.337890
0.340226
0.338431
0.339343
0.337147
0.339908
0.342177
0.339457
0.340012
0.336300
0.336844
0.336742
0.337691
0.341038
0.339411
0.341492
0.339296
0.339061
0.336773
0.339039
0.340985
0.338089
0.339614
0.343161
0.340197
0.340225
0.340251
0.340486
0.337538
0.334441
0.337920
0.338369
0.342349
0.339523
0.338686
0.338044
0.339212
0.336828
0.342078
0.344342
0.339674
0.337697
0.341803
0.340995
0.337983
0.337610
0.337159
0.337059
0.339398
0.340756
0.340057
0.341528
0.340599
0.339476
0.341099
0.340616
0.340494
0.339747
0.341167
0.342472
0.343273
0.341890
0.340347
0.337340
0.340170
0.343126
0.345302
0.343579
0.342668
0.340958
0.341637
0.342682
0.343751
0.341159
0.341886
0.341635
0.339618
0.340191
0.339397
0.338008
0.338882
0.341687
0.339687
0.338471
0.340404
0.342468
0.342138
0.343769
0.341053
0.341824
0.337716
0.342183
0.339270
0.340129
0.342108
0.340143
0.340390
0.341295
0.340804
0.339214
0.341651
0.340159
0.340226
0.342323
0.338640
0.339313
0.339902
0.341242
0.340882
0.340634
0.341184
0.341121
0.341954
0.338778
0.341349
0.340787
0.338329
0.339029
0.340935
0.339392
0.336488
0.337908
0.341511
0.339287
0.339421
0.340191
0.338755
0.340114
0.339769
0.341211
0.338606
0.339228
0.338586
0.340620
0.339707
0.339664
0.340443
0.341117
0.340579
0.338811
0.341782
0.342738
0.340150
0.339427
0.342581
0.341551
0.340348
0.341722
0.340785
0.342048
0.338394
0.338751
0.336400
0.336991
0.340452
0.340793
0.339559
0.338170
0.338580
0.337328
0.338308
0.339799
0.338332
0.340885
0.339773
0.343000
0.339919
0.342107
0.341169
0.341385
0.341360
0.341102
0.341621
0.341151
0.336927
0.337686
0.336531
0.338433
0.338572
0.339836
0.341132
0.342688
0.340066
0.337525
0.338108
0.337509
0.340545
0.337751
0.341580
0.340658
0.338097
0.341256
0.338635
0.339919
0.341277
0.344420
0.341999
0.339414
0.337928
0.338862
0.340367
0.340052
0.338379
0.340788
0.338736
0.339453
0.340528
0.340391
0.340440
0.339511
0.338926
0.340425
0.340433
0.340343
0.338637
0.339739
0.339974
0.339759
0.341166
0.340755
0.341851
0.343309
0.341067
0.339152
0.337681
0.339213
0.338262
0.338254
0.339459
0.342562
0.340718
0.340016
0.340188
0.339591
0.340058
0.339801
0.339580
0.339913
0.341328
0.339684
0.338581
0.337124
0.338786
0.337429
0.335594
0.337893
0.338195
0.340243
0.337758
0.337925
0.341113
0.339572
0.339112
0.337565
0.339037
0.339080
0.339242
0.339982
0.341162
0.339957
0.338414
0.339083
0.340934
0.339990
0.342502
0.342704
0.343038
0.341860
0.344096
0.342662
0.342076
0.339345
0.338328
0.339810
0.340568
0.340765
0.339945
0.339319
0.338585
0.339024
0.337838
0.340577
0.341260
0.338118
0.339018
0.338014
0.341156
0.338127
0.336909
0.340413
0.340931
0.338812
0.338055
0.339299
0.342598
0.343628
0.339654
0.341239
0.341794
0.340985
0.341383
0.343206
0.340258
0.337445
0.340665
0.338990
0.341729
0.338166
0.339344
0.336485
0.340090
0.339205
0.341401
0.337641
0.338581
0.339662
0.339006
0.339593
0.340312
0.339257
0.338575
0.337570
0.338759
0.341555
0.342892
0.340874
0.339793
0.339722
0.340392
0.340491
0.338896
0.339636
0.341425
0.341428
0.340660
0.345215
0.343765
0.341983
0.338411
0.339004
0.340368
0.337534
0.338968
0.339507
0.338557
0.338586
0.338216
0.339689
0.337469
0.337417
0.339226
0.342068
0.340297
0.338456
0.341581
0.340993
0.339249
0.341450
0.340550
0.338003
0.337570
0.338322
0.338899
0.340544
0.338967
0.338485
0.339178
0.339889
0.339178
0.341973
0.343498
0.344321
0.344754
0.343914
0.341544
0.339529
0.337827
0.338943
0.338344
0.336592
0.340030
0.337544
0.338441
0.339053
0.340459
0.340441
0.340415
0.342654
0.342347
0.338932
0.339147
0.337461
0.338040
0.339294
0.338834
0.337675
0.337493
0.339849
0.339839
0.338115
0.342091
0.343244
0.342093
0.337207
0.337467
0.337678
0.340803
0.340799
0.340166
0.342387
0.341740
0.341676
0.339651
0.343203
0.341723
0.339139
0.341037
0.341475
0.339262
0.339044
0.339109
0.340064
0.340093
0.339163
0.338588
0.342136
0.336530
0.339487
0.338163
0.338678
0.339042
0.341054
0.340872
0.339511
0.340161
0.339780
0.339112
0.337473
0.339273
0.342728
0.341472
0.341192
0.341135
0.340180
0.341001
0.336875
0.335993
0.336832
0.340098
0.339349
0.337483
0.338466
0.341532
0.341769
0.340039
0.340616
0.338785
0.341118
0.339790
0.340403
0.339945
0.339859
0.340543
0.340238
0.342627
0.342374
0.342955
0.344554
0.342319
0.342113
0.340677
0.340601
0.339560
0.339628
0.339475
0.341483
0.340635
0.345149
0.342417
0.339923
0.338820
0.338684
0.341548
0.340241
0.337998
0.338387
0.341211
0.340359
0.340260
0.339508
0.340833
0.339806
0.342216
0.341443
0.341979
0.339967
0.339496
0.337095
0.338148
0.340743
0.340649
0.340425
0.340896
0.340672
0.343238
0.342412
0.341834
0.343302
0.342148
0.341063
0.340093
0.341521
0.338659
0.336909
0.337782
0.340274
0.337394
0.337033
0.341480
0.338280
0.341364
0.341066
0.337828
0.338272
0.340519
0.341005
0.340236
0.342256
0.337685
0.338938
0.339639
0.341226
0.341322
0.339854
0.339629
0.341371
0.340691
0.338655
0.340161
0.340312
0.338991
0.339685
0.339426
0.340814
0.340252
0.340478
0.341443
0.339795
0.339632
0.336760
0.336880
0.337076
0.339680
0.340990
0.341732
0.341698
0.339791
0.339644
0.340046
0.342724
0.341562
0.341639
0.339054
0.342539
0.343942
0.340154
0.338561
0.339790
0.339737
0.336902
0.335752
0.336539
0.335847
0.339222
0.341747
0.341359
0.342246
0.340399
0.340742
0.341115
0.339817
0.338575
0.338717
0.338690
0.338298
0.337906
0.337761
0.335415
0.338884
0.339520
0.339680
0.337871
0.338142
0.340155
0.340115
0.339556
0.338821
0.340070
0.339891
0.341179
0.338053
0.338414
0.337736
0.338684
0.337193
0.338261
0.338695
0.339568
0.341607
0.339751
0.339204
0.339821
0.342551
0.341983
0.341534
0.343223
0.340296
0.339672
0.340489
0.341824
0.341562
0.342209
0.340651
0.339266
0.340049
0.340899
0.339701
0.337736
0.339788
0.336285
0.338614
0.342242
0.344337
0.340851
0.338293
0.338321
0.339406
0.340565
0.341065
0.338880
0.337360
0.337532
0.340989
0.344118
0.342869
0.341842
0.338236
0.339014
0.337979
0.339754
0.338307
0.341047
0.340985
0.338713
0.336031
0.335373
0.339451
0.340904
0.338969
0.340992
0.339889
0.343287
0.339855
0.337590
0.338496
0.337601
0.340282
0.342003
0.339698
0.339158
0.341918
0.344287
0.342860
0.338294
0.338656
0.340421
0.341067
0.342065
0.342586
0.341465
0.338315
0.339400
0.341028
0.341306
0.341407
0.342997
0.340758
0.339238
0.337943
0.338905
0.340148
0.341317
0.339455
0.339046
0.337118
0.338395
0.340268
0.341216
0.340598
0.339185
0.338158
0.337761
0.339624
0.339072
0.339120
0.340428
0.338270
0.340290
0.341305
0.338161
0.339227
0.339886
0.340943
0.339465
0.338717
0.341645
0.340074
0.340948
0.341903
0.341525
0.339856
0.341261
0.338566
0.337974
0.336339
0.339426
0.339779
0.338753
0.341634
0.342033
0.341938
0.339658
0.340572
0.339130
0.338760
0.339888
0.339346
0.337752
0.338437
0.338819
0.336836
0.340356
0.338977
0.338531
0.341552
0.340044
0.338509
0.338626
0.336314
0.339438
0.338548
0.339325
0.342249
0.340614
0.339942
0.339260
0.339561
0.340819
0.340915
0.339696
0.342330
0.342993
0.344854
0.341923
0.343296
0.342139
0.341001
0.344307
0.341306
0.339748
0.339136
0.338947
0.337421
0.339335
0.338704
0.337610
0.338075
0.338747
0.334394
0.336202
0.337772
0.338941
0.336327
0.340413
0.340952
0.340571
0.340888
0.338938
0.341507
0.341788
0.342439
0.338707
0.340745
0.338702
0.339259
0.339356
0.341878
0.339316
0.336697
0.335859
0.339248
0.341013
0.339731
0.338168
0.340060
0.338712
0.341493
0.339665
0.337769
0.339373
0.340192
0.342346
0.342751
0.341350
0.340349
0.340759
0.338477
0.339308
0.342862
0.340049
0.343412
0.341563
0.337976
0.338971
0.340675
0.338766
0.338444
0.337654
0.338407
0.338379
0.340200
0.342521
0.342640
0.340201
0.340459
0.339191
0.338805
0.339312
0.339197
0.338473
0.338397
0.337279
0.339074
0.337354
0.340116
0.340930
0.342026
0.340378
0.340170
0.339811
0.338736
0.339307
0.339906
0.342865
0.341480
0.338777
0.339392
0.339770
0.340766
0.339945
0.338891
0.342547
0.343327
0.342802
0.341612
0.339280
0.340831
0.340786
0.339378
0.339337
0.338548
0.337896
0.338554
0.338683
0.342739
0.338252
0.339572
0.338392
0.338006
0.341807
0.338738
0.336760
0.339644
0.339849
0.340086
0.344021
0.342035
0.337843
0.338024
0.337169
0.339461
0.342105
0.341173
0.343926
0.343395
0.341325
0.340528
0.341807
0.341066
0.343249
0.343888
0.340957
0.340989
0.340521
0.340403
0.342046
0.340397
0.341584
0.341047
0.341134
0.340800
0.340283
0.340389
0.341920
0.339699
0.337339
0.341199
0.342181
0.338781
0.337635
0.338687
0.340465
0.342894
0.341175
0.342812
0.338330
0.338876
0.339049
0.338880
0.337246
0.337869
0.341447
0.334912
0.337937
0.341759
0.336921
0.340223
0.339252
0.340542
0.340049
0.337484
0.337337
0.342664
0.339230
0.338277
0.338668
0.342931
0.338115
0.339740
0.338617
0.341843
0.339354
0.337427
0.338414
0.339690
0.338879
0.337837
0.339139
0.336590
0.337245
0.338025
0.339755
0.341303
0.338975
0.338619
0.341462
0.341585
0.340850
0.339812
0.338214
0.338482
0.337689
0.339229
0.342100
0.340754
0.338624
0.339054
0.338327
0.340257
0.340497
0.339905
0.341368
0.340349
0.339787
0.340878
0.340330
0.341385
0.341960
0.340740
0.336876
0.338161
0.343717
0.341771
0.340400
0.341816
0.340637
0.339315
0.337262
0.337693
0.339855
0.338192
0.339203
0.342297
0.340633
0.338812
0.338916
0.341560
0.341783
0.340285
0.341767
0.341462
0.340791
0.339468
0.338179
0.340557
0.343834
0.344177
0.342827
0.340429
0.341250
0.343222
0.340357
0.342404
0.339350
0.340038
0.339163
0.341162
0.339127
0.337499
0.339465
0.339651
0.342267
0.343279
0.344166
0.341347
0.340267
0.343432
0.341253
0.337500
0.339379
0.338421
0.336503
0.338487
0.339030
0.340010
0.336704
0.339603
0.341622
0.342855
0.343305
0.343820
0.338688
0.341962
0.344156
0.342031
0.340525
0.339609
0.338887
0.342919
0.342125
0.338563
0.341898
0.337994
0.339146
0.341797
0.342265
0.339198
0.336661
0.336609
0.341033
0.338729
0.339110
0.340309
0.337788
0.340151
0.340887
0.341588
0.342641
0.340092
0.340581
0.338253
0.338927
0.337310
0.341194
0.341388
0.338717
0.339918
0.339174
0.339216
0.337377
0.336490
0.339474
0.340123
0.339370
0.339448
0.337954
0.339143
0.339865
0.342612
0.340549
0.341362
0.343101
0.344260
0.341942
0.342267
0.339151
0.338277
0.342352
0.338763
0.339538
0.340172
0.339888
0.341520
0.339850
0.340366
0.342082
0.339367
0.339574
0.342828
0.338174
0.339158
0.340864
0.340347
0.340415
0.338371
0.337683
0.339120
0.338301
0.337666
0.336042
0.337088
0.337989
0.338092
0.341163
0.337990
0.335806
0.336193
0.339506
0.340987
0.342325
0.341331
0.341841
0.338807
0.340516
0.341358
0.342161
0.339384
0.342496
0.342301
0.342163
0.342909
0.340880
0.338168
0.339835
0.339476
0.338820
0.340988
0.341204
0.340468
0.337927
0.337668
0.341184
0.338777
0.337812
0.340460
0.339961
0.339530
0.338749
0.342299
0.340061
0.342351
0.340788
0.339426
0.338052
0.339167
0.338616
0.337384
0.338369
0.339915
0.343282
0.340723
0.338307
0.335906
0.338901
0.338820
0.340972
0.340528
0.337082
0.335912
0.336260
0.337451
0.339969
0.339281
0.340086
0.339858
0.341118
0.341789
0.340403
0.340882
0.341509
0.342122
0.339695
0.339451
0.339878
0.338873
0.338884
0.339165
0.341538
0.339235
0.338674
0.340901
0.338262
0.336895
0.339381
0.341065
0.341733
0.340506
0.339169
0.338996
0.340617
0.337243
0.337501
0.340601
0.339069
0.341034
0.339601
0.341419
0.339590
0.340477
0.336222
0.335955
0.336817
0.341789
0.341844
0.340907
0.339684
0.341167
0.337889
0.339068
0.340367
0.340220
0.341020
0.340492
0.339741
0.341194
0.341775
0.340184
0.340027
0.342230
0.340711
0.337205
0.337676
0.339425
0.343487
0.341358
0.337774
0.341012
0.341472
0.340245
0.341639
0.341463
0.341544
0.339096
0.339710
0.340887
0.340475
0.342734
0.338304
0.337442
0.339595
0.336956
0.341543
0.342115
0.341813
0.340938
0.340295
0.341668
0.343795
0.339899
0.341817
0.343046
0.339607
0.338590
0.337276
0.338301
0.337914
0.338931
0.342140
0.342983
0.341818
0.339285
0.338971
0.337190
0.338186
0.337883
0.338211
0.340076
0.340883
0.341734
0.338377
0.337817
0.338369
0.340245
0.340403
0.345122
0.341107
0.342798
0.339555
0.339613
0.340235
0.337910
0.337062
0.337779
0.340454
0.340245
0.340435
0.340521
0.339938
0.341039
0.341175
0.340261
0.339096
0.338671
0.339839
0.340950
0.341295
0.340238
0.337934
0.341352
0.340226
0.340900
0.339118
0.339421
0.341822
0.340105
0.338237
0.335804
0.338638
0.340558
0.341981
0.339556
0.339345
0.336944
0.339332
0.341346
0.339000
0.339400
0.341903
0.341802
0.342734
0.343672
0.341404
0.337731
0.339250
0.338755
0.339602
0.342025
0.342075
0.343019
0.341931
0.339817
0.341165
0.340213
0.340983
0.342642
0.344991
0.342804
0.344016
0.342777
0.344617
0.343812
0.341190
0.344200
0.343259
0.343055
0.342369
0.340936
0.338708
0.336471
0.337024
0.338870
0.339602
0.339072
0.339508
0.339788
0.341188
0.341091
0.337697
0.339975
0.338597
0.337108
0.336746
0.337299
0.339109
0.339829
0.338139
0.338292
0.339284
0.342183
0.339994
0.340558
0.339218
0.338084
0.339337
0.339532
0.340897
0.342220
0.338897
0.338011
0.339616
0.341149
0.341098
0.343885
0.339738
0.340182
0.341844
0.342471
0.339443
0.336964
0.336455
0.337716
0.341713
0.340893
0.341582
0.341841
0.342058
0.343582
0.339786
0.341474
0.339199
0.338120
0.340803
0.338706
0.336354
0.338433
0.339217
0.339685
0.341418
0.340443
0.338882
0.340593
0.338748
0.340080
0.342385
0.340455
0.341408
0.339134
0.339478
0.339919
0.339424
0.338345
0.338833
0.340122
0.337590
0.339315
0.339352
0.339565
0.342825
0.343909
0.342417
0.340690
0.340156
0.341924
0.339635
0.339455
0.340047
0.340085
0.338888
0.340808
0.339776
0.341199
0.340614
0.342380
0.340860
0.342837
0.339292
0.341176
0.339400
0.339183
0.340004
0.342479
0.340258
0.341485
0.340622
0.341158
0.340846
0.340644
0.342341
0.342763
0.340493
0.337488
0.339911
0.340665
0.342848
0.344132
0.342279
0.344020
0.340278
0.340001
0.338463
0.342622
0.340473
0.339402
0.337991
0.340747
0.340154
0.339389
0.339125
0.339950
0.339813
0.338555
0.338105
0.341188
0.339015
0.337827
0.340179
0.336948
0.336572
0.338764
0.340456
0.337260
0.338209
0.340010
0.337744
0.338673
0.339123
0.338528
0.338672
0.338915
0.342737
0.339723
0.338926
0.336192
0.338477
0.340409
0.341584
0.339058
0.341046
0.341977
0.340346
0.338907
0.338305
0.338521
0.339148
0.342361
0.341566
0.340289
0.340463
0.342662
0.340819
0.340712
0.339129
0.338146
0.337600
0.340044
0.341897
0.341482
0.341691
0.342761
0.341015
0.340332
0.338559
0.340510
0.337946
0.340288
0.340428
0.338858
0.338321
0.339410
0.340128
0.339195
0.340803
0.340706
0.341110
0.337683
0.337367
0.337984
0.335434
0.336875
0.336682
0.339380
0.338092
0.341707
0.341131
0.340613
0.339087
0.338448
0.339816
0.338339
0.340223
0.340351
0.341407
0.338494
0.338652
0.336398
0.338295
0.340966
0.340600
0.339847
0.340161
0.341784
0.339921
0.341436
0.340485
0.341734
0.340629
0.340079
0.341099
0.342101
0.341633
0.341523
0.339468
0.335445
0.338340
0.340681
0.341134
0.339108
0.340354
0.338250
0.338892
0.339306
0.341042
0.338550
0.341082
0.340642
0.340619
0.338420
0.337681
0.340972
0.338351
0.340601
0.341715
0.339498
0.339325
0.337284
0.335988
0.338436
0.337793
0.336724
0.341661
0.340687
0.337751
0.341856
0.341053
0.340601
0.339242
0.342443
0.343514
0.341059
0.338195
0.339791
0.339453
0.337273
0.339790
0.338249
0.342770
0.343976
0.340319
0.340409
0.341567
0.339532
0.338882
0.338744
0.336999
0.340813
0.340738
0.339375
0.337421
0.338117
0.340586
0.340216
0.341430
0.339178
0.342694
0.339166
0.340420
0.340399
0.338394
0.342323
0.343032
0.341519
0.339048
0.338629
0.338696
0.340715
0.340265
0.340181
0.341668
0.339475
0.339846
0.339551
0.336594
0.339197
0.339472
0.337410
0.337753
0.336527
0.341432
0.340597
0.339892
0.342654
0.340191
0.338708
0.338919
0.339698
0.337912
0.339572
0.338342
0.339847
0.341834
0.344046
0.343788
0.339555
0.341309
0.337626
0.339972
0.341336
0.341589
0.339673
0.340303
0.340739
0.342528
0.340365
0.340558
0.340561
0.341607
0.341218
0.340469
0.341331
0.342088
0.341243
0.339446
0.339362
0.340148
0.339534
0.341174
0.338727
0.334238
0.339324
0.338595
0.339984
0.339952
0.337926
0.335907
0.339529
0.339831
0.341823
0.339289
0.337212
0.337510
0.336202
0.339814
0.340991
0.340865
0.343807
0.342561
0.339435
0.340838
0.338679
0.337979
0.336849
0.339298
0.341544
0.344612
0.344736
0.345285
0.342198
0.339672
0.340011
0.338013
0.338732
0.338639
0.340995
0.343480
0.340432
0.340499
0.339470
0.339341
0.343004
0.343625
0.343154
0.341489
0.338495
0.337472
0.340718
0.337995
0.339997
0.337798
0.338939
0.336116
0.340278
0.340220
0.343853
0.340523
0.340764
0.338590
0.338906
0.341144
0.341358
0.341716
0.340323
0.341392
0.340427
0.343103
0.343955
0.341521
0.339049
0.338518
0.335379
0.336529
0.336475
0.339341
0.338818
0.338970
0.337329
0.338932
0.339934
0.337402
0.341331
0.339879
0.339709
0.341069
0.340699
0.336326
0.337766
0.338162
0.340265
0.340083
0.340063
0.339690
0.340439
0.337239
0.340530
0.344782
0.340649
0.341111
0.340382
0.338915
0.338857
0.341823
0.342636
0.340227
0.338904
0.340754
0.340366
0.339639
0.341774
0.339418
0.340377
0.339531
0.340445
0.341972
0.343097
0.339175
0.338926
0.339597
0.340002
0.341573
0.342145
0.342939
0.342628
0.343075
0.339689
0.340078
0.341291
0.340850
0.341301
0.343854
0.342780
0.339753
0.340511
0.338772
0.338591
0.339676
0.340403
0.338764
0.338388
0.339190
0.338529
0.337721
0.338777
0.341115
0.340911
0.341182
0.341553
0.341313
0.340535
0.340451
0.338787
0.338941
0.339529
0.340749
0.339438
0.338446
0.338179
0.339330
0.340131
0.340155
0.338945
0.338044
0.337564
0.341021
0.343115
0.342348
0.339833
0.338678
0.339896
0.339463
0.340365
0.343153
0.344590
0.340082
0.339995
0.340727
0.339530
0.340663
0.340392
0.341711
0.342566
0.340493
0.342317
0.339929
0.340768
0.342261
0.338958
0.338578
0.337936
0.339873
0.337100
0.341335
0.343023
0.338159
0.336933
0.335982
0.339479
0.338544
0.340075
0.339126
0.336911
0.337492
0.336807
0.338245
0.338057
0.336991
0.337142
0.338767
0.340072
0.343075
0.342928
0.341399
0.342230
0.338866
0.341205
0.340343
0.339935
0.339809
0.341421
0.341957
0.341064
0.340504
0.341937
0.340332
0.338949
0.339644
0.342386
0.343431
0.342585
0.345153
0.342138
0.342535
0.339069
0.339072
0.336033
0.341558
0.342460
0.343737
0.340803
0.339858
0.338788
0.341067
0.338416
0.341995
0.342266
0.338005
0.342502
0.340616
0.340829
0.341975
0.341956
0.340920
0.343217
0.339449
0.339577
0.337318
0.337959
0.339851
0.338989
0.339036
0.335740
0.336316
0.336595
0.337835
0.338130
0.338311
0.339355
0.342380
0.340595
0.342187
0.341398
0.338408
0.337644
0.339537
0.341191
0.338078
0.339257
0.345613
0.345181
0.340596
0.335419
0.333916
0.337524
0.338170
0.340155
0.340550
0.342053
0.342941
0.340890
0.343256
0.340385
0.340827
0.340081
0.339411
0.338210
0.340085
0.339293
0.337795
0.337656
0.341369
0.341319
0.340606
0.340994
0.338891
0.340908
0.338631
0.339072
0.341303
0.341890
0.338952
0.338241
0.342014
0.343188
0.340908
0.337320
0.337585
0.339669
0.339634
0.341156
0.337958
0.338638
0.338582
0.338384
0.337622
0.337573
0.337151
0.339710
0.336818
0.339324
0.338813
0.340003
0.341921
0.340388
0.339322
0.341021
0.339618
0.338908
0.337006
0.337712
0.334400
0.334606
0.337509
0.338724
0.341314
0.340857
0.340404
0.335338
0.338786
0.338745
0.339587
0.338658
0.339285
0.340324
0.339609
0.341715
0.340094
0.341185
0.339010
0.337119
0.338584

binsize 4
0.340740
0.336670
0.340147
0.339918
0.341437
0.340934
0.339555
0.341017
0.340779
0.342624
0.341887
0.339855
0.338873
0.340432
0.340587
0.339784
0.340217
0.340182
0.338663
0.340820
0.341668
0.343027
0.339029
0.339996
0.338193
0.337807
0.340479
0.336313
0.338782
0.339074
0.339298
0.340327
0.337898
0.340046
0.339975
0.340119
0.340886
0.339612
0.338637
0.340206
0.341292
0.342337
0.339690
0.340217
0.337483
0.339306
0.342546
0.339274
0.338361
0.340126
0.338749
0.340137
0.338845
0.339982
0.339354
0.341048
0.342590
0.338352
0.337861
0.341094
0.341577
0.341407
0.339460
0.339504
0.340237
0.340129
0.337461
0.336345
0.339870
0.338203
0.339578
0.340447
0.340494
0.339597
0.338334
0.339663
0.339101
0.336155
0.339881
0.338936
0.340331
0.339581
0.341355
0.340980
0.338874
0.338721
0.341219
0.340389
0.340620
0.341032
0.340437
0.340829
0.339928
0.341971
0.343067
0.340443
0.338314
0.339815
0.339094
0.340730
0.340137
0.341393
0.341103
0.340045
0.344634
0.341016
0.339355
0.338159
0.338627
0.341012
0.339770
0.338813
0.341428
0.340601
0.337862
0.339586
0.340284
0.341685
0.337385
0.334881
0.334834
0.340338
0.342621
0.340433
0.338782
0.337257
0.339946
0.341843
0.342252
0.340879
0.340228
0.341580
0.341041
0.336156
0.335976
0.338919
0.340204
0.340932
0.338171
0.339103
0.337452
0.338626
0.339720
0.338559
0.340195
0.338189
0.338571
0.340925
0.341690
0.340756
0.342587
0.338030
0.341669
0.340166
0.340741
0.340108
0.337956
0.340941
0.339334
0.341947
0.339070
0.338289
0.342199
0.342547
0.340141
0.338340
0.340654
0.340392
0.340887
0.342249
0.343650
0.342333
0.340541
0.341965
0.340185
0.339855
0.340045
0.340439
0.341844
0.339624
0.339940
0.340492
0.340864
0.340517
0.339835
0.339050
0.342153
0.341880
0.340638
0.340428
0.338545
0.339413
0.343077
0.337341
0.344121
0.341501
0.342984
0.343506
0.339198
0.338926
0.336126
0.337447
0.338142
0.338937
0.337800
0.340536
0.342323
0.339169
0.339464
0.337428
0.338164
0.340078
0.337387
0.341378
0.339944
0.340039
0.340094
0.340812
0.340354
0.337633
0.339547
0.338914
0.341461
0.339125
0.338320
0.339341
0.338912
0.338449
0.337671
0.340373
0.338515
0.341138
0.338529
0.337816
0.340599
0.341114
0.339385
0.340355
0.340087
0.340907
0.337156
0.339923
0.341263
0.339110
0.337991
0.338753
0.339553
0.340143
0.341695
0.341414
0.339134
0.340320
0.341438
0.342331
0.339067
0.340354
0.340939
0.343628
0.343032
0.339333
0.340248
0.341806
0.342346
0.340219
0.338569
0.340083
0.338943
0.340261
0.340958
0.342435
0.339812
0.339956
0.336826
0.337992
0.340376
0.340529
0.341829
0.342565
0.339823
0.337096
0.338803
0.340147
0.339612
0.341828
0.341397
0.343646
0.340411
0.341551
0.340620
0.340854
0.338995
0.339672
0.338813
0.341119
0.343271
0.339568
0.339381
0.342287
0.339314
0.338854
0.338553
0.339885
0.341170
0.339788
0.341027
0.338990
0.338702
0.338395
0.337648
0.338549
0.339101
0.338934
0.338767
0.339929
0.339824
0.341980
0.338867
0.338242
0.340329
0.340891
0.336456
0.339486
0.340951
0.340727
0.340013
0.341290
0.339554
0.338745
0.339064
0.339520
0.340398
0.338523
0.340360
0.341247
0.339140
0.339900
0.341524
0.340387
0.339487
0.341039
0.340591
0.338929
0.338806
0.338742
0.341983
0.339234
0.337514
0.336686
0.341931
0.343139
0.341202
0.338857
0.337590
0.337031
0.337365
0.336541
0.338864
0.338090
0.341250
0.342360
0.341367
0.341661
0.342723
0.338109
0.339405
0.341059
0.339142
0.337847
0.338949
0.336414
0.339077
0.338626
0.340732
0.339604
0.342675
0.340358
0.339469
0.338054
0.340761
0.337015
0.340502
0.341484
0.341704
0.341335
0.340100
0.338787
0.341121
0.341366
0.342660
0.339271
0.338217
0.339158
0.339722
0.337005
0.336653
0.337728
0.341579
0.344087
0.341017
0.339784
0.340198
0.341294
0.340337
0.338266
0.340853
0.339121
0.341891
0.338297
0.336003
0.341289
0.340797
0.336099
0.336287
0.339258
0.339409
0.341836
0.342089
0.341490
0.339538
0.338022
0.338433
0.345129
0.342173
0.340096
0.340173
0.339555
0.341325
0.342132
0.342627
0.341470
0.339718
0.339634
0.340457
0.337221
0.339908
0.339901
0.340119
0.339236
0.339008
0.339752
0.338056
0.338387
0.338227
0.337568
0.339311
0.337631
0.337319
0.337189
0.336565
0.337768
0.340318
0.339893
0.338794
0.335611
0.339510
0.335285
0.338540
0.338922
0.336864
0.337206
0.338305
0.341127
0.338178
0.339820
0.339846
0.341400
0.340776
0.341329
0.339772
0.341542
0.338989
0.338174
0.339704
0.337846
0.339158
0.336019
0.341704
0.342038
0.340755
0.341736
0.343062
0.341867
0.339152
0.338357
0.338385
0.339932
0.339801
0.343303
0.336975
0.338548
0.339121
0.341151
0.338474
0.340084
0.341789
0.338918
0.340303
0.340359
0.340051
0.340177
0.341045
0.339776
0.338701
0.339293
0.337713
0.339787
0.339610
0.340834
0.341058
0.343062
0.340707
0.338774
0.337287
0.342371
0.341433
0.340262
0.340250
0.337352
0.339988
0.341872
0.338222
0.339031
0.342133
0.340830
0.340940
0.339107
0.337702
0.340216
0.339360
0.338497
0.340187
0.342227
0.340837
0.339087
0.338560
0.338459
0.340766
0.343407
0.342263
0.341464
0.339505
0.343715
0.341105
0.337608
0.336747
0.337735
0.339348
0.340064
0.340980
0.340978
0.339794
0.339782
0.342086
0.338924
0.339235
0.338937
0.337700
0.337795
0.339305
0.336102
0.339137
0.341304
0.340461
0.339500
0.338415
0.339070
0.340931
0.341798
0.338810
0.338571
0.340094
0.339252
0.341433
0.339564
0.339092
0.339585
0.339467
0.341358
0.340058
0.338404
0.340703
0.338616
0.339598
0.342295
0.343795
0.339591
0.338797
0.340628
0.340317
0.340801
0.337180
0.338786
0.339007
0.340458
0.340182
0.339825
0.340501
0.342499
0.341209
0.341767
0.339042
0.338740
0.338299
0.338683
0.338120
0.337821
0.339905
0.338394
0.340198
0.340259
0.340527
0.341642
0.340521
0.340241
0.339805
0.338520
0.337911
0.339756
0.340735
0.338221
0.338114
0.340812
0.342510
0.341772
0.339593
0.341843
0.341481
0.341541
0.342091
0.339475
0.338542
0.342217
0.339430
0.340093
0.338231
0.339601
0.338348
0.341397
0.340912
0.340426
0.341641
0.339799
0.338350
0.339275
0.338896
0.337242
0.338328
0.336579
0.336477
0.339474
0.339587
0.338204
0.340071
0.340321
0.338440
0.338555
0.338421
0.340302
0.342804
0.341889
0.342975
0.341137
0.340083
0.338767
0.339067
0.338077
0.336310
0.338386
0.339369
0.341664
0.341068
0.341720
0.337029
0.338870
0.341856
0.339059
0.337886
0.339263
0.340811
0.342345
0.339291
0.340435
0.340220
0.337944
0.340809
0.339656
0.340105
0.338889
0.335641
0.334985
0.339709
0.340975
0.341024
0.340935
0.341513
0.340292
0.337883
0.340517
0.343737
0.340246
0.337202
0.339812
0.337587
0.339966
0.341925
0.339336
0.340241
0.340636
0.340605
0.339163
0.339672
0.336647
0.337435
0.339140
0.340677
0.339680
0.339208
0.341645
0.340822
0.340381
0.340229
0.341147
0.341011
0.339593
0.337324
0.339824
0.339390
0.337702
0.341540
0.340228
0.343218
0.342876
0.342049
0.340682
0.340884
0.341583
0.340088
0.337799
0.337907
0.338513
0.340092
0.340395
0.339078
0.339125
0.339274
0.338289
0.340313
0.338680
0.338469
0.338053
0.338042
0.338240
0.338225
0.340345
0.340243
0.338997
0.339960
0.337941
0.339974
0.338242
0.338411
0.338852
0.338678
0.341084
0.339479
0.337975
0.341137
0.338273
0.338034
0.338476
0.339399
0.342129
0.341334
0.337873
0.339088
0.339981
0.341334
0.339290
0.339377
0.340260
0.340502
0.336831
0.338675
0.337174
0.340666
0.340203
0.338859
0.337666
0.339321
0.339090
0.338616
0.341248
0.341704
0.341675
0.343663
0.340651
0.339425
0.342754
0.339611
0.339178
0.339130
0.340868
0.335986
0.338290
0.340220
0.342018
0.340117
0.340304
0.340291
0.335971
0.336660
0.337055
0.338188
0.339196
0.340220
0.341434
0.339711
0.338036
0.342552
0.342811
0.339827
0.337816
0.340450
0.340513
0.341691
0.340625
0.340396
0.339908
0.339181
0.338427
0.339214
0.339350
0.340532
0.338976
0.340625
0.339415
0.338983
0.342755
0.340484
0.341308
0.340739
0.339589
0.337178
0.339179
0.339636
0.342402
0.342605
0.343922
0.342586
0.343222
0.341437
0.338648
0.340115
0.339687
0.339659
0.338474
0.341304
0.338993
0.341273
0.341741
0.340638
0.339866
0.340134
0.342115
0.341313
0.339198
0.338903
0.338709
0.341142
0.336826
0.338571
0.336064
0.340142
0.337841
0.340655
0.339856
0.339797
0.340005
0.340106
0.339284
0.340332
0.339121
0.340582
0.341390
0.339926
0.338161
0.340022
0.341960
0.340303
0.341839
0.339965
0.338482
0.338912
0.339650
0.337827
0.337456
0.337350
0.340096
0.343008
0.340196
0.343908
0.339345
0.339196
0.341711
0.340496
0.339040
0.338179
0.338445
0.338744
0.339155
0.341141
0.338975
0.340502
0.340071
0.339751
0.338053
0.338851
0.339997
0.341328
0.336842
0.338165
0.339879
0.338899
0.341021
0.340604
0.340516
0.341865
0.340527
0.337819
0.340965
0.337936
0.337982
0.338915
0.340300
0.339892
0.340158
0.340586
0.340511
0.340883
0.341657
0.341362
0.339037
0.338944
0.336653
0.338561
0.342296
0.340407
0.342018
0.343001
0.343263
0.343375
0.340568
0.342201
0.340241
0.340530
0.339553
0.338780
0.341025
0.339136
0.337151
0.337031
0.340194
0.340049
0.338596
0.338278
0.337640
0.338612
0.340699
0.338593
0.340267
0.338814
0.340208
0.341137
0.341371
0.341920
0.342829
0.343256
0.342731
0.341087
0.339976
0.340429
0.341224
0.340645
0.340058
0.339176
0.338241
0.339195
0.337092
0.340389
0.338318
0.337117
0.340666
0.342192
0.340026
0.340615
0.338641
0.340064
0.340097
0.342121
0.339058
0.338887
0.338527
0.340817
0.338156
0.336793
0.339364
0.340452
0.339178
0.337906
0.339537
0.341388
0.340211
0.340369
0.335989
0.338144
0.340936
0.338365
0.338020
0.343210
0.338685
0.341399
0.337797
0.337109
0.340077
0.340792
0.340037
0.340858
0.340121
0.341819
0.342581
0.338843
0.341648
0.344440
0.341813
0.342159
0.342455
0.341761
0.339905
0.338702
0.340285
0.339079
0.341436
0.342953
0.341439
0.339949
0.339700
0.341125
0.340842
0.340009
0.340905
0.341275
0.338977
0.340572
0.340758
0.341152
0.340366
0.341068
0.338679
0.340163
0.337198
0.340399
0.339806
0.339435
0.340490
0.338917
0.339603
0.339686
0.340780
0.339695
0.342260
0.339789
0.342066
0.341035
0.341417
0.338572
0.336696
0.340622
0.338865
0.337954
0.339054
0.339609
0.341386
0.341013
0.341277
0.341231
0.341386
0.337306
0.337482
0.339204
0.341910
0.338796
0.337809
0.339148
0.341119
0.339677
0.339277
0.342848
0.340706
0.338395
0.340209
0.339583
0.339094
0.340460
0.339976
0.339675
0.340388
0.339188
0.339867
0.340961
0.342580
0.340110
0.338447
0.338258
0.341011
0.340367
0.339890
0.339929
0.339746
0.340506
0.337853
0.338107
0.336743
0.339219
0.337842
0.340342
0.338338
0.339059
0.339612
0.340559
0.338748
0.340462
0.342603
0.342449
0.343379
0.340710
0.339069
0.340666
0.339632
0.338804
0.339207
0.339689
0.338516
0.339642
0.338661
0.339871
0.338677
0.343113
0.340447
0.341390
0.342294
0.338851
0.339827
0.339948
0.337914
0.339647
0.339521
0.339122
0.339300
0.339784
0.338073
0.340157
0.341883
0.339758
0.340441
0.339266
0.341426
0.342937
0.342874
0.338707
0.338951
0.339238
0.338571
0.338953
0.337443
0.340647
0.339376
0.341287
0.340350
0.339277
0.337946
0.339722
0.338726
0.339534
0.340576
0.343909
0.344334
0.340537
0.338385
0.337468
0.338787
0.338747
0.340450
0.341535
0.340639
0.338304
0.338667
0.338254
0.338671
0.338977
0.342668
0.339650
0.337573
0.340801
0.341276
0.341708
0.341427
0.340431
0.341256
0.339153
0.339586
0.339628
0.340362
0.338009
0.338421
0.340048
0.340192
0.339971
0.338293
0.341001
0.341332
0.340657
0.338938
0.336413
0.339724
0.337975
0.341650
0.340328
0.339952
0.340096
0.339902
0.340390
0.342501
0.343754
0.342216
0.340639
0.339594
0.340479
0.342892
0.341170
0.338752
0.340895
0.338193
0.340785
0.339884
0.340319
0.341829
0.340973
0.338295
0.339446
0.340537
0.340784
0.342825
0.342568
0.341606
0.340807
0.337784
0.339028
0.337214
0.339880
0.341215
0.338050
0.340762
0.341246
0.338312
0.340432
0.340588
0.340500
0.339673
0.340236
0.339338
0.340120
0.340365
0.340619
0.338196
0.336978
0.340335
0.341715
0.339717
0.341385
0.341600
0.340796
0.342048
0.339176
0.338319
0.336145
0.337535
0.341553
0.341323
0.340928
0.339196
0.338704
0.338102
0.336588
0.339202
0.338775
0.339149
0.339835
0.339445
0.340535
0.338234
0.338210
0.337727
0.339132
0.340679
0.339512
0.342267
0.342379
0.339984
0.341157
0.341886
0.339958
0.340474
0.338719
0.338037
0.340428
0.342594
0.338307
0.339985
0.339973
0.337446
0.342553
0.342356
0.338625
0.338867
0.339677
0.339849
0.335702
0.340178
0.339980
0.341588
0.338723
0.338049
0.341143
0.339428
0.343102
0.340577
0.339538
0.341566
0.342026
0.338858
0.341167
0.342202
0.339998
0.338424
0.340732
0.339250
0.337756
0.340742
0.339891
0.337959
0.339348
0.339774
0.339280
0.339733
0.339557
0.340204
0.340181
0.340511
0.341714
0.340558
0.338270
0.337883
0.339266
0.341834
0.340798
0.339851
0.339324
0.338549
0.338628
0.338596
0.338754
0.340798
0.338567
0.337876
0.338936
0.341431
0.339601
0.340190
0.340306
0.342662
0.343389
0.342718
0.342654
0.340527
0.339042
0.338378
0.338157
0.338411
0.335298
0.338357
0.338370
0.340761
0.339913
0.341647
0.340573
0.339724
0.339307
0.340597
0.336278
0.340130
0.338949
0.339386
0.340579
0.338571
0.341269
0.342051
0.340554
0.338893
0.341455
0.342488
0.338474
0.339721
0.338049
0.338393
0.341360
0.341420
0.339825
0.339058
0.338835
0.337838
0.338214
0.340523
0.341202
0.339990
0.339021
0.341386
0.340129
0.339581
0.340355
0.340719
0.343064
0.340446
0.340809
0.339358
0.338222
0.338619
0.340495
0.338982
0.339906
0.337749
0.339746
0.342053
0.339939
0.337597
0.340783
0.342549
0.342360
0.341168
0.342158
0.342423
0.340755
0.341224
0.340991
0.341091
0.340542
0.341154
0.338519
0.341690
0.338208
0.339576
0.342035
0.340571
0.338963
0.338063
0.339658
0.336424
0.339340
0.339738
0.340295
0.337410
0.340947
0.338473
0.340523
0.339179
0.340598
0.337920
0.339284
0.338488
0.336918
0.338890
0.340139
0.340040
0.341218
0.339013
0.338085
0.340664
0.339689
0.338690
0.340377
0.340637
0.340068
0.340604
0.341673
0.338808
0.340939
0.341085
0.341227
0.338288
0.338774
0.338698
0.341465
0.338864
0.341671
0.341026
0.341126
0.338823
0.342195
0.343502
0.340839
0.341790
0.340877
0.339601
0.340144
0.338482
0.340959
0.343722
0.340807
0.342342
0.338440
0.337462
0.338759
0.338357
0.340613
0.343080
0.341254
0.343059
0.341278
0.339248
0.342522
0.340230
0.338570
0.342031
0.337930
0.338821
0.338919
0.339049
0.340519
0.342114
0.340336
0.338590
0.339252
0.340052
0.339546
0.338297
0.337982
0.339747
0.338701
0.339504
0.341580
0.342232
0.343101
0.340709
0.340314
0.339150
0.340030
0.340685
0.341224
0.339470
0.340501
0.340011
0.340381
0.338027
0.338711
0.336854
0.337538
0.339627
0.336898
0.337850
0.341656
0.341586
0.339661
0.341760
0.340940
0.342232
0.341895
0.339001
0.339148
0.341096
0.339197
0.339426
0.338294
0.340211
0.339140
0.341180
0.341569
0.338739
0.338892
0.337876
0.341599
0.339515
0.337403
0.339896
0.338805
0.336086
0.338710
0.339684
0.340488
0.341096
0.341195
0.340909
0.339665
0.338879
0.340352
0.338955
0.339581
0.338138
0.341399
0.339838
0.339806
0.337372
0.339835
0.340317
0.340505
0.338349
0.336386
0.341817
0.340296
0.339528
0.339717
0.340620
0.340116
0.341484
0.340105
0.341471
0.337440
0.341456
0.339566
0.341242
0.340942
0.341504
0.339403
0.340681
0.340519
0.338519
0.339249
0.341964
0.340616
0.342731
0.340858
0.341327
0.337933
0.338108
0.340535
0.342401
0.339128
0.337688
0.338047
0.340480
0.340056
0.338093
0.340324
0.343115
0.341177
0.339924
0.337486
0.339117
0.340340
0.340229
0.341107
0.339678
0.339255
0.341123
0.339086
0.340789
0.340009
0.340621
0.339171
0.337221
0.341270
0.339450
0.338138
0.340173
0.340652
0.342268
0.342538
0.338491
0.339179
0.342050
0.342475
0.340491
0.340598
0.343816
0.343410
0.343697
0.342501
0.343729
0.342712
0.339822
0.336748
0.339236
0.339290
0.340488
0.339394
0.339286
0.336927
0.338204
0.338984
0.338788
0.341089
0.339888
0.338711
0.340215
0.340558
0.338813
0.341123
0.341812
0.341013
0.340957
0.336709
0.339714
0.341238
0.341949
0.341684
0.340337
0.339461
0.337530
0.338825
0.340552
0.339663
0.339671
0.341233
0.340932
0.339306
0.339672
0.338589
0.338856
0.339334
0.341195
0.343163
0.340423
0.340779
0.339751
0.339487
0.340292
0.340907
0.341620
0.341065
0.340288
0.339593
0.341368
0.341053
0.341002
0.341492
0.341628
0.338699
0.341756
0.343206
0.342149
0.339232
0.341548
0.338696
0.340451
0.339257
0.339882
0.338330
0.340101
0.339003
0.336760
0.339610
0.337735
0.338877
0.338898
0.338600
0.340826
0.339325
0.337335
0.340996
0.340052
0.341161
0.338606
0.338835
0.341963
0.340376
0.341741
0.339920
0.337873
0.340970
0.341587
0.341888
0.339445
0.339228
0.340358
0.338590
0.339769
0.339999
0.340908
0.337525
0.336709
0.336778
0.338736
0.341419
0.339850
0.339132
0.339281
0.340879
0.338573
0.337346
0.340783
0.340004
0.340853
0.340960
0.341181
0.340589
0.341867
0.340495
0.336892
0.340908
0.339731
0.338571
0.340174
0.339816
0.340630
0.338050
0.339661
0.341158
0.339412
0.336636
0.338114
0.339192
0.339219
0.341454
0.339921
0.342978
0.339627
0.339622
0.338531
0.340510
0.342147
0.340988
0.339207
0.337871
0.340775
0.338398
0.339352
0.340823
0.340936
0.339793
0.339396
0.342677
0.340283
0.338662
0.340490
0.340924
0.339660
0.338072
0.339335
0.337581
0.338979
0.340245
0.341422
0.338813
0.338805
0.338957
0.340840
0.343917
0.340432
0.338799
0.341462
0.339988
0.341633
0.340462
0.341084
0.340844
0.341709
0.340344
0.339755
0.340354
0.336483
0.338959
0.339968
0.336916
0.339680
0.340556
0.337361
0.338008
0.340928
0.343184
0.340137
0.338329
0.338073
0.343078
0.345010
0.340935
0.339012
0.338686
0.342237
0.340465
0.339405
0.343315
0.342321
0.337983
0.339356
0.338898
0.337527
0.340249
0.342188
0.339677
0.340025
0.341537
0.340857
0.341765
0.342738
0.338784
0.335954
0.337908
0.338894
0.338131
0.338668
0.340605
0.340389
0.338512
0.337964
0.340174
0.339876
0.338839
0.342656
0.340880
0.339649
0.340340
0.341432
0.339829
0.340002
0.340596
0.339954
0.341209
0.341136
0.339262
0.340788
0.342542
0.342851
0.339883
0.341070
0.342578
0.341266
0.339642
0.339133
0.339584
0.338789
0.338125
0.339946
0.341047
0.341433
0.340493
0.338864
0.340139
0.338942
0.338754
0.340143
0.338495
0.339293
0.342731
0.339255
0.339680
0.341759
0.342336
0.340361
0.340097
0.341051
0.341530
0.341123
0.341515
0.338768
0.338904
0.339217
0.340591
0.336457
0.339012
0.339600
0.337202
0.337526
0.337524
0.337955
0.341574
0.342163
0.340548
0.340774
0.339872
0.341689
0.340784
0.341135
0.339296
0.342908
0.343869
0.342336
0.339071
0.338795
0.343098
0.340331
0.339928
0.340206
0.340136
0.341559
0.341402
0.341438
0.341333
0.338447
0.338905
0.339012
0.336028
0.337215
0.338220
0.340868
0.341391
0.339903
0.338590
0.339634
0.342435
0.342889
0.334667
0.337847
0.340353
0.342497
0.342073
0.340606
0.339746
0.339148
0.338544
0.339513
0.340963
0.339942
0.339770
0.340187
0.340421
0.340127
0.342048
0.337453
0.339651
0.339557
0.338610
0.338003
0.337362
0.338264
0.339069
0.340962
0.339855
0.340320
0.337957
0.336056
0.336057
0.340019
0.340630
0.337062
0.339166
0.338972
0.339966
0.340904
0.340098
0.337852

binsize 8
0.338705
0.340032
0.341185
0.340286
0.341701
0.340871
0.339653
0.340185
0.340200
0.339741
0.342347
0.339513
0.338000
0.338396
0.338928
0.339813
0.338972
0.340047
0.340249
0.339422
0.341815
0.339953
0.338395
0.340910
0.339244
0.339443
0.339413
0.340201
0.340471
0.339477
0.341492
0.339482
0.340183
0.336903
0.339037
0.340013
0.340045
0.338998
0.337628
0.339408
0.339956
0.341167
0.338797
0.340804
0.340826
0.340633
0.340950
0.341755
0.339064
0.339912
0.340765
0.340574
0.342825
0.338757
0.339820
0.339291
0.341015
0.338724
0.340985
0.336133
0.337586
0.341527
0.338020
0.340894
0.341565
0.340904
0.338598
0.337447
0.340568
0.338637
0.338039
0.339139
0.339192
0.339748
0.341223
0.340308
0.340918
0.340424
0.339448
0.340641
0.338680
0.342373
0.339240
0.340523
0.341568
0.342992
0.341253
0.340020
0.340242
0.340734
0.340216
0.340690
0.339443
0.342017
0.340533
0.338979
0.340209
0.342811
0.343245
0.339062
0.336787
0.338539
0.339168
0.340746
0.338446
0.339121
0.339383
0.339992
0.340453
0.338994
0.339231
0.340293
0.338831
0.338681
0.339022
0.339826
0.338172
0.340857
0.339870
0.340497
0.338540
0.340186
0.338372
0.339848
0.341555
0.339727
0.341884
0.339710
0.342284
0.341182
0.341027
0.341283
0.339326
0.339602
0.341697
0.339884
0.337409
0.340453
0.342197
0.338460
0.339475
0.340720
0.342521
0.340981
0.340737
0.339334
0.339966
0.341420
0.340834
0.339084
0.339219
0.340479
0.340009
0.338549
0.338099
0.339018
0.339348
0.340902
0.338554
0.340610
0.337971
0.340839
0.340652
0.339150
0.339292
0.339460
0.340804
0.339520
0.340956
0.340263
0.339760
0.338774
0.340609
0.337100
0.342535
0.340029
0.337310
0.336953
0.338477
0.341805
0.341514
0.340416
0.340232
0.338495
0.337682
0.338852
0.340168
0.341517
0.338761
0.338888
0.340993
0.341520
0.339444
0.341243
0.340966
0.338687
0.338364
0.337191
0.342833
0.340401
0.340746
0.339301
0.339987
0.340094
0.338646
0.338448
0.337772
0.340622
0.341790
0.338780
0.341781
0.341134
0.339864
0.341728
0.342049
0.339676
0.338839
0.339904
0.339677
0.339380
0.338222
0.337897
0.338471
0.337254
0.337166
0.340105
0.337203
0.337398
0.338731
0.337035
0.339716
0.338999
0.340623
0.341053
0.340657
0.338582
0.338775
0.337589
0.341871
0.341246
0.342465
0.338754
0.339158
0.341552
0.337762
0.340136
0.339279
0.340354
0.340331
0.340114
0.340410
0.338997
0.338750
0.340222
0.342060
0.339740
0.339829
0.340848
0.338801
0.340930
0.338627
0.341482
0.340023
0.338959
0.338929
0.341207
0.339962
0.338509
0.342086
0.341863
0.341610
0.339356
0.337241
0.339706
0.340979
0.339788
0.340505
0.339086
0.337747
0.337703
0.340220
0.339981
0.338742
0.341365
0.338691
0.339673
0.340498
0.339338
0.340412
0.339231
0.339659
0.340947
0.341693
0.339712
0.340559
0.337983
0.339732
0.340003
0.341500
0.341488
0.338891
0.338491
0.337970
0.339149
0.340228
0.341085
0.340381
0.339162
0.338834
0.339478
0.339463
0.342141
0.340718
0.341511
0.340783
0.340379
0.339762
0.338916
0.339873
0.340669
0.340720
0.338813
0.338069
0.337453
0.337975
0.338895
0.340196
0.338497
0.339361
0.342347
0.342056
0.339425
0.338572
0.337348
0.340517
0.341394
0.337950
0.340458
0.338574
0.341578
0.339863
0.339082
0.340233
0.339497
0.335313
0.340342
0.340980
0.340903
0.339200
0.341991
0.338507
0.338777
0.340630
0.340438
0.339884
0.338160
0.338288
0.340179
0.340427
0.340602
0.340688
0.340302
0.338574
0.338546
0.340884
0.343047
0.341366
0.341234
0.338944
0.338210
0.340243
0.339102
0.338782
0.339496
0.338261
0.338141
0.339285
0.339620
0.338950
0.339108
0.338631
0.339881
0.338727
0.339705
0.338255
0.340764
0.339604
0.339535
0.340312
0.339819
0.338667
0.337924
0.340434
0.338263
0.339206
0.339932
0.341690
0.342157
0.341089
0.339394
0.339999
0.337138
0.341119
0.340210
0.338131
0.336857
0.338692
0.340827
0.338874
0.342681
0.338822
0.340481
0.341158
0.340152
0.338804
0.339282
0.339754
0.340020
0.340869
0.340896
0.340164
0.338179
0.341019
0.343264
0.342904
0.340043
0.339901
0.339067
0.340148
0.341507
0.340252
0.341125
0.340255
0.338806
0.338984
0.337318
0.338991
0.340256
0.339901
0.339695
0.339726
0.340986
0.339043
0.340991
0.341071
0.339223
0.339281
0.337641
0.338723
0.341602
0.341627
0.340454
0.339768
0.338312
0.338950
0.340058
0.340286
0.338902
0.339424
0.339085
0.339022
0.339960
0.340560
0.341196
0.339392
0.337959
0.339608
0.340025
0.340548
0.341270
0.340200
0.337799
0.340428
0.341213
0.343132
0.341972
0.341221
0.340042
0.339903
0.338143
0.338613
0.339323
0.337959
0.339656
0.339430
0.339511
0.341254
0.342374
0.342993
0.340532
0.340826
0.340351
0.338708
0.338143
0.339353
0.338892
0.341109
0.339628
0.340080
0.340589
0.338707
0.339486
0.338079
0.339815
0.338721
0.340799
0.338179
0.339540
0.338193
0.340948
0.339598
0.338593
0.340415
0.340489
0.342200
0.340246
0.343127
0.342307
0.340833
0.339494
0.340257
0.342196
0.339824
0.340984
0.340457
0.340126
0.340665
0.340759
0.339873
0.338681
0.340103
0.339962
0.339260
0.340233
0.340977
0.340927
0.341226
0.337634
0.339744
0.338504
0.340497
0.341145
0.341308
0.337394
0.340557
0.338302
0.340133
0.339477
0.341777
0.339302
0.339339
0.340218
0.340032
0.339527
0.341770
0.339278
0.339634
0.340128
0.339838
0.339179
0.337425
0.338530
0.339340
0.339335
0.339654
0.341533
0.342914
0.339890
0.340149
0.339006
0.339102
0.339151
0.339274
0.341780
0.341842
0.339339
0.338931
0.339584
0.339211
0.338928
0.341020
0.340099
0.340346
0.342906
0.338829
0.338904
0.338198
0.340012
0.340818
0.338611
0.339224
0.340055
0.344122
0.339461
0.338127
0.339598
0.341087
0.338485
0.338463
0.340822
0.338612
0.341039
0.341568
0.340843
0.339370
0.339995
0.338215
0.340120
0.339132
0.341166
0.339798
0.338068
0.339813
0.340140
0.339999
0.341445
0.342985
0.340116
0.341685
0.339961
0.339544
0.340335
0.341074
0.339634
0.339991
0.341804
0.342087
0.339296
0.338121
0.340547
0.339406
0.339779
0.340510
0.340086
0.339787
0.340242
0.339408
0.338656
0.340716
0.341493
0.341422
0.338747
0.336840
0.341438
0.340062
0.338403
0.337895
0.338962
0.339640
0.339384
0.337969
0.339905
0.340890
0.341181
0.341521
0.340216
0.338378
0.341511
0.339146
0.338710
0.342455
0.338746
0.339763
0.337940
0.340784
0.338386
0.340285
0.341840
0.340552
0.340442
0.341684
0.339211
0.339991
0.339249
0.338925
0.339561
0.339507
0.339880
0.340346
0.341136
0.338076
0.340550
0.340324
0.338937
0.338612
0.339776
0.338222
0.340184
0.339896
0.341484
0.343053
0.341590
0.338710
0.338284
0.336827
0.339565
0.340780
0.340149
0.339952
0.338204
0.339167
0.339575
0.341660
0.339724
0.341971
0.339097
0.338221
0.341390
0.339442
0.338336
0.339368
0.340596
0.340204
0.339855
0.340537
0.341755
0.340083
0.338420
0.339739
0.338828
0.340900
0.338768
0.341666
0.341764
0.342290
0.340990
0.341041
0.340848
0.340104
0.338892
0.341303
0.338513
0.338041
0.339539
0.338853
0.339710
0.339851
0.339259
0.338886
0.337904
0.340089
0.340115
0.339375
0.339190
0.340507
0.340336
0.340240
0.341012
0.339758
0.338736
0.340164
0.341349
0.339975
0.342849
0.341314
0.340239
0.339313
0.342341
0.341575
0.337951
0.338558
0.341846
0.342157
0.340263
0.341376
0.340300
0.338375
0.338984
0.341317
0.339463
0.339652
0.338921
0.338864
0.339102
0.341906
0.341905
0.339732
0.340357
0.340347
0.340256
0.339204
0.337782
0.338583
0.337374
0.341621
0.340711
0.341586
0.340448
0.340122
0.339312
0.339253
0.340160
0.340154
0.338384
0.340557
0.338650
0.337445
0.339197
0.340792
0.341052
0.339272
0.339653
0.338860
0.340618
0.338589
0.340076
0.339427
0.339101
0.339912
0.340169
0.340800
0.340788
0.339448
0.340404
0.341223
0.340042
0.339519
0.340607
0.341674
0.341092
0.338020
0.341468
0.338408
0.339263
0.339074
0.341719
0.340550
0.338302
0.340285
0.340393
0.340189
0.339938
0.340315
0.338196
0.340360
0.339155
0.341460
0.340514
0.340614
0.341483
0.342207
0.343553
0.343115
0.341267
0.337992
0.339889
0.339340
0.337566
0.338886
0.340488
0.339463
0.339686
0.341468
0.340985
0.338212
0.341594
0.341010
0.338496
0.339688
0.339667
0.341082
0.339489
0.338722
0.340264
0.341793
0.340265
0.339889
0.341263
0.340676
0.340481
0.341028
0.341560
0.340228
0.342677
0.340390
0.339573
0.339569
0.339216
0.337882
0.338672
0.338888
0.339713
0.338330
0.340524
0.339884
0.340399
0.341058
0.338897
0.341279
0.340667
0.339793
0.339179
0.340453
0.337117
0.337757
0.340634
0.339207
0.339726
0.339064
0.340428
0.341071
0.341228
0.338694
0.340319
0.339372
0.340223
0.338856
0.340285
0.337375
0.339206
0.340688
0.341303
0.339077
0.341328
0.340098
0.339323
0.338875
0.340880
0.339595
0.341480
0.339576
0.340292
0.338703
0.338280
0.340833
0.338809
0.339899
0.342174
0.340131
0.340811
0.340773
0.341276
0.340050
0.338418
0.339464
0.338298
0.338958
0.339468
0.341660
0.338201
0.344044
0.339973
0.340462
0.339935
0.342818
0.338670
0.338213
0.341219
0.339851
0.341197
0.342252
0.337369
0.338401
0.338399
0.340497
0.338238
0.340025
0.340747
0.340264
0.340886
0.339916
0.340275
0.341172
0.340025
0.342697
0.340477
0.341922
0.339388
0.339186
0.339035
0.341240
0.339678
0.339540
0.339449
0.338894
0.340993
0.340719
0.341348
0.340574
0.341327
0.340141
0.339061
0.338524
0.339306
0.337364
0.337739
0.341869
0.340661
0.340781
0.340959
0.341102
0.343103
0.338933
0.341715
0.340067
0.340847
0.341420
0.339890
0.338959
0.336621
0.339544
0.340647
0.339112
0.342662
0.336257
0.341425
0.341339
0.339447
0.339028
0.340452
0.339978
0.340274
0.339750
0.339604
0.338307
0.337813
0.340015
0.340087
0.337007
0.338038
0.338846
0.339069
0.340435
0.338975

binsize 16
0.339369
0.340736
0.341286
0.339919
0.339970
0.340930
0.338198
0.339370
0.339509
0.339835
0.340884
0.339652
0.339344
0.339807
0.339974
0.340487
0.338543
0.339525
0.339522
0.338518
0.340562
0.339801
0.340730
0.341352
0.339488
0.340670
0.340791
0.339556
0.339869
0.338559
0.339557
0.339457
0.341235
0.338023
0.339603
0.338589
0.339470
0.340766
0.340671
0.340044
0.340526
0.339881
0.342280
0.340637
0.340488
0.340453
0.340730
0.339756
0.341510
0.341154
0.337663
0.339957
0.338784
0.339687
0.339723
0.339762
0.338756
0.339424
0.339514
0.340183
0.339363
0.339110
0.340641
0.340797
0.341733
0.341155
0.339464
0.340790
0.338931
0.340328
0.340098
0.341751
0.340036
0.340693
0.339959
0.339849
0.339279
0.338558
0.340125
0.339582
0.339405
0.339901
0.339376
0.340162
0.340609
0.339267
0.338854
0.341282
0.337132
0.340141
0.340965
0.339363
0.338267
0.340842
0.338825
0.341256
0.340344
0.339827
0.337777
0.341617
0.340024
0.340040
0.338547
0.339197
0.340285
0.341458
0.340796
0.340862
0.339372
0.339529
0.338059
0.337863
0.338636
0.337300
0.337883
0.339357
0.340838
0.339619
0.338182
0.341559
0.340610
0.340355
0.338949
0.339816
0.340222
0.339704
0.339486
0.340900
0.340338
0.339865
0.340054
0.339491
0.340068
0.339236
0.341975
0.340483
0.338473
0.340383
0.339796
0.337725
0.340101
0.340054
0.339182
0.339918
0.339822
0.340303
0.340703
0.339271
0.339868
0.341494
0.338691
0.338560
0.340656
0.339772
0.339156
0.340802
0.341114
0.340581
0.339339
0.340271
0.339766
0.337761
0.338435
0.339347
0.340854
0.340740
0.337960
0.340955
0.339204
0.340076
0.339472
0.339865
0.337828
0.340941
0.340596
0.338642
0.340534
0.339022
0.339233
0.340514
0.340495
0.338560
0.341966
0.341300
0.338577
0.339673
0.339139
0.338201
0.339453
0.339029
0.339256
0.339216
0.339510
0.339569
0.340065
0.338296
0.339348
0.339569
0.341923
0.340242
0.338569
0.340665
0.337494
0.339759
0.340777
0.339652
0.340655
0.339043
0.339887
0.340883
0.339171
0.342141
0.341473
0.339484
0.340828
0.340688
0.339531
0.338151
0.339624
0.339798
0.340356
0.340017
0.340147
0.338461
0.340163
0.341040
0.339040
0.339504
0.339594
0.339255
0.339491
0.340878
0.338676
0.339816
0.340909
0.338999
0.340821
0.342552
0.340631
0.339023
0.338968
0.338807
0.339470
0.341814
0.341762
0.340589
0.338426
0.339122
0.340369
0.340335
0.339097
0.338947
0.339760
0.338860
0.339570
0.339096
0.340452
0.341223
0.342717
0.340163
0.341227
0.340404
0.340291
0.340712
0.339277
0.340033
0.339746
0.340952
0.339430
0.339124
0.340821
0.339351
0.339430
0.339805
0.340540
0.339778
0.339780
0.340524
0.339881
0.339509
0.337978
0.339338
0.340593
0.341402
0.339578
0.339127
0.340527
0.340591
0.339258
0.339070
0.340560
0.341626
0.338867
0.339105
0.339715
0.339639
0.341791
0.338863
0.339786
0.339642
0.339825
0.341206
0.339682
0.339167
0.340149
0.338933
0.339976
0.340722
0.341551
0.340823
0.339939
0.340354
0.340898
0.340691
0.339334
0.339592
0.340298
0.340015
0.339032
0.341104
0.340085
0.339139
0.339233
0.338428
0.339512
0.338937
0.341036
0.340869
0.339944
0.338928
0.340600
0.338851
0.339585
0.341062
0.340497
0.340448
0.339620
0.339243
0.339693
0.340741
0.339313
0.339630
0.339194
0.339203
0.340690
0.342322
0.338497
0.338196
0.340464
0.339078
0.339371
0.340692
0.340534
0.339806
0.338889
0.339982
0.340029
0.341146
0.339252
0.339283
0.339834
0.341715
0.341640
0.340944
0.339498
0.339908
0.338790
0.339281
0.339555
0.338395
0.340102
0.339282
0.340421
0.340626
0.339247
0.340756
0.341412
0.340777
0.340827
0.339763
0.340202
0.341210
0.340838
0.338680
0.340390
0.339287
0.338983
0.341906
0.340045
0.340302
0.338493
0.337978
0.341166
0.341017
0.339717
0.339706
0.339269
0.339603
0.338321
0.340922
0.339462
0.339739
0.339333
0.339264
0.340040
0.340794
0.339926
0.340633
0.340063
0.341383
0.339744
0.338836
0.340397
0.339426
0.340339
0.340063
0.339256
0.339758
0.340987
0.341048
0.342880
0.342191
0.338941
0.338453
0.339687
0.339574
0.341226
0.339903
0.339753
0.339678
0.340286
0.339493
0.341029
0.340576
0.340578
0.341294
0.341453
0.339982
0.339392
0.338277
0.339300
0.339427
0.340141
0.339978
0.340973
0.339486
0.338785
0.339196
0.339466
0.339746
0.341149
0.339506
0.339798
0.339570
0.338290
0.340995
0.340203
0.339710
0.339877
0.340537
0.339934
0.338492
0.339821
0.341037
0.340471
0.341025
0.339234
0.338881
0.339213
0.339931
0.342009
0.340198
0.340744
0.339716
0.340524
0.339810
0.338400
0.339368
0.340386
0.340575
0.340095
0.340598
0.341587
0.340655
0.339111
0.340459
0.339495
0.339943
0.341034
0.340950
0.339601
0.338915
0.337552
0.341265
0.340870
0.342103
0.340324
0.340457
0.340655
0.337790
0.340095
0.340887
0.338841
0.340393
0.339740
0.340126
0.339677
0.338060
0.340051
0.337522
0.338958
0.339705

binsize 32
0.340052
0.340603
0.340450
0.338784
0.339672
0.340268
0.339575
0.340231
0.339034
0.339020
0.340181
0.341041
0.340079
0.340173
0.339214
0.339507
0.339629
0.339096
0.340118
0.340358
0.340204
0.341458
0.340470
0.340243
0.341332
0.338810
0.339235
0.339743
0.339090
0.339849
0.339237
0.340719
0.341444
0.340127
0.339629
0.340924
0.340364
0.339904
0.338919
0.339854
0.339653
0.339769
0.339938
0.340068
0.338636
0.340164
0.339555
0.340041
0.340085
0.339697
0.340032
0.338872
0.340871
0.340829
0.339450
0.337961
0.337968
0.338620
0.340229
0.339870
0.340482
0.339383
0.339963
0.340193
0.340102
0.339773
0.339652
0.341229
0.339428
0.338760
0.340077
0.339550
0.340062
0.339987
0.340681
0.338625
0.340214
0.339979
0.340848
0.339805
0.338764
0.338891
0.340797
0.339458
0.339640
0.339669
0.339384
0.339619
0.339778
0.339874
0.339528
0.341633
0.339125
0.338670
0.339241
0.339236
0.339539
0.339180
0.339459
0.341083
0.339617
0.338627
0.340214
0.339849
0.340385
0.340656
0.340479
0.340758
0.338841
0.339711
0.340187
0.339304
0.340601
0.339272
0.339424
0.340184
0.339246
0.339954
0.341686
0.339827
0.338888
0.340642
0.341176
0.338774
0.340352
0.339022
0.339310
0.339333
0.340837
0.341440
0.340815
0.340502
0.339655
0.340349
0.339277
0.340086
0.339617
0.340159
0.340152
0.339695
0.338658
0.340998
0.339352
0.340559
0.339164
0.341093
0.338986
0.339677
0.340327
0.339714
0.340515
0.339425
0.339541
0.340349
0.341187
0.340147
0.340794
0.339463
0.340157
0.340068
0.339612
0.338831
0.339225
0.340952
0.339436
0.339726
0.340324
0.340472
0.339432
0.340217
0.339472
0.339198
0.341506
0.338347
0.339771
0.340031
0.340170
0.339436
0.340588
0.339267
0.340774
0.341292
0.339703
0.339036
0.338975
0.339692
0.340524
0.340002
0.341094
0.340295
0.340706
0.339759
0.339838
0.340444
0.340173
0.338236
0.341091
0.339712
0.339436
0.339622
0.339601
0.339298
0.340417
0.340279
0.340723
0.339290
0.339911
0.340201
0.339507
0.341018
0.342536
0.338697
0.339631
0.340565
0.339715
0.339890
0.340803
0.340936
0.340717
0.338835
0.339364
0.340059
0.340229
0.338991
0.339606
0.340328
0.339684
0.339643
0.339956
0.340207
0.339213
0.340429
0.340748
0.339058
0.339572
0.341104
0.340230
0.340167
0.338884
0.340481
0.340347
0.341121
0.339785
0.339719
0.340992
0.339258
0.339408
0.341486
0.340390
0.339222
0.340491
0.339617
0.339933
0.338869
0.338787
0.339331
