
binsize 8
9.650069
9.665472
9.666530
9.614750
9.606326
9.658075
9.673082
9.657203
9.534403
9.644880
9.674086
9.619516
9.640994
9.597104
9.697149
9.661531
9.659378
9.581582
9.609795
9.717002
9.612144
9.684076
9.657241
9.643012
9.628335
9.583109
9.583359
9.614660
9.626087
9.651027
9.740329
9.669731
9.652667
9.639551
9.659040
9.600616
9.555400
9.583264
9.615137
9.648851
9.619245
9.743600
9.710018
9.674863
9.705449
9.692523
9.617702
9.598923
9.609668
9.664655
9.691955
9.640038
9.595468
9.625360
9.605738
9.566337
9.664157
9.582508
9.671835
9.646545
9.673842
9.692408
9.694741
9.676509
9.663870
9.581216
9.597779
9.656446
9.608044
9.601845
9.579604
9.582880
9.613247
9.704221
9.658802
9.649588
9.629279
9.651798
9.598134
9.586918
9.688591
9.644155
9.619248
9.617211
9.671790
9.557631
9.666903
9.627561
9.633689
9.645952
9.572767
9.680463
9.589539
9.639097
9.615665
9.589622
9.611245
9.570358
9.631038
9.642705
9.639606
9.633963
9.649556
9.648407
9.644779
9.642224
9.621943
9.672986
9.640825
9.627161
9.632497
9.626668
9.679321
9.658315
9.669629
9.724171
9.671342
9.645058
9.615641
9.538538
9.610820
9.662361
9.634013
9.618836
9.645629
9.609759
9.627779
9.618739

binsize 16
9.657771
9.640640
9.632201
9.665143
9.589642
9.646801
9.619049
9.679340
9.620480
9.663398
9.648110
9.650127
9.605722
9.599009
9.638557
9.705030
9.646109
9.629828
9.569332
9.631994
9.681423
9.692441
9.698986
9.608312
9.637161
9.665996
9.610414
9.586037
9.623332
9.659190
9.683125
9.685625
9.622543
9.627113
9.604944
9.581242
9.658734
9.654195
9.640538
9.592526
9.666373
9.618230
9.614711
9.647232
9.639821
9.626615
9.614318
9.602643
9.590802
9.636872
9.636784
9.648981
9.643502
9.647465
9.633993
9.629583
9.668818
9.696900
9.658200
9.577089
9.636591
9.626425
9.627694
9.623259

binsize 32
9.649205
9.648672
9.618221
9.649194
9.641939
9.649118
9.602366
9.671794
9.637969
9.600663
9.686932
9.653649
9.651579
9.598225
9.641261
9.684375
9.624828
9.593093
9.656465
9.616532
9.642301
9.630971
9.633218
9.608481
9.613837
9.642883
9.645483
9.631788
9.682859
9.617645
9.631508
9.625476
