binsize 1
0.056676
0.054019
0.050645
0.050486
0.053076
0.056643
0.056469
0.055620
0.056931
0.051188
0.054592
0.056388
0.056085
0.054630
0.054013
0.049765
0.051943
0.056850
0.050624
0.053381
0.056110
0.058967
0.055159
0.054427
0.054820
0.056997
0.056737
0.057763
0.055783
0.054146
0.049990
0.050732
0.056196
0.058407
0.051184
0.049478
0.052950
0.052571
0.052461
0.052740
0.055346
0.055083
0.050789
0.051980
0.056347
0.057166
0.054234
0.053543
0.051914
0.051752
0.054195
0.054135
0.054519
0.052808
0.054832
0.052838
0.055105
0.057727
0.055339
0.056985
0.048805
0.052068
0.052774
0.047052
0.051487
0.051150
0.048705
0.050454
0.049278
0.054714
0.050460
0.050955
0.049556
0.051018
0.052386
0.052223
0.055141
0.053946
0.053527
0.057846
0.057670
0.055396
0.051931
0.055948
0.053617
0.052180
0.052672
0.055011
0.055402
0.053477
0.052046
0.048724
0.054479
0.050670
0.047608
0.051559
0.052843
0.052865
0.057873
0.057979
0.058473
0.057904
0.055806
0.050794
0.048018
0.050666
0.050482
0.049988
0.054288
0.054052
0.056566
0.052577
0.052152
0.054540
0.054577
0.048157
0.048830
0.048036
0.055532
0.052946
0.049005
0.054888
0.052652
0.059954
0.056089
0.054918
0.053544
0.054817
0.052633
0.055866
0.057600
0.057399
0.055923
0.055437
0.053116
0.050926
0.057939
0.057686
0.051733
0.050537
0.052256
0.049911
0.053900
0.054410
0.056538
0.052400
0.054955
0.050285
0.050236
0.051301
0.051467
0.048221
0.046808
0.048844
0.053816
0.052365
0.061015
0.055571
0.049896
0.053920
0.050974
0.048474
0.050520
0.050315
0.047691
0.052836
0.054047
0.052821
0.052705
0.051758
0.049783
0.052413
0.052646
0.047168
0.053671
0.053944
0.053748
0.054703
0.054262
0.051219
0.052669
0.054677
0.052604
0.052532
0.052291
0.056345
0.051341
0.056852
0.057497
0.055969
0.054766
0.048593
0.049337
0.051713
0.053324
0.058479
0.054738
0.055140
0.050175
0.051984
0.053705
0.054401
0.059190
0.062728
0.056551
0.055008
0.055615
0.051466
0.052893
0.055041
0.058864
0.057837
0.058274
0.056579
0.059934
0.056976
0.053194
0.047978
0.050719
0.049877
0.049990
0.052926
0.054598
0.051868
0.052609
0.052700
0.056630
0.057995
0.058024
0.054243
0.047030
0.047659
0.049828
0.048796
0.051776
0.052138
0.049211
0.049883
0.052194
0.057457
0.059459
0.055713
0.057397
0.056998
0.052090
0.059356
0.060387
0.057615
0.058274
0.055987
0.055422
0.054574
0.054240
0.052449
0.053543
0.046133
0.049566
0.054329
0.051489
0.049930
0.050245
0.056486
0.055452
0.053040
0.050821
0.054724
0.057247
0.056392
0.051482
0.053021
0.057145
0.055818
0.056120
0.053092
0.056575
0.055277
0.058454
0.053613
0.048453
0.050150
0.050594
0.050330
0.047589
0.049753
0.047550
0.048139
0.049334
0.048660
0.052022
0.054133
0.054759
0.052702
0.052098
0.049608
0.048157
0.048907
0.055647
0.054384
0.051518
0.052851
0.054080
0.050113
0.056620
0.053482
0.056032
0.054590
0.053660
0.054185
0.053057
0.055895
0.054954
0.054226
0.053779
0.057638
0.056858
0.052682
0.048638
0.050056
0.049303
0.053304
0.052000
0.054981
0.056278
0.057291
0.051348
0.051593
0.052693
0.051212
0.050227
0.049035
0.048527
0.053735
0.050656
0.052136
0.050408
0.054225
0.059442
0.059237
0.055790
0.055742
0.053147
0.053204
0.058146
0.056808
0.053998
0.052348
0.057243
0.054719
0.057306
0.058752
0.054117
0.053286
0.055692
0.052930
0.055185
0.052224
0.052946
0.050081
0.053472
0.054205
0.052755
0.055167
0.056604
0.056482
0.054916
0.053850
0.053447
0.049955
0.047277
0.054185
0.053366
0.057784
0.060380
0.056199
0.049946
0.051368
0.053810
0.049171
0.048625
0.048951
0.054272
0.055190
0.052643
0.053221
0.052682
0.054262
0.051949
0.050556
0.050230
0.048075
0.051117
0.050049
0.051212
0.054316
0.054053
0.056148
0.051783
0.050749
0.047450
0.051947
0.057370
0.059649
0.057849
0.057203
0.058673
0.056994
0.054827
0.053022
0.053813
0.049932
0.053803
0.049202
0.050268
0.051725
0.051492
0.051720
0.051833
0.052423
0.055000
0.056329
0.057896
0.055482
0.056926
0.055524
0.051448
0.054014
0.054480
0.053525
0.052395
0.051283
0.051718
0.052379
0.049332
0.051095
0.052681
0.050602
0.054808
0.052379
0.049490
0.048229
0.051153
0.050216
0.049521
0.053659
0.052753
0.052119
0.056014
0.054761
0.053145
0.060092
0.056943
0.052963
0.052425
0.052304
0.051444
0.053238
0.053704
0.055185
0.049726
0.054216
0.047224
0.048930
0.052713
0.057471
0.058268
0.052481
0.051823
0.054502
0.057487
0.058107
0.054525
0.053549
0.053140
0.057427
0.052383
0.053609
0.052364
0.056323
0.057245
0.050657
0.054872
0.052552
0.051467
0.049597
0.054174
0.050293
0.050906
0.054677
0.055193
0.051524
0.053883
0.055455
0.056472
0.053030
0.056160
0.056117
0.054594
0.053708
0.055894
0.057680
0.051491
0.051669
0.052714
0.057492
0.051769
0.052022
0.050998
0.050967
0.053821
0.051416
0.051535
0.052038
0.056705
0.053847
0.054405
0.055299
0.053154
0.057239
0.053059
0.057202
0.053382
0.051067
0.047804
0.045068
0.051053
0.054925
0.054533
0.050236
0.049249
0.050485
0.050227
0.045669
0.052303
0.054949
0.050021
0.049040
0.049810
0.052001
0.055855
0.054832
0.058222
0.053302
0.050540
0.054591
0.055079
0.053922
0.055836
0.050290
0.049187
0.055585
0.054891
0.050821
0.050878
0.056046
0.053723
0.048390
0.053030
0.053840
0.058068
0.060768
0.058055
0.051580
0.050999
0.051791
0.051189
0.051980
0.055073
0.056433
0.056228
0.053761
0.051568
0.051577
0.047492
0.046419
0.049701
0.052694
0.055241
0.053656
0.054279
0.052753
0.053009
0.059535
0.062418
0.061408
0.059758
0.056049
0.057809
0.059269
0.060178
0.059434
0.055352
0.056801
0.057551
0.054341
0.051893
0.052269
0.051683
0.047686
0.050537
0.051203
0.047741
0.054311
0.060315
0.057625
0.056806
0.054862
0.058110
0.052951
0.051042
0.054167
0.053999
0.055298
0.055344
0.050474
0.053224
0.055986
0.054576
0.054300
0.058542
0.054064
0.053678
0.056387
0.054832
0.052390
0.052175
0.052857
0.056475
0.054672
0.059562
0.059636
0.053657
0.052550
0.050416
0.051072
0.049245
0.053594
0.052137
0.048538
0.049653
0.049297
0.048473
0.051209
0.055508
0.053489
0.054588
0.046812
0.048746
0.054542
0.056396
0.057315
0.059538
0.057533
0.058774
0.055765
0.057366
0.055756
0.053723
0.050767
0.051098
0.053416
0.050253
0.050117
0.053603
0.051822
0.052351
0.052523
0.055406
0.053923
0.054641
0.053017
0.049281
0.056826
0.054421
0.053608
0.051020
0.051158
0.050445
0.052001
0.050672
0.052838
0.052770
0.054099
0.056576
0.050097
0.049149
0.053453
0.053518
0.054241
0.054209
0.053193
0.051964
0.049849
0.050438
0.052894
0.049647
0.049644
0.054349
0.052131
0.051040
0.054204
0.050733
0.049490
0.046828
0.048987
0.047225
0.047492
0.051135
0.053168
0.053515
0.056752
0.049918
0.050772
0.052898
0.056354
0.054558
0.050964
0.051919
0.058482
0.051944
0.052193
0.051663
0.050108
0.054026
0.055062
0.058190
0.060304
0.055322
0.055974
0.060762
0.056323
0.056496
0.056900
0.057577
0.060289
0.060224
0.058861
0.056752
0.055925
0.056772
0.053079
0.052240
0.050542
0.050498
0.055566
0.055113
0.052904
0.053944
0.051963
0.050009
0.050877
0.048455
0.052411
0.055921
0.055714
0.055397
0.050808
0.047137
0.048221
0.054974
0.056622
0.052815
0.055793
0.057953
0.059028
0.052888
0.052797
0.053046
0.053983
0.053820
0.053497
0.052127
0.056540
0.056009
0.053081
0.052847
0.055758
0.058009
0.055513
0.052214
0.049376
0.044930
0.047939
0.045868
0.050884
0.050109
0.051694
0.047755
0.050973
0.049576
0.053781
0.054108
0.053111
0.053795
0.055576
0.062268
0.060193
0.053167
0.056309
0.056259
0.053129
0.051658
0.049272
0.047263
0.051842
0.058847
0.055080
0.054550
0.052222
0.051407
0.052793
0.055580
0.053822
0.050850
0.054117
0.051696
0.049090
0.051247
0.055820
0.049768
0.050573
0.051948
0.051480
0.051115
0.050431
0.049841
0.048257
0.048912
0.048374
0.047904
0.048596
0.047791
0.047732
0.047347
0.049984
0.053010
0.057758
0.055040
0.052344
0.053850
0.052670
0.052544
0.054209
0.054374
0.055326
0.052746
0.052522
0.050060
0.051647
0.053960
0.051287
0.051950
0.056097
0.056830
0.055854
0.053759
0.052606
0.054111
0.054629
0.056797
0.054266
0.057290
0.057247
0.051196
0.055628
0.056421
0.051203
0.051352
0.054856
0.052719
0.055570
0.053066
0.047225
0.050634
0.046981
0.051903
0.051003
0.051271
0.052671
0.048629
0.053319
0.051687
0.049834
0.051182
0.051706
0.054603
0.057839
0.056553
0.051535
0.052560
0.052512
0.052899
0.052184
0.056647
0.055905
0.058615
0.056016
0.054267
0.055069
0.050889
0.051160
0.049491
0.051736
0.051974
0.052911
0.056767
0.055287
0.054159
0.050762
0.051374
0.052235
0.053292
0.055091
0.058288
0.057248
0.053243
0.050324
0.048273
0.052837
0.051833
0.049264
0.050437
0.057412
0.059510
0.056093
0.055744
0.054504
0.052178
0.054374
0.055550
0.055508
0.056922
0.059031
0.058777
0.056190
0.059262
0.059318
0.056390
0.055455
0.055284
0.054229
0.049741
0.049238
0.056623
0.052353
0.055075
0.058228
0.056600
0.057912
0.053648
0.048942
0.053168
0.057265
0.053793
0.056308
0.057035
0.053516
0.056146
0.051883
0.054451
0.050130
0.050804
0.052392
0.050747
0.051391
0.050266
0.051617
0.056221
0.054805
0.053074
0.051493
0.050318
0.055672
0.051343
0.054395
0.053587
0.051821
0.053182
0.060265
0.061840
0.061191
0.060140
0.060088
0.055420
0.053454
0.051497
0.051754
0.048605
0.051824
0.048902
0.055016
0.054332
0.057606
0.059447
0.057942
0.051349
0.051673
0.055653
0.050019
0.052393
0.053111
0.051802
0.054793
0.054246
0.051153
0.054701
0.053280
0.054461
0.053991
0.054690
0.052756
0.050708
0.049092
0.050047
0.050061
0.049220
0.052949
0.047997
0.051066
0.046556
0.045210
0.043584
0.046536
0.050270
0.052208
0.052145
0.048907
0.049617
0.052762
0.057106
0.059131
0.052204
0.053995
0.053548
0.051755
0.052582
0.058304
0.054841
0.055982
0.053345
0.053188
0.049949
0.052193
0.051967
0.055781
0.053927
0.054158
0.048811
0.051833
0.057140
0.055247
0.047907
0.049506
0.052906
0.053097
0.051323
0.049865
0.050288
0.053154
0.053350
0.053058
0.054268
0.055534
0.056802
0.052994
0.046751
0.047110
0.053519
0.054658
0.056468
0.055319
0.056874
0.058614
0.059789
0.053229
0.055615
0.054874
0.058027
0.059883
0.056756
0.055707
0.054047
0.051347
0.050304
0.052878
0.049645
0.055431
0.051810
0.049707
0.047558
0.052138
0.052937
0.053425
0.052153
0.054651
0.053608
0.057122
0.056552
0.055319
0.057501
0.051945
0.049108
0.049576
0.052335
0.056099
0.052344
0.055400
0.054212
0.051494
0.052803
0.053834
0.054575
0.050885
0.048490
0.049194
0.052411
0.055616
0.055828
0.050996
0.051458
0.049781
0.049938
0.051095
0.052960
0.052796
0.054124
0.053006
0.055698
0.059763
0.054514
0.051914
0.052352
0.056476
0.056949
0.052471
0.057273
0.055513
0.054949
0.053435
0.052098
0.050433
0.051436
0.051207
0.051680
0.052463
0.053149
0.055181
0.059365
0.055252
0.053533
0.051951
0.052267
0.050877
0.047285
0.050999
0.052053
0.051782
0.052168
0.053053
0.053640
0.052596
0.051420
0.051907
0.050963
0.050859
0.048992
0.051102
0.052453
0.059097
0.055827
0.054164
0.050905
0.054743
0.051754
0.053048
0.053245
0.051592
0.054171
0.050181
0.050141
0.053877
0.048986
0.049139
0.053554
0.057682
0.059116
0.054684
0.058377
0.061207
0.059815
0.055937
0.050269
0.055123
0.050980
0.051724
0.055204
0.049954
0.051625
0.052537
0.047741
0.055807
0.052425
0.051702
0.048507
0.053535
0.055661
0.058625
0.058513
0.057041
0.060694
0.060872
0.059239
0.054663
0.051660
0.050637
0.049412
0.050951
0.052166
0.056115
0.056424
0.055451
0.054024
0.053224
0.054801
0.050641
0.056990
0.057142
0.059201
0.055273
0.052680
0.053422
0.050028
0.048467
0.050615
0.053911
0.054942
0.057599
0.057294
0.058791
0.057593
0.052788
0.053634
0.055695
0.051304
0.051726
0.054606
0.059586
0.056630
0.055735
0.052457
0.053694
0.053437
0.054208
0.055959
0.055795
0.054054
0.051203
0.051876
0.055991
0.052603
0.052998
0.049372
0.050482
0.054128
0.054680
0.056243
0.055044
0.053164
0.050258
0.052307
0.047183
0.051017
0.055256
0.052763
0.055065
0.057009
0.049124
0.045586
0.044327
0.048137
0.045510
0.049267
0.052969
0.051960
0.050548
0.052628
0.058883
0.059763
0.059107
0.057088
0.058192
0.053860
0.053699
0.050544
0.052097
0.050918
0.053588
0.054659
0.053818
0.054310
0.051275
0.051673
0.053776
0.053806
0.056288
0.052332
0.052114
0.052283
0.055257
0.056380
0.057508
0.055573
0.057927
0.057090
0.054877
0.049901
0.054670
0.055893
0.054125
0.051671
0.050220
0.052801
0.049581
0.050487
0.048416
0.055740
0.052783
0.054131
0.060035
0.055739
0.057510
0.057709
0.057672
0.055805
0.054353
0.059211
0.055573
0.048712
0.052122
0.049017
0.055402
0.057825
0.054174
0.055667
0.057014
0.056402
0.056199
0.054285
0.056524
0.055408
0.056486
0.054645
0.052715
0.051508
0.048583
0.049575
0.052890
0.053073
0.052401
0.053558
0.056827
0.054011
0.057827
0.054703
0.054402
0.053599
0.053682
0.052412
0.052726
0.050518
0.055823
0.055600
0.053143
0.052504
0.050022
0.051640
0.051668
0.048319
0.044977
0.047798
0.046297
0.047675
0.050965
0.053790
0.058915
0.059244
0.057555
0.057734
0.055241
0.053239
0.057403
0.051634
0.050322
0.050701
0.055018
0.053960
0.055937
0.051116
0.050470
0.051029
0.051600
0.053752
0.055433
0.052275
0.051580
0.049838
0.049744
0.050530
0.051956
0.049932
0.050368
0.052642
0.051133
0.054746
0.056502
0.058322
0.055900
0.056292
0.056912
0.058007
0.054911
0.054149
0.052302
0.054370
0.051663
0.051637
0.047413
0.049497
0.054918
0.052502
0.053931
0.052748
0.052630
0.054148
0.056620
0.053739
0.051347
0.051946
0.050167
0.048426
0.048458
0.053323
0.050776
0.055355
0.054111
0.054983
0.056231
0.057634
0.053993
0.052335
0.053605
0.054173
0.051952
0.053519
0.054459
0.054868
0.056518
0.051955
0.054938
0.055483
0.051376
0.053860
0.059961
0.059543
0.054981
0.051467
0.048873
0.049689
0.054226
0.054076
0.052863
0.048380
0.051251
0.054606
0.056196
0.057553
0.055840
0.053482
0.052485
0.053280
0.052578
0.048996
0.052536
0.053722
0.056934
0.052384
0.055864
0.056557
0.058857
0.056178
0.054512
0.053425
0.055153
0.058467
0.062508
0.054527
0.054024
0.057214
0.059351
0.055530
0.057777
0.056954
0.056836
0.055785
0.057897
0.054253
0.056154
0.054422
0.054411
0.054596
0.052656
0.053519
0.053406
0.053999
0.051129
0.050264
0.052983
0.053888
0.053837
0.053461
0.055315
0.054964
0.054834
0.055965
0.057390
0.058726
0.055924
0.053415
0.052759
0.054175
0.054269
0.059738
0.058364
0.057892
0.057938
0.057135
0.058090
0.052352
0.054818
0.054251
0.053828
0.053412
0.057345
0.054910
0.055044
0.052470
0.051954
0.050532
0.055083
0.050621
0.054526
0.055653
0.059569
0.054238
0.056402
0.057723
0.052536
0.052209
0.048145
0.049691
0.050102
0.054636
0.052645
0.051502
0.052723
0.057411
0.054561
0.056547
0.053591
0.055269
0.056340
0.054741
0.057945
0.056939
0.055923
0.049354
0.050543
0.051474
0.056280
0.056019
0.056396
0.057223
0.054740
0.058967
0.059967
0.055298
0.056906
0.056542
0.055831
0.054520
0.051338
0.050035
0.049327
0.051930
0.055685
0.055197
0.052253
0.054702
0.053516
0.054641
0.055600
0.055662
0.052324
0.051887
0.051529
0.048958
0.052588
0.052595
0.053820
0.054757
0.053822
0.055053
0.052290
0.052968
0.052878
0.054763
0.054676
0.053582
0.056267
0.051736
0.051073
0.050744
0.052006
0.053998
0.057611
0.056407
0.050436
0.051391
0.053692
0.051105
0.054879
0.055685
0.054555
0.049632
0.049411
0.053821
0.054533
0.047255
0.047245
0.049664
0.051598
0.052619
0.047294
0.048823
0.055070
0.054610
0.054195
0.055014
0.052497
0.048747
0.046219
0.053334
0.051305
0.051100
0.053881
0.054410
0.057064
0.056461
0.052252
0.054617
0.055702
0.057234
0.055881
0.052660
0.050657
0.049578
0.052946
0.058237
0.062032
0.057612
0.054301
0.057641
0.054079
0.050989
0.050581
0.052869
0.057866
0.056297
0.054528
0.052501
0.052259
0.053334
0.055404
0.055730
0.056612
0.056517
0.052657
0.051697
0.054493
0.057246
0.056738
0.054566
0.056334
0.052786
0.053199
0.054423
0.054127
0.052648
0.051321
0.055018
0.054634
0.055483
0.058473
0.057518
0.057749
0.055207
0.054903
0.055113
0.049181
0.050730
0.051685
0.052960
0.053800
0.053450
0.055878
0.054066
0.057912
0.054738
0.056372
0.050294
0.049681
0.058535
0.053464
0.057012
0.061774
0.063088
0.059414
0.056113
0.050219
0.046319
0.044868
0.051172
0.051496
0.054194
0.056658
0.053802
0.052734
0.051767
0.055167
0.055802
0.054257
0.054060
0.051429
0.053170
0.055540
0.053789
0.054195
0.054223
0.057288
0.053754
0.057391
0.057958
0.052401
0.052228
0.054131
0.059257
0.057821
0.052238
0.052465
0.051661
0.049273
0.052940
0.051784
0.058677
0.056552
0.057881
0.054898
0.053756
0.053798
0.053231
0.052965
0.052874
0.055309
0.055428
0.051222
0.048202
0.048733
0.046619
0.049696
0.054432
0.051333
0.052553
0.055444
0.057999
0.052883
0.055759
0.056850
0.054251
0.051422
0.054683
0.056895
0.057228
0.054027
0.057998
0.057288
0.056234
0.055169
0.052906
0.054989
0.053809
0.053447
0.049645
0.047807
0.052311
0.053416
0.055294
0.050546
0.045837
0.054542
0.054294
0.057929
0.052927
0.051324
0.055480
0.057680
0.053529
0.052435
0.053757
0.055984
0.055085
0.057734
0.053079
0.053813
0.054049
0.049960
0.046022
0.050046
0.057396
0.056478
0.055454
0.054086
0.057034
0.055969
0.049035
0.052511
0.056006
0.052593
0.055441
0.058439
0.060793
0.060562
0.057354
0.054627
0.050246
0.049473
0.052379
0.056942
0.054912
0.054524
0.052971
0.053641
0.053027
0.052530
0.055083
0.049546
0.051411
0.052812
0.051810
0.052033
0.052757
0.054222
0.054250
0.053835
0.054945
0.056448
0.056527
0.055432
0.056299
0.055460
0.056864
0.059060
0.060088
0.058391
0.051781
0.055462
0.052211
0.050575
0.051610
0.049094
0.052596
0.048494
0.052214
0.057321
0.057306
0.059019
0.057315
0.058393
0.053932
0.052539
0.050628
0.053643
0.055991
0.052521
0.053116
0.054796
0.056681
0.057177
0.051439
0.055407
0.053180
0.056423
0.050012
0.053151
0.054544
0.053399
0.051916
0.051837
0.054604
0.055152
0.052267
0.051118
0.053207
0.057669
0.055144
0.054607
0.055606
0.055309
0.055549
0.049176
0.051080
0.048305
0.048328
0.047835
0.051058
0.048139
0.050139
0.055033
0.054989
0.051083
0.050641
0.051065
0.048886
0.048696
0.051940
0.057201
0.050912
0.050568
0.050924
0.050451
0.055559
0.054763
0.054485
0.054623
0.055395
0.058509
0.058153
0.055418
0.056930
0.059289
0.056759
0.053774
0.051631
0.050146
0.051918
0.051906
0.052826
0.053969
0.051784
0.050828
0.049414
0.055962
0.056459
0.058583
0.058334
0.057785
0.058223
0.059170
0.056399
0.055685
0.053015
0.053182
0.049739
0.053529
0.052617
0.052485
0.055158
0.052366
0.055462
0.059991
0.057765
0.056435
0.054930
0.056193
0.056795
0.059119
0.058198
0.054821
0.055057
0.052407
0.051746
0.054342
0.053987
0.050619
0.050859
0.047314
0.048599
0.052357
0.053994
0.056006
0.053780
0.051490
0.051501
0.049549
0.051219
0.053923
0.058340
0.054334
0.056315
0.056163
0.057315
0.056330
0.060203
0.060805
0.060349
0.055198
0.049779
0.053694
0.055032
0.053158
0.052403
0.051924
0.054572
0.052030
0.052552
0.052549
0.049707
0.050667
0.055857
0.055288
0.061648
0.059772
0.057123
0.054044
0.052518
0.056058
0.054404
0.056693
0.053751
0.058087
0.050409
0.054797
0.054006
0.048615
0.044557
0.049111
0.052510
0.055052
0.058414
0.055670
binsize 2
0.055347
0.050566
0.054860
0.056045
0.054060
0.055490
0.055358
0.051889
0.054397
0.052002
0.057539
0.054793
0.055908
0.057250
0.054964
0.050361
0.057301
0.050331
0.052760
0.052600
0.055214
0.051385
0.056756
0.053888
0.051833
0.054165
0.053664
0.053835
0.056416
0.056162
0.050436
0.049913
0.051318
0.049579
0.051996
0.050707
0.050287
0.052305
0.054543
0.055687
0.056533
0.053940
0.052898
0.053842
0.054440
0.050385
0.052574
0.049584
0.052854
0.057926
0.058188
0.053300
0.049342
0.050235
0.054170
0.054572
0.053346
0.051367
0.048433
0.054239
0.051946
0.056303
0.055503
0.054181
0.054249
0.057499
0.055680
0.052021
0.057813
0.051135
0.051084
0.054155
0.054469
0.052620
0.050769
0.049844
0.047826
0.053090
0.058293
0.051908
0.049724
0.050417
0.050263
0.053434
0.052232
0.051098
0.049907
0.053808
0.054225
0.052741
0.053673
0.052568
0.054318
0.054097
0.056733
0.051680
0.050525
0.055901
0.054939
0.051079
0.054053
0.060959
0.055780
0.053541
0.053967
0.058350
0.057427
0.058455
0.050586
0.050298
0.051458
0.053233
0.052655
0.057313
0.056134
0.047345
0.049312
0.051957
0.049547
0.054826
0.057586
0.057198
0.055723
0.059001
0.057130
0.054998
0.053344
0.049838
0.051947
0.050710
0.053365
0.054246
0.052772
0.056819
0.052252
0.056482
0.054606
0.055926
0.056034
0.049302
0.050462
0.048671
0.047845
0.048997
0.053078
0.053730
0.050853
0.048532
0.055015
0.052185
0.052097
0.055051
0.055311
0.053923
0.054476
0.054590
0.055708
0.054770
0.049347
0.051304
0.053491
0.056785
0.051470
0.051953
0.049631
0.051131
0.051396
0.052317
0.059339
0.055766
0.053176
0.057477
0.053173
0.055981
0.058029
0.053702
0.054311
0.053704
0.051513
0.053838
0.053961
0.056543
0.054383
0.051701
0.050731
0.055575
0.058289
0.050657
0.051491
0.048788
0.054731
0.052932
0.053472
0.051253
0.049152
0.050583
0.052764
0.055101
0.051266
0.049698
0.058509
0.057526
0.057833
0.053924
0.051872
0.051502
0.050997
0.051606
0.052128
0.055664
0.056689
0.056225
0.052731
0.054003
0.051839
0.052049
0.050213
0.051641
0.053593
0.048860
0.050685
0.051590
0.052436
0.055387
0.056618
0.054953
0.052364
0.052341
0.054445
0.051971
0.048077
0.055092
0.055374
0.053162
0.057797
0.054037
0.055283
0.052996
0.054344
0.053951
0.053712
0.050532
0.052233
0.052791
0.053359
0.054669
0.054751
0.056139
0.054151
0.056787
0.051580
0.055103
0.051895
0.050983
0.052619
0.051786
0.055276
0.054852
0.055197
0.055130
0.052224
0.046436
0.052989
0.052385
0.049867
0.047948
0.053626
0.049530
0.050905
0.055343
0.055762
0.052565
0.054500
0.053063
0.052386
0.052856
0.053462
0.051056
0.053435
0.059418
0.054817
0.051395
0.051584
0.055753
0.054994
0.051573
0.046956
0.051197
0.054449
0.053516
0.056272
0.061913
0.057904
0.058539
0.059806
0.056077
0.055946
0.052081
0.049685
0.050870
0.051026
0.058970
0.055834
0.055530
0.052604
0.054648
0.052909
0.054605
0.054438
0.056303
0.055033
0.053611
0.052516
0.055574
0.059599
0.053103
0.050744
0.051420
0.050337
0.049475
0.049841
0.054498
0.050700
0.051644
0.056856
0.058535
0.057270
0.056561
0.052245
0.052257
0.050185
0.052712
0.052437
0.054664
0.053829
0.053053
0.054014
0.051089
0.051223
0.051755
0.053434
0.053336
0.051301
0.053879
0.053701
0.050906
0.051666
0.049646
0.053240
0.052622
0.050112
0.047907
0.047358
0.052152
0.055133
0.050345
0.054626
0.052761
0.055200
0.052069
0.050886
0.054544
0.059247
0.055648
0.058543
0.056698
0.058933
0.059542
0.056338
0.054926
0.051391
0.053032
0.054009
0.052954
0.050443
0.050433
0.055818
0.053103
0.047679
0.055798
0.054304
0.058490
0.052842
0.053514
0.053659
0.054334
0.054545
0.054303
0.056761
0.050795
0.046434
0.048376
0.050901
0.049364
0.051679
0.053610
0.054686
0.061231
0.054738
0.054694
0.050465
0.049552
0.056964
0.053386
0.052100
0.054701
0.052483
0.050393
0.053533
0.050170
0.051714
0.050773
0.049049
0.048643
0.048250
0.047761
0.048665
0.055384
0.053692
0.053260
0.053377
0.054850
0.052634
0.050853
0.052624
0.054024
0.056342
0.053182
0.054370
0.055531
0.057269
0.053412
0.053812
0.053104
0.054145
0.050146
0.048807
0.051453
0.051971
0.050974
0.050760
0.051444
0.056221
0.054044
0.052536
0.052541
0.056276
0.057316
0.054668
0.051025
0.050613
0.052443
0.056027
0.052460
0.051804
0.054192
0.057768
0.051783
0.050555
0.050549
0.053925
0.057802
0.055124
0.053276
0.055529
0.057976
0.057484
0.059290
0.055923
0.054757
0.049490
0.054488
0.056651
0.057256
0.051295
0.055216
0.055051
0.055276
0.054014
0.052291
0.051598
0.051069
0.050941
0.055513
0.052283
0.052995
0.052869
0.052704
0.056723
0.061515
0.060114
0.054437
0.051625
0.050215
0.051959
0.055969
0.058694
0.051511
0.052836
0.052752
0.053298
0.052700
0.053990
0.054226
0.053723
0.049900
0.050054
0.051085
0.049532
0.045883
0.045060
0.051239
0.050526
0.051189
0.058119
0.053099
0.052652
0.055443
0.055411
0.053267
0.051071
0.053874
0.054043
0.050322
0.056194
0.048706
0.053002
0.050594
0.051721
0.053204
0.054901
0.054898
0.046931
0.054088
0.055893
0.057744
0.056509
0.055244
0.058955
0.056231
0.052697
0.051591
0.052538
0.050759
0.049848
0.053181
0.053402
0.055365
0.055936
0.054723
0.049342
0.054217
0.053872
0.052853
0.053319
0.052730
0.048842
0.054014
0.053412
0.050619
0.050517
0.052878
0.053565
0.057731
0.053214
0.054414
0.054710
0.056393
0.054192
0.051265
0.051322
0.052071
0.054165
0.057308
0.052742
0.051572
0.049142
0.051917
0.052611
0.053118
0.051664
0.050911
0.050047
0.055775
0.054995
0.052824
0.052401
0.052419
0.052176
0.052009
0.049063
0.055618
0.056900
0.059792
0.057876
0.052696
0.051352
0.052579
0.052081
0.051774
0.052064
0.051021
0.057143
0.057777
0.060783
0.056951
0.051148
0.050182
0.054141
0.055937
0.053624
0.052721
0.057066
0.057237
0.053051
0.049247
0.052263
0.056270
0.058043
0.055190
0.054664
0.051515
0.057096
0.056183
0.053075
0.053823
0.055877
0.052629
0.053934
0.052800
0.049927
0.054404
0.055643
0.051711
0.049745
0.053136
0.053914
0.053066
0.044956
0.046824
0.051118
0.051254
0.055756
0.059435
0.057640
0.053780
0.051321
0.052253
0.054238
0.052793
0.052725
0.055047
0.052223
0.053770
0.056944
0.056750
0.055984
0.052285
0.055009
0.050946
0.051191
0.049451
0.054261
0.057083
0.056625
0.057691
0.055079
0.057392
0.050417
0.052210
0.056000
0.056340
0.056300
0.055404
0.055947
0.053680
0.050045
0.051233
0.052737
0.055192
0.055919
0.054552
0.053641
0.052569
0.053171
0.054371
0.051263
0.051654
0.046648
0.047047
0.049320
0.056352
0.058399
0.056488
0.055321
0.050978
0.052860
0.054948
0.050793
0.051315
0.054593
0.051928
0.049791
0.051243
0.050150
0.051887
0.055624
0.057111
0.056602
0.056459
0.053226
0.053017
0.049525
0.052207
0.053217
0.052689
0.055384
0.052543
0.051057
0.048442
0.052049
0.054733
0.055607
0.055813
0.052970
0.053062
0.053989
0.055693
0.053447
0.053429
0.056910
0.057262
0.050170
0.051958
0.053469
0.049815
0.055401
0.056697
0.052983
0.052929
0.050766
0.055328
0.054124
0.057707
0.055345
0.054289
0.060487
0.054276
0.058282
0.056653
0.056895
0.056841
0.055204
0.054416
0.053626
0.053463
0.052564
0.051624
0.053862
0.054388
0.054899
0.056678
0.057325
0.053087
0.054222
0.059051
0.057915
0.057613
0.053585
0.054040
0.055378
0.054977
0.052212
0.052808
0.052573
0.057611
0.055320
0.055129
0.050177
0.049897
0.053641
0.052113
0.055986
0.055069
0.055805
0.056343
0.056431
0.049949
0.053877
0.056207
0.055982
0.059467
0.056102
0.056186
0.052929
0.049681
0.053808
0.053725
0.054109
0.055121
0.053993
0.051708
0.050773
0.053207
0.054289
0.053672
0.052923
0.054720
0.054924
0.051405
0.051375
0.055804
0.053421
0.052542
0.052992
0.055120
0.049521
0.054177
0.047250
0.050631
0.049957
0.051946
0.054402
0.053756
0.047483
0.052320
0.052490
0.055737
0.054357
0.055159
0.056557
0.051659
0.051262
0.060135
0.055956
0.055860
0.050785
0.055368
0.055413
0.052380
0.054369
0.056171
0.054587
0.053095
0.056992
0.055450
0.052992
0.054275
0.051984
0.054826
0.056978
0.057634
0.055055
0.052147
0.051208
0.053380
0.054664
0.055989
0.055555
0.049988
0.055999
0.059393
0.061251
0.053166
0.045594
0.051334
0.055426
0.053268
0.053467
0.055029
0.052744
0.054355
0.053992
0.055755
0.055573
0.055179
0.053179
0.058539
0.052351
0.050467
0.052362
0.057614
0.056390
0.053777
0.053098
0.054092
0.053325
0.048468
0.048157
0.052882
0.053999
0.055441
0.056305
0.052836
0.055789
0.055627
0.057643
0.055701
0.053947
0.053628
0.048726
0.052864
0.052920
0.050190
0.056111
0.052126
0.056580
0.052982
0.054871
0.056410
0.053446
0.052005
0.048034
0.056937
0.054770
0.056501
0.050773
0.054300
0.056940
0.060677
0.055990
0.049859
0.054660
0.054718
0.053306
0.052778
0.052315
0.052112
0.051921
0.053489
0.054042
0.055697
0.055979
0.055879
0.057962
0.059239
0.053622
0.051393
0.050352
0.050545
0.054768
0.058162
0.057854
0.053236
0.052135
0.054256
0.053956
0.056929
0.053423
0.054801
0.051581
0.053971
0.051877
0.054878
0.051692
0.055438
0.054876
0.055457
0.052363
0.049692
0.048082
0.049598
0.052586
0.053036
0.050853
0.048791
0.054571
0.050740
0.050688
0.055161
0.054554
0.056952
0.056785
0.058109
0.055267
0.050889
0.051912
0.053398
0.051306
0.052688
0.057521
0.058059
0.058697
0.056042
0.053098
0.051634
0.052551
0.053762
0.057727
0.057100
0.055561
0.057957
0.056509
0.053732
0.053044
0.052303
0.049086
0.050478
0.055000
0.052635
0.050525
0.052571
0.056337
0.056239
0.056822
0.060504
0.057773
0.051737
0.054095
0.052164
0.053301
0.052551
0.050187
0.055572
0.060710
0.055584
0.054288
0.055548
0.055919
0.052603
0.051310
0.046834
0.053781
0.057042
binsize 4
0.052957
0.055452
0.054775
0.053623
0.053200
0.056166
0.056579
0.052663
0.053816
0.052680
0.053299
0.055322
0.052999
0.053749
0.056289
0.050175
0.050449
0.051352
0.051296
0.055115
0.055236
0.053370
0.052412
0.051079
0.055390
0.055744
0.049788
0.054371
0.052356
0.051336
0.054125
0.054842
0.055874
0.053851
0.054474
0.052619
0.053545
0.050306
0.050458
0.055101
0.050071
0.051849
0.051665
0.051857
0.053483
0.053121
0.054207
0.054206
0.053213
0.053009
0.057506
0.054660
0.056159
0.057941
0.050442
0.052345
0.054984
0.051739
0.050634
0.052186
0.057392
0.057362
0.056064
0.051591
0.051328
0.053805
0.054796
0.054367
0.055266
0.052668
0.049566
0.048421
0.053404
0.049692
0.053600
0.053574
0.054617
0.054533
0.055239
0.050325
0.055138
0.051712
0.050381
0.051856
0.057553
0.055326
0.054577
0.055865
0.054008
0.052676
0.055252
0.053042
0.053153
0.054473
0.050139
0.053831
0.052362
0.049868
0.053932
0.050482
0.058018
0.055879
0.051687
0.051301
0.053896
0.056457
0.053367
0.051944
0.050927
0.051226
0.051138
0.053912
0.055786
0.052353
0.053208
0.051585
0.054268
0.055917
0.054140
0.054147
0.052122
0.052512
0.054014
0.055445
0.055469
0.053342
0.051439
0.052203
0.055064
0.055164
0.049330
0.052687
0.048908
0.051578
0.053124
0.054164
0.053782
0.052621
0.052259
0.056426
0.053106
0.053669
0.053283
0.049076
0.053983
0.059093
0.058221
0.057941
0.054014
0.050277
0.054998
0.055682
0.053626
0.053757
0.055370
0.054322
0.054045
0.056351
0.051082
0.049906
0.052170
0.051172
0.057695
0.056915
0.052251
0.051449
0.053551
0.053441
0.052552
0.051489
0.053385
0.052590
0.052303
0.050656
0.052931
0.049010
0.049755
0.052739
0.053693
0.053634
0.052715
0.057448
0.057620
0.059238
0.055632
0.052212
0.053481
0.050438
0.054460
0.051739
0.056397
0.053178
0.053996
0.054424
0.053778
0.047405
0.050133
0.052644
0.057958
0.054716
0.050009
0.055175
0.053400
0.051438
0.051852
0.051243
0.048846
0.048006
0.052025
0.053476
0.054113
0.051744
0.053324
0.054762
0.054951
0.055340
0.053458
0.052145
0.050130
0.051472
0.051102
0.055132
0.052538
0.056796
0.052846
0.051528
0.054244
0.052998
0.054776
0.050552
0.055863
0.054200
0.056753
0.058387
0.055340
0.051989
0.056954
0.053256
0.055163
0.053153
0.051333
0.053227
0.052639
0.052787
0.059119
0.057276
0.050920
0.053964
0.055103
0.052794
0.052999
0.054108
0.051811
0.050569
0.047707
0.048150
0.050857
0.055609
0.054047
0.054339
0.052472
0.052182
0.052450
0.051798
0.052463
0.054900
0.050510
0.056819
0.055877
0.057593
0.052144
0.051648
0.051514
0.054383
0.055329
0.051780
0.053363
0.053024
0.051428
0.052016
0.051697
0.055648
0.053814
0.055552
0.052729
0.051697
0.055737
0.052157
0.050530
0.052864
0.051287
0.052911
0.053910
0.052410
0.052093
0.052340
0.058346
0.055286
0.051966
0.051927
0.051542
0.057460
0.058867
0.050665
0.055039
0.053172
0.057151
0.051149
0.054267
0.056616
0.053090
0.056639
0.053449
0.054253
0.053367
0.052166
0.053677
0.051441
0.053490
0.045890
0.051186
0.057595
0.055710
0.051787
0.053515
0.053886
0.052996
0.056847
0.054135
0.052977
0.050321
0.055672
0.057158
0.056236
0.051313
0.056170
0.055852
0.054814
0.050639
0.053964
0.055236
0.053105
0.053771
0.051459
0.046848
0.052836
0.057443
0.053150
0.053904
0.051054
0.053260
0.050517
0.051018
0.056368
0.056530
0.053121
0.050866
0.052953
0.053963
0.049749
0.053391
0.055710
0.053016
0.054841
0.053438
0.057086
0.051064
0.051642
0.056049
0.052956
0.053047
0.055916
0.054817
0.057382
0.057468
0.056868
0.054810
0.053544
0.052094
0.054125
0.055789
0.055206
0.056636
0.057764
0.053812
0.055178
0.052510
0.055092
0.055225
0.050037
0.052877
0.055528
0.056074
0.053190
0.055042
0.057724
0.056144
0.051305
0.053766
0.054615
0.052851
0.051990
0.053980
0.053821
0.053165
0.053590
0.052982
0.054056
0.051849
0.048940
0.050951
0.054079
0.049901
0.054114
0.054758
0.054108
0.055698
0.055908
0.053076
0.053896
0.055270
0.053841
0.056221
0.053633
0.053405
0.057306
0.053601
0.052294
0.055326
0.052771
0.057696
0.057209
0.048464
0.054347
0.054248
0.053549
0.054874
0.055376
0.055859
0.051409
0.054988
0.055083
0.053595
0.050896
0.050520
0.054720
0.054571
0.055708
0.056672
0.053788
0.050795
0.051555
0.054118
0.054781
0.055640
0.052725
0.052486
0.055636
0.052536
0.058809
0.052925
0.054689
0.053042
0.052213
0.052705
0.054869
0.055929
0.058601
0.052507
0.050449
0.056465
0.055545
0.053196
0.055443
0.054112
0.052776
0.053377
0.053565
0.055167
0.051027
0.048840
0.052811
0.049822
0.052656
0.052924
0.055753
0.057447
0.053078
0.052655
0.051997
0.057790
0.057369
0.052366
0.053157
0.057413
0.056759
0.055121
0.052673
0.049782
0.053818
0.051548
0.056288
0.058663
0.054755
0.053129
0.052926
0.052880
0.058147
0.054918
0.054261
0.049072
0.055412
binsize 8
0.054204
0.054199
0.054683
0.054621
0.053248
0.054311
0.053374
0.053232
0.050900
0.053205
0.054303
0.051746
0.055567
0.052080
0.051846
0.054483
0.054862
0.053546
0.051925
0.052779
0.050960
0.051761
0.053302
0.054207
0.053111
0.056083
0.057050
0.051394
0.053362
0.051410
0.057377
0.053828
0.052567
0.054581
0.053967
0.048994
0.051548
0.053587
0.054575
0.052782
0.053425
0.051119
0.056439
0.055221
0.053342
0.054147
0.053813
0.051985
0.051115
0.052207
0.056948
0.051494
0.055177
0.052655
0.051077
0.052525
0.054069
0.052396
0.055093
0.054143
0.052317
0.054729
0.054405
0.051821
0.055114
0.051009
0.050243
0.053644
0.053201
0.054343
0.053387
0.051180
0.056538
0.058081
0.052146
0.055340
0.053692
0.054846
0.055198
0.050494
0.051671
0.057305
0.051850
0.053496
0.052020
0.052988
0.051480
0.050970
0.051247
0.053664
0.055081
0.058429
0.053922
0.051959
0.053099
0.054788
0.054210
0.050592
0.051388
0.056337
0.052592
0.052419
0.051548
0.048426
0.052750
0.052929
0.054043
0.055145
0.052802
0.050801
0.053117
0.054667
0.052187
0.053621
0.052664
0.055032
0.057570
0.053664
0.055105
0.054158
0.052280
0.052713
0.058197
0.052442
0.053948
0.053553
0.051190
0.047928
0.053233
0.054193
0.052327
0.052124
0.053681
0.053664
0.056735
0.051896
0.052949
0.053554
0.053193
0.051722
0.053673
0.054683
0.052213
0.053947
0.051697
0.052099
0.053160
0.052217
0.056816
0.051946
0.054501
0.054766
0.054106
0.054150
0.055442
0.054865
0.053851
0.052766
0.052559
0.049690
0.054390
0.053748
0.053701
0.054922
0.053556
0.052997
0.056697
0.053742
0.055333
0.052302
0.054170
0.052615
0.049842
0.055296
0.052479
0.051889
0.053693
0.054826
0.051909
0.051856
0.054551
0.053929
0.055262
0.051353
0.054502
0.054481
0.056099
0.057168
0.054177
0.053110
0.055497
0.057200
0.054495
0.053801
0.052631
0.054202
0.054632
0.056383
0.053725
0.054191
0.052420
0.053901
0.053377
0.053519
0.050395
0.052515
0.052008
0.054433
0.055803
0.053486
0.054555
0.054927
0.055356
0.052948
0.054049
0.057452
0.051405
0.053899
0.055125
0.053634
0.055036
0.052246
0.052620
0.055139
0.055230
0.051175
0.054450
0.054183
0.054061
0.055673
0.053807
0.052628
0.053787
0.057265
0.051478
0.056005
0.054319
0.053444
0.053471
0.053097
0.050826
0.051239
0.054339
0.055262
0.052326
0.057580
0.052761
0.057086
0.053897
0.051800
0.053918
0.056709
0.053028
0.055513
0.054590
0.052242
binsize 16
0.054202
0.054652
0.053780
0.053303
0.052053
0.053024
0.053823
0.053165
0.054204
0.052352
0.051360
0.053754
0.054597
0.054222
0.052386
0.055602
0.053574
0.051480
0.052568
0.053679
0.052272
0.055830
0.053744
0.052899
0.051661
0.054221
0.053916
0.051801
0.053233
0.054618
0.053523
0.053113
0.053061
0.051943
0.053772
0.052284
0.057310
0.053743
0.054269
0.052846
0.054488
0.052673
0.052504
0.051225
0.052456
0.056755
0.052941
0.053944
0.052401
0.053863
0.052505
0.049987
0.052839
0.054594
0.051801
0.053892
0.052904
0.053848
0.055617
0.054631
0.052497
0.055320
0.053751
0.049559
0.053713
0.052226
0.053673
0.054315
0.053252
0.052458
0.054178
0.053080
0.051898
0.052688
0.054381
0.054634
0.054128
0.055153
0.053309
0.051124
0.054069
0.054311
0.053276
0.055219
0.053817
0.053392
0.052569
0.052184
0.054259
0.051883
0.054240
0.053308
0.054492
0.056634
0.053643
0.056349
0.054148
0.053416
0.055508
0.053958
0.053161
0.053448
0.051455
0.053220
0.054645
0.054741
0.054152
0.055751
0.052652
0.054379
0.053641
0.053880
0.053202
0.054316
0.054867
0.053217
0.055526
0.053741
0.053882
0.053284
0.051032
0.054801
0.054953
0.054924
0.052848
0.055314
0.054271
0.053416
binsize 32
0.054427
0.053541
0.052539
0.053494
0.053278
0.052557
0.054409
0.053994
0.052527
0.053123
0.054051
0.053322
0.052941
0.052858
0.053925
0.053318
0.052502
0.053028
0.055526
0.053558
0.053580
0.051865
0.054605
0.053442
0.053132
0.051246
0.053717
0.052847
0.053376
0.055124
0.053908
0.051655
0.052969
0.053994
0.052855
0.053629
0.052293
0.054507
0.054640
0.052217
0.054190
0.054248
0.053605
0.052377
0.053071
0.053774
0.055563
0.054996
0.053782
0.054733
0.053304
0.052338
0.054693
0.054951
0.053516
0.053760
0.053759
0.054042
0.054634
0.053583
0.052916
0.054938
0.054081
0.053843
