
binsize 2
0.858502
0.857707
0.858802
0.856494
0.859274
0.857450
0.857082
0.857084
0.858094
0.858190
0.856358
0.858100
0.857287
0.856462
0.857495
0.857993
0.856532
0.858342
0.857616
0.858226
0.856512
0.857416
0.856067
0.858543
0.857991
0.857541
0.857093
0.858147
0.859045
0.858455
0.858205
0.856873
0.857196
0.855686
0.858193
0.858431
0.857138
0.858503
0.857411
0.856979
0.858189
0.857801
0.857475
0.858370
0.857430
0.856260
0.856956
0.856625
0.855864
0.856813
0.857755
0.856812
0.856635
0.855828
0.856906
0.858316
0.857630
0.858087
0.857004
0.856146
0.859152
0.857943
0.857325
0.857718
0.857649
0.858460
0.858893
0.856500
0.856452
0.857987
0.858193
0.857800
0.857242
0.856590
0.856431
0.859305
0.857942
0.858028
0.857350
0.855775
0.856566
0.857114
0.856965
0.858209
0.857432
0.857393
0.856962
0.856474
0.856464
0.855366
0.855423
0.857857
0.858228
0.858368
0.857573
0.856631
0.857242
0.856320
0.856885
0.858104
0.857340
0.858153
0.857475
0.857656
0.856377
0.855703
0.856632
0.857931
0.856762
0.856212
0.856768
0.856944
0.858104
0.858286
0.857815
0.856856
0.857976
0.857637
0.858756
0.858815
0.856909
0.857041
0.857175
0.857496
0.856208
0.857748
0.856102
0.856748
0.857621
0.857147
0.857574
0.858193
0.856070
0.859170
0.856867
0.857838
0.856649
0.857672
0.856194
0.858306
0.856811
0.856515
0.855787
0.856334
0.857858
0.856544
0.858061
0.857519
0.857908
0.855769
0.857596
0.857916
0.856254
0.857097
0.857613
0.856788
0.858727
0.857790
0.858210
0.857060
0.858791
0.856878
0.859198
0.857652
0.856945
0.857075
0.857603
0.857257
0.858506
0.857566
0.856405
0.857347
0.855693
0.858338
0.857066
0.856089
0.858971
0.858394
0.856593
0.857392
0.857128
0.857179
0.857132
0.858001
0.859637
0.858184
0.856663
0.856732
0.857808
0.856012
0.856593
0.857092
0.857638
0.857944
0.857728
0.854629
0.857053
0.857575
0.858455
0.857228
0.858412
0.856325
0.857457
0.857687
0.856430
0.857289
0.858615
0.858219
0.857840
0.857617
0.858607
0.859232
0.857814
0.857431
0.857783
0.858991
0.857199
0.856944
0.857109
0.858557
0.856866
0.857544
0.858284
0.857923
0.856353
0.857140
0.857991
0.858135
0.856538
0.857548
0.856507
0.856397
0.857573
0.858344
0.857140
0.857367
0.857777
0.857344
0.857602
0.856412
0.857751
0.858206
0.856243
0.858063
0.858761
0.857881
0.857030
0.857386
0.856759
0.856673
0.857299
0.856562
0.858125
0.857392
0.858256
0.857466
0.857803
0.858354
0.856938
0.858480
0.857456
0.857916
0.857432
0.856758
0.857348
0.858622
0.858342
0.858682
0.857024
0.857573
0.857023
0.856995
0.856269
0.857514
0.857097
0.857542
0.858436
0.857796
0.858135
0.858819
0.858150
0.857219
0.857548
0.858180
0.855598
0.856665
0.857964
0.859307
0.858309
0.858258
0.858768
0.858959
0.859270
0.857987
0.859687
0.857197
0.856797
0.856248
0.858156
0.857764
0.856960
0.858756
0.858590
0.857517
0.857706
0.857363
0.858102
0.857536
0.856916
0.858298
0.858538
0.857900
0.857374
0.856874
0.857591
0.858201
0.858951
0.855624
0.856865
0.858042
0.856763
0.857364
0.857139
0.858210
0.857780
0.857208
0.859185
0.858539
0.857733
0.857957
0.856909
0.859470
0.859126
0.858698
0.856488
0.857139
0.857549
0.857159
0.856801
0.858566
0.858062
0.857903
0.858082
0.857795
0.858852
0.857655
0.856959
0.858955
0.858111
0.857146
0.856924
0.857929
0.857446
0.856441
0.857883
0.856721
0.858778
0.857849
0.856193
0.856727
0.857285
0.858257
0.856883
0.855967
0.857631
0.858791
0.858501
0.856943
0.855087
0.857198
0.857696
0.856132
0.856630
0.858143
0.857071
0.858026
0.857776
0.857597
0.856705
0.858834
0.857598
0.856952
0.855562
0.858455
0.857319
0.857045
0.857217
0.858380
0.858773
0.856871
0.856749
0.857691
0.857389
0.858027
0.857541
0.856866
0.857871
0.857010
0.856760
0.857336
0.857395
0.857584
0.857971
0.857856
0.856272
0.857352
0.858745
0.858242
0.858143
0.858488
0.857171
0.856562
0.857370
0.857682
0.858031
0.857907
0.858098
0.858452
0.857927
0.855796
0.857711
0.857920
0.858293
0.858532
0.857608
0.858286
0.857494
0.856963
0.856490
0.856298
0.856601
0.856758
0.856269
0.858280
0.858117
0.857917
0.856605
0.856902
0.856063
0.856830
0.856535
0.856023
0.857818
0.858641
0.857926
0.856794
0.857180
0.857641
0.856881
0.857012
0.858236
0.858633
0.858031
0.857690
0.857384
0.858294
0.858110
0.858778
0.857517
0.858947
0.858910
0.859148
0.858934
0.856430
0.857600
0.856647
0.856469
0.857999
0.858195
0.856856
0.857325
0.858304
0.858598
0.858105
0.857740
0.857949
0.857945
0.858564
0.857466
0.857317
0.858223
0.856852
0.858154
0.857021
0.857764
0.856448
0.856543
0.856846
0.857228
0.858027
0.857123
0.855770
0.857173
0.857558
0.855827
0.857002
0.857197
0.857825
0.858508
0.858689
0.857563
0.856909
0.857512
0.857479
0.858064
0.856971
0.857907
0.857971
0.856939
0.857473
0.858093
0.857115
0.857331
0.858593
0.858390
0.857352
0.858088
0.857730
0.855648
0.857613
0.857893
0.857617
0.858075
0.857313
0.855424
0.858275
0.857502
0.856909
0.857956
0.858344
0.857859
0.857017
0.858514
0.857762
0.858525
0.856719
0.858560
0.857612
0.855535
0.857178
0.857188
0.858092
0.858945
0.857390
0.857543
0.857406
0.859132
0.858354
0.858866
0.858052
0.858579
0.857938
0.857475
0.858240
0.858205
0.858330
0.856871
0.858403
0.856124
0.855506
0.856895
0.856361
0.855409
0.857419
0.857335
0.856709
0.857457
0.857397
0.857998
0.855849
0.857752
0.857664
0.857518
0.856706
0.858150
0.858463
0.856971
0.857495
0.856259
0.857235
0.858933
0.857922
0.858769
0.857909
0.857701
0.857624
0.856123
0.857445
0.858425
0.859145
0.857896
0.858163
0.856944
0.857227
0.857410
0.858542
0.857128
0.856527
0.856724
0.856713
0.858626
0.857623
0.858887
0.858532
0.856488
0.857831
0.857287
0.858025
0.857212
0.857653
0.857321
0.857689
0.858289
0.858231
0.857673
0.857970
0.858109
0.856522
0.856762
0.859329
0.856074
0.857494
0.856899
0.856063
0.856396
0.858464
0.857279
0.858246
0.855910
0.856972
0.858204
0.856972
0.856866
0.855637
0.858385
0.858507
0.857676
0.856441
0.856374
0.856404
0.855028
0.857840
0.857241
0.856956
0.858926
0.858256
0.857001
0.857230
0.856002
0.857981
0.858419
0.857421
0.858046
0.858039
0.858632
0.857242
0.856305
0.856980
0.858354
0.856665
0.856175
0.857049
0.857135
0.857107
0.858205
0.856719
0.858180
0.857649
0.858895
0.857371
0.857750
0.856646
0.856920
0.857090
0.856860
0.857722
0.857208
0.858385
0.857001
0.856519
0.857381
0.859100
0.856612
0.857686
0.857598
0.856637
0.856422
0.857902
0.856722
0.857172
0.856997
0.858697
0.856784
0.858113
0.859037
0.857353
0.857410
0.856745
0.857555
0.857864
0.857318
0.858468
0.858469
0.857759
0.857294
0.856921
0.856782
0.857113
0.857081
0.856555
0.857820
0.856732
0.858773
0.857121
0.856437
0.856323
0.857024
0.858332
0.857529
0.857843
0.856669
0.857542
0.857358
0.858320
0.858875
0.856997
0.857797
0.858503
0.856655
0.856627
0.857916
0.856867
0.856786
0.857233
0.858002
0.856697
0.856619
0.857147
0.856157
0.856926
0.857100
0.857292
0.857892
0.857080
0.857663
0.858191
0.857717
0.856829
0.855939
0.857385
0.857922
0.857250
0.858464
0.857679
0.856309
0.858154
0.857986
0.857355
0.858002
0.857075
0.857746
0.858407
0.857134
0.856689
0.856765
0.856878
0.857224
0.857793
0.858003
0.857761
0.857039
0.858533
0.859381
0.857690
0.857663
0.855360
0.857489
0.856901
0.857915
0.858163
0.857556
0.856736
0.858253
0.858966
0.858224
0.857434
0.857154
0.856870
0.856483
0.857683
0.858203
0.858755
0.856657
0.858258
0.857712
0.858478
0.858000
0.858891
0.857209
0.857527
0.857525
0.858289
0.857141
0.858114
0.857357
0.857555
0.856319
0.856382
0.857313
0.855840
0.856205
0.859388
0.857065
0.857859
0.856532
0.858159
0.858073
0.858610
0.858040
0.857515
0.857957
0.858429
0.858436
0.857719
0.855741
0.855513
0.857879
0.858289
0.858135
0.857007
0.857247
0.857815
0.857791
0.858377
0.857953
0.858258
0.858946
0.856614
0.856509
0.857367
0.857036
0.856943
0.858939
0.859635
0.857488
0.858673
0.859339
0.857219
0.856216
0.858205
0.857842
0.858331
0.858580
0.856189
0.858506
0.859331
0.856852
0.857815
0.857518
0.857746
0.857188
0.858520
0.857342
0.857365
0.856465
0.855954
0.858059
0.857851
0.857412
0.857923
0.857903
0.857225
0.857710
0.857894
0.855868
0.857972
0.856178
0.856966
0.855990
0.856432
0.856550
0.857585
0.856409
0.858072
0.858934
0.856896
0.858248
0.859006
0.857568
0.856976
0.858354
0.856865
0.859160
0.857887
0.858247
0.858275
0.858489
0.856858
0.857183
0.857074
0.857690
0.857844
0.857942
0.856678
0.858001
0.857804
0.857655
0.857498
0.857601
0.856486
0.856942
0.858336
0.858477
0.857393
0.857149
0.857165
0.858841
0.857590
0.856358
0.856552
0.856248
0.856022
0.858560
0.858780
0.856688
0.858045
0.857345
0.857309
0.857995
0.858004
0.858522
0.858277
0.857279
0.857575
0.857772
0.857986
0.857295
0.857194
0.857458
0.859050
0.858221
0.858789
0.858227
0.856463
0.855845
0.856880
0.856306
0.856760
0.858558
0.858162
0.856752
0.857598
0.856348
0.856896
0.857082
0.857808
0.856795
0.857475
0.859233
0.857822
0.858057
0.858049
0.858681
0.856499
0.856281
0.857519
0.858142
0.857140
0.857704
0.858140
0.858879
0.858604
0.856835
0.856742
0.857355
0.857631
0.856052
0.856853
0.857690
0.857472
0.859119
0.858238
0.858226
0.856024
0.856873
0.858360
0.856791
0.857341
0.858255
0.856953
0.858255
0.855984
0.857136
0.856765
0.857201
0.858236
0.858257
0.859026
0.858113
0.857847
0.858666
0.857977
0.858010
0.858167
0.858481
0.856874
0.856993
0.857207
0.857686
0.858669
0.857652
0.856028
0.857945
0.857994
0.857737
0.857426
0.857560
0.857463
0.856530
0.857117
0.857471
0.856599
0.857214
0.857904

binsize 4
0.858105
0.857648
0.858362
0.857083
0.858142
0.857229
0.856875
0.857744
0.857437
0.857921
0.856964
0.857305
0.857766
0.857620
0.858750
0.857539
0.856441
0.858312
0.857820
0.857195
0.857995
0.857923
0.856845
0.856790
0.856339
0.857283
0.856231
0.857611
0.857858
0.856575
0.858547
0.857521
0.858054
0.857696
0.857219
0.857997
0.856916
0.857868
0.857985
0.856563
0.856840
0.857587
0.857412
0.856718
0.855915
0.856640
0.858298
0.857102
0.856781
0.857494
0.857747
0.857565
0.856040
0.857282
0.856487
0.856856
0.858195
0.857335
0.857807
0.858786
0.856975
0.857336
0.856978
0.856425
0.857384
0.857884
0.857620
0.857352
0.857160
0.857250
0.856663
0.856061
0.857201
0.857790
0.856839
0.857756
0.856675
0.857201
0.858258
0.857635
0.857835
0.858425
0.857010
0.857430
0.858036
0.856876
0.857015
0.856577
0.858683
0.856993
0.857153
0.857566
0.858910
0.856698
0.856910
0.856842
0.857791
0.856178
0.857314
0.857841
0.857369
0.857572
0.856860
0.858417
0.857728
0.858920
0.857623
0.858387
0.857072
0.857833
0.857205
0.858103
0.856746
0.858063
0.857043
0.856452
0.857958
0.857253
0.857560
0.857007
0.857979
0.857153
0.858321
0.857208
0.856716
0.856930
0.857759
0.857861
0.858079
0.857709
0.857686
0.857095
0.857985
0.858512
0.857298
0.857009
0.856891
0.857319
0.858116
0.858477
0.857684
0.857864
0.856132
0.858636
0.858284
0.858863
0.858629
0.858442
0.856523
0.857960
0.857858
0.858053
0.857534
0.857819
0.857607
0.858219
0.857124
0.857896
0.857287
0.857454
0.857063
0.857674
0.857494
0.858862
0.857845
0.858190
0.858912
0.856813
0.857354
0.857684
0.857983
0.857938
0.858253
0.857957
0.857629
0.857427
0.856944
0.857302
0.858314
0.856460
0.857771
0.856425
0.858211
0.857722
0.856143
0.856914
0.857387
0.857549
0.857687
0.857769
0.857275
0.857008
0.857182
0.857798
0.857822
0.857220
0.857708
0.857204
0.857441
0.857048
0.857490
0.857913
0.856812
0.858493
0.858316
0.856867
0.857526
0.857969
0.858275
0.856861
0.857816
0.858412
0.857947
0.857228
0.856394
0.856679
0.857275
0.858017
0.856753
0.856446
0.856279
0.858229
0.857360
0.857410
0.856947
0.858434
0.857861
0.857839
0.858444
0.858232
0.859029
0.857682
0.857124
0.857234
0.857525
0.857814
0.858351
0.857845
0.858255
0.857392
0.857537
0.857588
0.857106
0.856695
0.857627
0.856447
0.857365
0.856414
0.857511
0.858598
0.857236
0.857495
0.857517
0.857939
0.857206
0.857604
0.857962
0.857871
0.857909
0.856631
0.857755
0.857694
0.856849
0.857206
0.858150
0.857438
0.858138
0.857622
0.858086
0.856356
0.857640
0.858168
0.857475
0.858743
0.858459
0.858259
0.857858
0.858267
0.857637
0.855815
0.856628
0.856414
0.857022
0.857427
0.856924
0.857708
0.857112
0.858307
0.857233
0.856747
0.858427
0.858339
0.857663
0.856784
0.858785
0.858029
0.857086
0.857976
0.856828
0.856718
0.858125
0.858709
0.857159
0.857656
0.857432
0.857505
0.858260
0.857821
0.857315
0.858046
0.856784
0.856481
0.857430
0.857763
0.856441
0.857588
0.856252
0.858446
0.857058
0.856389
0.856434
0.857098
0.858591
0.857116
0.856991
0.857920
0.858043
0.857937
0.856643
0.857509
0.856612
0.857121
0.857462
0.857915
0.858133
0.857198
0.857005
0.857291
0.857797
0.856760
0.858241
0.857149
0.857118
0.857162
0.856947
0.857847
0.857449
0.858195
0.857078
0.857710
0.857893
0.858114
0.857107
0.856948
0.856818
0.857276
0.857947
0.856380
0.857678
0.857686
0.857105
0.857839
0.857936
0.858150
0.856641
0.857392
0.857010
0.857349
0.856883
0.856541
0.857196
0.857486
0.857927
0.857273
0.856662
0.857586
0.858072
0.857231
0.857670
0.857538
0.858077
0.856911
0.856821
0.857509
0.857882
0.857786
0.858535
0.856511
0.857195
0.858039
0.857146
0.858610
0.857829
0.857012
0.857083
0.858479
0.857457
0.858095
0.858445
0.857368
0.857907
0.857628
0.857456
0.856350
0.856577
0.857796
0.857462
0.857345
0.858341
0.857777
0.858193
0.858078
0.855627
0.858084
0.857571
0.857531
0.858084
0.858105
0.857780
0.856938
0.856989
0.859287
0.858080
0.858279
0.857210
0.858087
0.857385
0.858918
0.857333
0.857632
0.857854
0.857353
0.856210
0.857955
0.857668
0.857564
0.857802
0.856920
0.856572
0.856211
0.857067
0.857241
0.857915
0.858627
0.857272
0.857610
0.858524
0.858261
0.857673
0.857129
0.857767
0.857310
0.857903
0.857576
0.857044
0.857639
0.857935
0.857157
0.858215
0.856455
0.856135
0.858670
0.857367
0.857327
0.857999
0.858400
0.857427
0.857879
0.857245
0.858254
0.858505
0.857345
0.856362
0.856533
0.858360
0.857175
0.856622
0.857445
0.857135
0.858528
0.858053
0.857590
0.856900
0.857641
0.857922
0.858742
0.856789
0.857493
0.856453
0.857581
0.858679
0.857125
0.857617
0.857066
0.857604
0.857119
0.856950
0.857719
0.858641
0.857980
0.858321
0.858089
0.857677
0.857100
0.858177
0.856840
0.857970
0.857581
0.857511
0.856824
0.857035
0.857559

binsize 8
0.857876
0.857723
0.857685
0.857309
0.857679
0.857134
0.857693
0.858145
0.857376
0.857507
0.857959
0.856818
0.856811
0.856921
0.857217
0.858034
0.857875
0.857608
0.857392
0.857274
0.857214
0.857065
0.856278
0.857700
0.857138
0.857656
0.856661
0.856672
0.857765
0.858296
0.857155
0.856701
0.857634
0.857486
0.857205
0.856362
0.857496
0.857297
0.856938
0.857947
0.858130
0.857220
0.857456
0.856796
0.857838
0.857360
0.857804
0.856876
0.856984
0.857578
0.857471
0.857638
0.858324
0.858005
0.857452
0.857654
0.857404
0.856747
0.857606
0.857284
0.857566
0.857764
0.856823
0.857810
0.857894
0.857390
0.858248
0.857154
0.857105
0.858297
0.857774
0.857384
0.858574
0.858535
0.857241
0.857956
0.857677
0.857913
0.857510
0.857370
0.857369
0.858178
0.858017
0.857863
0.857519
0.857960
0.858105
0.857528
0.857123
0.857387
0.857098
0.857967
0.856528
0.857468
0.857728
0.857142
0.857490
0.857521
0.857456
0.857244
0.857702
0.857653
0.857591
0.857748
0.857568
0.858114
0.857588
0.856537
0.857646
0.856600
0.857254
0.857385
0.857690
0.857850
0.858338
0.858355
0.857179
0.857670
0.858098
0.857823
0.857563
0.856900
0.857037
0.856890
0.858054
0.857366
0.857728
0.857405
0.857916
0.857270
0.857725
0.857028
0.857794
0.857880
0.857221
0.857904
0.858109
0.858359
0.858062
0.856726
0.856521
0.857224
0.857316
0.857709
0.856990
0.858383
0.857224
0.858407
0.857531
0.856773
0.858417
0.857408
0.857468
0.858041
0.857680
0.856632
0.857596
0.857014
0.857349
0.856724
0.856766
0.857853
0.857456
0.857990
0.857076
0.856866
0.857688
0.857666
0.857148
0.857278
0.857695
0.857140
0.857397
0.857822
0.857394
0.858004
0.857027
0.857047
0.857163
0.857682
0.857472
0.858043
0.857016
0.857179
0.856712
0.857341
0.857600
0.857124
0.857651
0.857604
0.857494
0.857165
0.857834
0.857523
0.857617
0.857878
0.857420
0.857781
0.857776
0.857907
0.857767
0.856903
0.857186
0.857404
0.858059
0.858135
0.856856
0.857551
0.858095
0.857359
0.858138
0.858179
0.857649
0.858152
0.857483
0.857604
0.857082
0.857616
0.857361
0.856391
0.857154
0.858271
0.857441
0.858392
0.857401
0.857539
0.857740
0.857341
0.857546
0.857335
0.857403
0.857347
0.858199
0.857653
0.857749
0.857925
0.856448
0.857767
0.857033
0.857832
0.857821
0.857271
0.858332
0.857141
0.857017
0.857902
0.857341
0.857362
0.857335
0.858311
0.858205
0.857389
0.857508
0.857776
0.857167
0.857297

binsize 16
0.857799
0.857497
0.857407
0.857919
0.857442
0.857388
0.856866
0.857626
0.857742
0.857333
0.857139
0.856989
0.857397
0.856666
0.858031
0.856928
0.857560
0.856783
0.857396
0.857442
0.857675
0.857126
0.857599
0.857340
0.857281
0.857554
0.858165
0.857553
0.857076
0.857445
0.857665
0.857316
0.857642
0.857701
0.857701
0.857579
0.858554
0.857599
0.857795
0.857440
0.857773
0.857940
0.857740
0.857816
0.857255
0.857532
0.856998
0.857435
0.857506
0.857350
0.857677
0.857669
0.857841
0.857062
0.857123
0.857320
0.857770
0.858347
0.857424
0.857961
0.857231
0.856963
0.857710
0.857566
0.857593
0.857376
0.857837
0.857562
0.858234
0.857394
0.856873
0.857513
0.857687
0.857815
0.857152
0.857912
0.857755
0.857156
0.857305
0.857036
0.857310
0.857723
0.856971
0.857677
0.857213
0.857417
0.857609
0.857699
0.857037
0.857423
0.857758
0.857098
0.857027
0.857362
0.857628
0.857330
0.857679
0.857747
0.857601
0.857841
0.857335
0.857295
0.858097
0.857203
0.857727
0.858159
0.857900
0.857543
0.857349
0.856876
0.857712
0.857917
0.857470
0.857540
0.857441
0.857375
0.857926
0.857837
0.857108
0.857432
0.857546
0.857736
0.857459
0.857351
0.857823
0.857797
0.857642
0.857232

binsize 32
0.857648
0.857663
0.857415
0.857246
0.857537
0.857064
0.857032
0.857479
0.857172
0.857419
0.857401
0.857470
0.857418
0.857859
0.857260
0.857491
0.857672
0.857640
0.858076
0.857618
0.857857
0.857778
0.857394
0.857216
0.857428
0.857673
0.857452
0.857221
0.858058
0.857692
0.857097
0.857638
0.857485
0.857700
0.857814
0.857193
0.857751
0.857532
0.857456
0.857171
0.857516
0.857324
0.857315
0.857654
0.857230
0.857428
0.857194
0.857479
0.857713
0.857721
0.857315
0.857650
0.857943
0.857722
0.857113
0.857815
0.857505
0.857408
0.857882
0.857270
0.857641
0.857405
0.857810
0.857437
