
binsize 2
0.503557
0.507116
0.506394
0.503975
0.501519
0.498463
0.497954
0.495637
0.495338
0.497176
0.500481
0.498112
0.501529
0.501544
0.498099
0.499392
0.496025
0.495664
0.496148
0.497481
0.498093
0.496591
0.500237
0.497722
0.498191
0.497121
0.497673
0.498256
0.497971
0.495354
0.494805
0.497481
0.499623
0.499420
0.500000
0.500328
0.497000
0.495515
0.496236
0.499445
0.499811
0.499712
0.499607
0.500266
0.496134
0.498765
0.501332
0.502160
0.500650
0.499999
0.500058
0.499353
0.495981
0.495484
0.497130
0.499195
0.497684
0.498752
0.499232
0.500901
0.499761
0.499111
0.502640
0.504486
0.502633
0.499819
0.504057
0.500420
0.498100
0.497280
0.497325
0.498485
0.502040
0.501785
0.501660
0.502309
0.498537
0.498963
0.498203
0.497983
0.495786
0.494866
0.493048
0.490945
0.489233
0.489619
0.490206
0.490002
0.490779
0.489935
0.489942
0.490095
0.492051
0.495712
0.493694
0.496139
0.495076
0.492329
0.492992
0.492318
0.491964
0.492268
0.494882
0.494948
0.494961
0.495481
0.493356
0.493819
0.493920
0.494754
0.494014
0.497802
0.499060
0.498931
0.498688
0.496924
0.495662
0.495757
0.494919
0.493560
0.495471
0.492511
0.492082
0.493676
0.495896
0.492797
0.491318
0.492434
0.492149
0.490412
0.492620
0.493081
0.492645
0.492341
0.490558
0.489645
0.490550
0.492666
0.494678
0.494293
0.492778
0.494222
0.492988
0.491262
0.491872
0.497781
0.496763
0.495162
0.496946
0.497544
0.496070
0.496320
0.496170
0.494936
0.497676
0.496800
0.498181
0.497629
0.494773
0.495818
0.498596
0.497388
0.496705
0.496735
0.496232
0.493783
0.494484
0.493296
0.494153
0.493738
0.492552
0.492260
0.491191
0.488969
0.489087
0.489053
0.491056
0.491612
0.490011
0.492150
0.496860
0.496793
0.496374
0.495723
0.496149
0.494450
0.494860
0.493991
0.495055
0.493131
0.490902
0.491692
0.494007
0.495033
0.498388
0.496873
0.501645
0.500976
0.497271
0.501598
0.497735
0.496725
0.494121
0.495080
0.492814
0.492807
0.494390
0.495280
0.496411
0.495023
0.498097
0.497593
0.497988
0.496697
0.496140
0.495772
0.491739
0.491562
0.493385
0.492119
0.492622
0.493000
0.492771
0.490640
0.490092
0.490230
0.489374
0.488352
0.490415
0.490633
0.493152
0.492497
0.492409
0.492717
0.494563
0.492295
0.490724
0.491461
0.487555
0.489864
0.489832
0.490562
0.491206
0.492720
0.494742
0.495768
0.496894
0.496387
0.494434
0.494236
0.493562
0.493057
0.491201
0.492491
0.490570
0.490935
0.494090
0.490891
0.490156
0.492585
0.492584
0.493522
0.495553
0.493614
0.496216
0.495783
0.497765
0.497165
0.496622
0.497937
0.499334
0.498653
0.499275
0.500270
0.497333
0.496618
0.495454
0.497024
0.493760
0.493765
0.493217
0.494614
0.493404
0.491787
0.492387
0.493151
0.491458
0.491264
0.492573
0.494357
0.494008
0.497334
0.495968
0.495757
0.496134
0.497845
0.496207
0.496443
0.495196
0.495089
0.496392
0.499464
0.496869
0.496089
0.495461
0.495477
0.493495
0.491916
0.492461
0.493036
0.497405
0.496779
0.497967
0.500511
0.497608
0.494221
0.491657
0.489918
0.493233
0.495710
0.493669
0.493894
0.493409
0.495861
0.494314
0.492543
0.494288
0.496191
0.494798
0.494977
0.493210
0.489974
0.488291
0.489888
0.490710
0.489748
0.487642
0.489974
0.490837
0.492192
0.490733
0.491457
0.491410
0.491822
0.491580
0.491464
0.493424
0.495300
0.496570
0.495860
0.495026
0.499333
0.497535
0.495438
0.496607
0.494625
0.496265
0.496111
0.495917
0.493967
0.495021
0.495262
0.497181
0.496522
0.493259
0.495117
0.497931
0.493689
0.492671
0.494151
0.495551
0.496427
0.496942
0.497961
0.497885
0.497168
0.492865
0.492238
0.493277
0.491482
0.492548
0.492663
0.493141
0.491860
0.493867
0.494306
0.493661
0.497180
0.495462
0.493462
0.494780
0.496908
0.492906
0.492687
0.492165
0.494701
0.493279
0.490995
0.491237
0.492263
0.492015
0.489924
0.492132
0.490716
0.487880
0.490856
0.489739
0.491178
0.492610
0.493417
0.493497
0.492567
0.492553
0.492870
0.495159
0.496181
0.497481
0.495555
0.495413
0.495487
0.496255
0.495798
0.495676
0.493576
0.493432
0.492545
0.493185
0.493765
0.493497
0.494832
0.498424
0.494763
0.494441
0.495398
0.492182
0.491462
0.491382
0.493829
0.495055
0.493641
0.494696
0.494541
0.494301
0.496803
0.496267
0.497323
0.497482
0.496811
0.496904
0.494585
0.497229
0.494667
0.498292
0.496374
0.496760
0.498702
0.495426
0.498212
0.498532
0.495807
0.494515
0.494103
0.494905
0.495044
0.494030
0.491694
0.495435
0.498919
0.497072
0.499232
0.498023
0.498538
0.499026
0.499185
0.501888
0.501648
0.497154
0.495792
0.496600
0.495880
0.498313
0.498750
0.497474
0.498308
0.500498
0.498225
0.498981
0.497378
0.494673
0.496741
0.496885
0.497162
0.497118
0.498436
0.499105
0.496198
0.497077
0.496384
0.496172
0.496399
0.498973
0.498449
0.496266
0.496247
0.495254
0.497300
0.496119
0.497951
0.498633
0.495110
0.496786
0.497135
0.498367
0.495897
0.498697
0.498175
0.497694
0.495345
0.497713
0.494389
0.497248
0.497235
0.496346
0.496100
0.497135
0.494829
0.495175
0.496338
0.493516
0.493875
0.496367
0.497820
0.496670
0.494788
0.496745
0.496706
0.497084
0.499923
0.495386
0.494932
0.494322
0.494527
0.493713
0.497298
0.495956
0.495353
0.495166
0.498340
0.495880
0.495887
0.496961
0.497812
0.495971
0.499320
0.498263
0.496705
0.498142
0.498826
0.494675
0.495610
0.495958
0.496981
0.497180
0.496565
0.494606
0.496833
0.499442
0.497419
0.497534
0.498059
0.500942
0.500763
0.498990
0.500021
0.499947
0.497464
0.496850
0.498291
0.498048
0.494151
0.493353
0.492808
0.494083
0.493881
0.493974
0.497064
0.492905
0.491813
0.493089
0.493703
0.495372
0.495564
0.492794
0.491929
0.492507
0.492126
0.492945
0.491078
0.489667
0.491332
0.491318
0.491440
0.491433
0.494318
0.495842
0.495368
0.495728
0.493604
0.496453
0.498506
0.498226
0.500732
0.503707
0.500827
0.499748
0.500664
0.497250
0.498559
0.498421
0.499593
0.501246
0.497972
0.499059
0.499037
0.497424
0.495639
0.494333
0.492711
0.493836
0.495674
0.492454
0.491713
0.491810
0.491478
0.488654
0.489855
0.492316
0.495081
0.493146
0.494464
0.494595
0.494735
0.496295
0.497182
0.497026
0.496550
0.497128
0.494051
0.496703
0.496849
0.493196
0.495374
0.493463
0.494110
0.493886
0.494967
0.495190
0.496170
0.497152
0.495359
0.493626
0.492872
0.495698
0.495492
0.496391
0.496459
0.498390
0.500043
0.499060
0.498940
0.500372
0.497413
0.499134
0.497136
0.497380
0.496840
0.496046
0.497446
0.497371
0.493941
0.496020
0.494615
0.493763
0.495484
0.494610
0.496725
0.496305
0.496638
0.494124
0.495692
0.493954
0.494376
0.494959
0.495042
0.496840
0.495145
0.496013
0.494910
0.496429
0.494170
0.495797
0.498315
0.500559
0.499880
0.497265
0.496873
0.497344
0.497731
0.499309
0.496545
0.498243
0.498597
0.496220
0.498603
0.498551
0.498737
0.499473
0.495560
0.495247
0.496596
0.498555
0.497212
0.497158
0.499066
0.498339
0.498745
0.499170
0.496868
0.495072
0.497745
0.497592
0.498991
0.496078
0.494769
0.496880
0.495878
0.498455
0.499747
0.496809
0.498185
0.497277
0.497209
0.497925
0.500357
0.501744
0.501284
0.500798
0.500390
0.500417
0.500485
0.499265
0.500772
0.498235
0.498636
0.497939
0.499134
0.496521
0.497190
0.496662
0.499335
0.498691
0.499159
0.500179
0.499064
0.498765
0.500993
0.499629
0.498962
0.498598
0.499891
0.495663
0.498231
0.498514
0.499659
0.499556
0.499563
0.498168
0.496292
0.494756
0.496091
0.495252
0.498126
0.497161
0.497035
0.496068
0.495972
0.494206
0.495000
0.497673
0.494417
0.493724
0.493962
0.494150
0.497179
0.498001
0.500159
0.500068
0.497292
0.498896
0.497171
0.494117
0.493827
0.493978
0.496507
0.498766
0.497190
0.498510
0.497929
0.497526
0.498362
0.496496
0.498872
0.499105
0.498618
0.498938
0.500045
0.501910
0.502153
0.503514
0.500711
0.501969
0.500681
0.497580
0.495938
0.497451
0.497183
0.496045
0.494898
0.495000
0.496223
0.498729
0.499133
0.499119
0.497717
0.497013
0.498012
0.499679
0.498684
0.497027
0.496198
0.495403
0.498322
0.496276
0.497140
0.498127
0.497496
0.496441
0.495381
0.495957
0.496468
0.496164
0.498057
0.496646
0.493765
0.492383
0.494676
0.494982
0.493178
0.496122
0.492439
0.493312
0.493332
0.493203
0.494472
0.496257
0.498226
0.496118
0.498650
0.497792
0.496957
0.493739
0.495757
0.496965
0.495965
0.497225
0.496349
0.493506
0.493226
0.494747
0.492927
0.495405
0.497411
0.497871
0.499163
0.499503
0.497211
0.497813
0.497237
0.496891
0.494088
0.493488
0.496628
0.494218
0.495097
0.494117
0.495612
0.495405
0.495505
0.496739
0.495233
0.494843
0.492752
0.494278
0.497829
0.495615
0.495064
0.496216
0.496195
0.496520
0.498761
0.496622
0.496775
0.497447
0.498784
0.499069
0.498184
0.496769
0.495334
0.494242
0.494488
0.495108
0.496158
0.497291
0.495903
0.495445
0.495629
0.498131
0.499096
0.497089
0.496355
0.499832
0.499545
0.499403
0.501716
0.502545
0.503044
0.503127
0.500486
0.500345
0.500088
0.501611
0.498047
0.497889
0.496629
0.499314
0.497467
0.497475
0.497229
0.497978
0.500271
0.496536
0.499581
0.497297
0.497771
0.498601
0.498478
0.499737
0.496293
0.497139
0.495907
0.495623
0.495935
0.493126
0.493968
0.495862
0.494267
0.495255
0.497337
0.496813
0.492650
0.490428
0.492156
0.493584
0.494422
0.495935
0.494769
0.493659
0.494347
0.494242
0.495591
0.494880
0.494949
0.494143
0.494993
0.494582
0.495396
0.495442
0.496690
0.499472
0.500913
0.498390
0.497125
0.496966
0.495249
0.495956
0.497476
0.499711
0.504545
0.503504
0.503785
0.506385
0.502914
0.502449
0.498862
0.500377
0.498057
0.497068
0.498462
0.496329
0.497709
0.496505
0.496557
0.499299
0.496292
0.495947
0.499084
0.499366
0.497653
0.496447
0.495825
0.492559
0.491984
0.488214
0.489114
0.492130
0.493136
0.493459
0.495536
0.498605
0.500171
0.499519
0.500257
0.500491
0.501185
0.501987
0.501933
0.499586
0.498645
0.497059
0.494477
0.493044
0.493507
0.495916
0.494491
0.494547
0.494558
0.493374
0.494844
0.493284
0.490877
0.491345
0.491579
0.491930
0.494175
0.496499
0.495898
0.496858
0.497811
0.498691
0.497009
0.497546
0.498264
0.496855
0.498700
0.500690
0.498364
0.495415
0.496696
0.497086
0.497094
0.498468
0.499155
0.500262
0.498678
0.496107
0.495298
0.499869
0.500224
0.496725
0.497459
0.498650
0.497835
0.496839
0.496681
0.497285
0.495217
0.498609
0.496981
0.499608
0.498970
0.498504
0.498349
0.500101
0.501304
0.498809
0.495719
0.499449
0.501160
0.502398
0.505255
0.502759
0.501115
0.500837
0.500526
0.500167
0.498939
0.495496
0.495854
0.495836
0.494160
0.497408
0.498579
0.499869
0.497778
0.499307
0.499670
0.500916
0.499686
0.496908
0.499467
0.499838
0.500483
0.502038
0.500926
0.501291
0.501254
0.499242
0.496433
0.498366
0.496734
0.494326
0.496413
0.497739
0.499249
0.498929
0.496951
0.496611
0.497028
0.498145
0.497714
0.499566
0.500152
0.500956
0.501415
0.500557
0.497270
0.500625
0.499317
0.498398
0.497744
0.500911
0.501715
0.502888
0.501382
0.499636
0.499016
0.499254
0.499357
0.498923
0.500532
0.501335
0.504036
0.501924
0.502489
0.500386
0.501440
0.500704
0.500272
0.494901
0.495169
0.496800
0.498740
0.496530
0.497475
0.495041
0.492251
0.494383
0.497110
0.496043
0.495235
0.493233
0.493205
0.491937
0.493743
0.495127
0.492904
0.494628
0.496757
0.499427
0.500108
0.496386
0.494607
0.496180
0.496875
0.498425
0.494651
0.495985
0.494518
0.496929
0.497170
0.495666
0.497417
0.498991
0.497124
0.497387
0.498913
0.497961
0.497120
0.498680
0.498962
0.497577
0.497574
0.497973
0.500635
0.504007
0.499321
0.501042
0.505433
0.502936
0.502597
0.502543
0.503187
0.501817
0.499912
0.497473
0.496928
0.494944
0.496121
0.496885
0.494862
0.497819
0.498115
0.497392
0.497385
0.496040
0.497092
0.499676
0.495770
0.492636
0.493181
0.493217
0.492574
0.491274
0.494800
0.494623
0.495974
0.495691
0.493052
0.492728
0.493581
0.494290
0.498666
0.497300
0.498345
0.498223
0.495745
0.499479
0.502176
0.496308
0.494664
0.493004
0.494168
0.493385
0.493904
0.494069
0.496147
0.493486
0.493149
0.492965
0.493444
0.495131
0.494406
0.492221
0.491581
0.493198
0.491867
0.492353
0.492512
0.495217
0.497077
0.497795
0.497762
0.499208
0.495413
0.498436
0.497545
0.497606
0.499030
0.498297
0.498290
0.497789
0.496889
0.495743
0.496868
0.496807
0.496986
0.498054
0.502007
0.502417
0.501890
0.503762
0.504073
0.504468
0.501720
0.501979
0.502689
0.502647
0.501674
0.500751
0.502701
0.502497
0.498141
0.496445
0.495865
0.497099
0.495478
0.493411
0.492795
0.496415
0.494089
0.494854
0.491845
0.493382
0.493728
0.495025
0.499869
0.504004
0.500365
0.499522
0.499886
0.498812
0.496322
0.498729
0.499957
0.498109
0.496025
0.495102
0.493147
0.492135
0.493286
0.493655
0.493369
0.495136
0.494829
0.492606
0.495541
0.496426
0.496746
0.496393
0.496933
0.498133
0.498128
0.498553
0.496485
0.495497
0.494538
0.495641
0.494245
0.495105
0.498646
0.495882
0.493864
0.491684
0.491691
0.496467
0.493129
0.493022
0.495127
0.496336
0.495705
0.498130
0.498451
0.501160
0.500126
0.499246
0.499234
0.500578
0.502391
0.500789
0.503766
0.503452
0.504047
0.503622
0.504056
0.502368
0.498233
0.500792
0.499108
0.498980
0.498211
0.497547
0.494022
0.492712
0.493403
0.491204
0.491875
0.493914
0.492572
0.492140
0.493711
0.498302
0.495464
0.490951
0.491676
0.492330
0.495824
0.497056
0.498795
0.498622
0.496773
0.497207
0.496838
0.498389
0.496154
0.492956
0.494814
0.493416
0.493651
0.494311
0.495621
0.498296
0.498044
0.496519
0.498178
0.495646
0.495476
0.495373
0.494215
0.496298
0.497491
0.494308
0.494013
0.493187
0.491833
0.490817
0.491930
0.492739
0.495163
0.494895
0.491468
0.492690
0.495220
0.494202
0.496263
0.495953
0.494926
0.492001
0.494242
0.492532
0.493012
0.493605
0.495310
0.494792
0.495191
0.498695
0.495851
0.495183
0.495376
0.495610
0.495444
0.493313
0.496612
0.496152
0.493868
0.494328
0.491145
0.492463
0.492067
0.493814
0.494422
0.492852
0.491346
0.492478
0.492817
0.491311
0.491487
0.492936
0.491534
0.494187
0.497076
0.493369
0.492935
0.491442
0.491433
0.492146
0.492079
0.493950
0.493385
0.494191
0.492726
0.494623
0.495832
0.495420
0.494466
0.493723
0.491925
0.493926
0.493119
0.492517
0.492298
0.493427
0.493130
0.495276
0.497543
0.494228
0.493002
0.492539
0.490841
0.491370
0.495033
0.496161
0.495298
0.496142
0.495171
0.495675
0.497883
0.497999
0.500189
0.498744
0.496675
0.497088
0.497534
0.500273
0.504309
0.501158
0.500259
0.500453
0.498113
0.502053
0.503470
0.500860
0.497986
0.500337
0.498499
0.497165
0.499375
0.498459
0.498980
0.499211
0.496523
0.497530
0.496555
0.494217
0.493333
0.492795
0.491834
0.493702
0.494253
0.494753
0.496367
0.495578
0.497777
0.497438
0.495800
0.496257
0.497341
0.495518
0.493447
0.491946
0.492131
0.491709
0.490816
0.492048
0.490137
0.492720
0.493431
0.496222
0.495860
0.494882
0.495676
0.496715
0.497535
0.494553
0.495446
0.496092
0.497338
0.499511
0.497319
0.496355
0.499517
0.500997
0.499968
0.499080
0.498817
0.499929
0.499906
0.498303
0.499222
0.500605
0.501160
0.499774
0.502209
0.499380
0.497863
0.499741
0.500567
0.504386
0.504812
0.499133
0.501954
0.503144
0.502732
0.502362
0.498766
0.499972
0.500391
0.499561
0.498894
0.499880
0.498941
0.499494
0.497917
0.496955
0.496545
0.497517
0.498359
0.499077
0.495977
0.495247
0.495909
0.494947
0.497820
0.493919
0.494874
0.498917
0.498468
0.496954
0.497611
0.496680
0.494133
0.496738
0.497907
0.496754
0.494313
0.495100
0.494294
0.493867
0.493841
0.492992
0.493453
0.496046
0.497520
0.498913
0.500957
0.500069
0.497642
0.498351
0.500585
0.499679
0.495228
0.497804
0.499168
0.499830
0.496004
0.495569
0.493771
0.495420
0.497056
0.497878
0.493076
0.493757
0.493708
0.498267
0.497597
0.498607
0.498774
0.497004
0.495162
0.497335
0.496515
0.496528
0.496300
0.495562
0.494394
0.491169
0.490592
0.490205
0.492788
0.491253
0.488494
0.489181
0.490311
0.490862
0.490990
0.491410
0.491081
0.489938
0.489658
0.488452
0.490672
0.489292
0.491283
0.489910
0.490941
0.492674
0.493902
0.495078
0.495915
0.498261
0.495671
0.494419
0.491684
0.492905
0.491977
0.492546
0.492944
0.492517
0.491082
0.494843
0.495246
0.495725
0.496896
0.498907
0.496512
0.495567
0.495636
0.496641
0.496879
0.498646
0.497388
0.498008
0.493951
0.496537
0.494911
0.496852
0.497057
0.496155
0.495955
0.495829
0.494345
0.492915
0.494634
0.495344
0.496694
0.493799
0.493534
0.496117
0.496117
0.498370
0.499091
0.497258
0.497170
0.499386
0.503121
0.501391
0.500932
0.498932
0.496667
0.495527
0.495485
0.496693
0.498046
0.497414
0.497490
0.500015
0.495957
0.495156
0.496811
0.498652
0.499718
0.498697
0.495110
0.494624
0.493642
0.495026
0.494092
0.494058
0.494109
0.495102
0.492351
0.496974
0.498597
0.496357
0.494013
0.494786
0.496568
0.497243
0.498775
0.498634
0.495147
0.496660
0.496618
0.495128
0.496964
0.495648
0.495252
0.496423
0.495971
0.500949
0.500118
0.498098
0.496823
0.497709
0.498092
0.499085
0.496341
0.498710
0.499586
0.499212
0.499863
0.500253
0.500722
0.499641
0.500658
0.499119
0.496984
0.496855
0.497050
0.498801
0.499163
0.495271
0.497267
0.499032
0.496431
0.496229
0.496572
0.495542
0.498416
0.498331
0.498936
0.500342
0.503451
0.504309
0.503531
0.503236
0.502021
0.502016
0.500849
0.500526
0.500319
0.502067
0.501820
0.502853
0.499679
0.499944
0.500389
0.498127
0.501362
0.501515
0.503032
0.502592
0.501140
0.500254
0.502098
0.499525
0.500342
0.499117
0.498778
0.500385
0.498920
0.499314
0.497098
0.498633
0.498942
0.498794
0.501985
0.503298
0.502372
0.501709
0.500633
0.497822
0.497270
0.496031
0.497691
0.496570
0.499106
0.498010
0.495942
0.496937
0.499762
0.498805
0.500406
0.496650
0.498629
0.498594
0.498403
0.500008
0.500115
0.498363
0.499471
0.498072
0.498127
0.498489
0.499367
0.500034
0.498795
0.494759
0.495030
0.494636
0.496492
0.500168
0.500539
0.500839
0.498235
0.499773
0.500143
0.499974
0.499760
0.498200
0.498563
0.498491
0.496484
0.499927
0.497928
0.496066
0.494848
0.495043
0.494772
0.495155
0.495000
0.495792
0.495896
0.497422
0.501129
0.501214
0.500619
0.501624
0.501045
0.499226
0.500478
0.500476
0.497005
0.496830
0.499224
0.498179
0.497731
0.497717
0.495808
0.497039
0.493642
0.496250
0.496144
0.498863
0.501245
0.499604
0.498931
0.501506
0.502438
0.501220
0.499490
0.499653
0.498764
0.499178
0.498688
0.499499
0.499797
0.498443
0.496487
0.496166
0.495412
0.493918
0.493442
0.490212
0.491862
0.491209
0.492041
0.491839
0.492819
0.492933
0.493632
0.493798
0.492586
0.492884
0.492388
0.494874
0.494727
0.496646
0.495199
0.491809
0.494630
0.495472
0.495187
0.496221
0.493926
0.494660
0.495131
0.497694
0.498071
0.499831
0.500647
0.502874
0.500499
0.502141
0.501148
0.499848
0.499082
0.500060
0.500056
0.497974
0.494499
0.494381
0.493771
0.495808
0.494316
0.496281
0.497622
0.499032
0.499475
0.502034
0.500808
0.499008
0.497711
0.496570
0.497484
0.496696
0.495431
0.497638
0.499104
0.497514
0.493689
0.494664
0.493644
0.495394
0.493519
0.494321
0.496220
0.498256
0.498542
0.497301
0.497712
0.497446
0.500560
0.497436
0.498239
0.494833
0.495771
0.495561
0.493567
0.493648
0.495178
0.497102
0.494089
0.498338
0.499369
0.498624
0.497516
0.498478
0.496138
0.499299
0.500894
0.501377
0.500939
0.500435
0.498124
0.495976
0.493769
0.495245
0.492187
0.494112
0.495762
0.496564
0.494773
0.493740
0.493499
0.492865
0.490640
0.490892
0.490955
0.491111
0.489772
0.489607
0.488289
0.490128
0.492234
0.491297
0.491153
0.494197
0.492281
0.490678
0.491900
0.491931
0.492479
0.491373
0.493446
0.493205
0.492114
0.494514
0.492748
0.496017
0.493826
0.495371
0.494762
0.495313
0.493365
0.492784
0.496073
0.494215
0.493715
0.496469
0.494700
0.493944
0.496688
0.498935
0.498067
0.498150
0.494183
0.496564
0.497755
0.497298
0.497199
0.497462
0.498576
0.498827
0.497643
0.497264
0.497238
0.496474
0.497848
0.501278
0.502356
0.504689
0.502505
0.501947
0.498554
0.496530
0.498151
0.494736
0.497404
0.496306
0.498001
0.498861
0.496045
0.497280
0.497340
0.495876
0.494531
0.494911
0.494715
0.493263
0.492715
0.492983
0.494608
0.494157
0.495160
0.497497
0.497356
0.495770
0.494568
0.493307
0.494235
0.494392
0.495261
0.494822
0.496923
0.494381
0.495720
0.496728
0.497336
0.496282
0.494351
0.490648
0.492250
0.494383
0.492543
0.491647
0.494060
0.494814
0.492442
0.494203
0.497869
0.494538
0.495422
0.496225
0.496428
0.496766
0.494692
0.495669
0.497923
0.494692
0.495524
0.497111
0.498236
0.499012
0.499700
0.500285
0.498326
0.497412
0.499441
0.497741
0.498797
0.500565
0.500312
0.502127
0.498798
0.500672
0.499400
0.502138
0.501540
0.501490
0.499524
0.500011
0.499749
0.497827
0.496441
0.496133
0.497352
0.497634
0.496198
0.496627
0.493479
0.494953
0.495137
0.494497
0.495489
0.494372
0.496383
0.493196
0.493120
0.491811
0.494857
0.494694
0.495524
0.492724
0.493878
0.492509
0.491552
0.492197
0.489553
0.491223
0.491055
0.491970
0.491306
0.490854
0.486770
0.490536
0.491861
0.492609
0.492746
0.490160
0.495036
0.493543
0.490350
0.490262
0.495234
0.497273
0.496501
0.492855
0.493780
0.495722
0.495619
0.493399
0.495463
0.493169
0.492493
0.493073
0.493592
0.495177
0.495608
0.498917
0.498714
0.496349
0.497165
0.494611
0.495246
0.497031
0.496727
0.496110
0.496366
0.494854
0.494515
0.493419
0.495174
0.496908
0.495319
0.493522
0.493916
0.494125
0.496542
0.498050
0.496765
0.496344
0.496728
0.496643
0.498518
0.496354
0.496239
0.497348
0.499607
0.500136
0.496951
0.497343
0.497504
0.496393
0.498643
0.500599
0.497279
0.498781
0.500511
0.499951
0.500980
0.501635
0.500371
0.501396
0.502732
0.501944
0.500111
0.500533
0.500260
0.497990
0.498043
0.501748
0.500913
0.500804
0.499315
0.496577
0.496991
0.497298
0.500257
0.501459
0.498975
0.498470
0.498245
0.498154
0.497860
0.495414
0.494470
0.495946
0.496741
0.497202
0.496703
0.497542
0.493147
0.495965
0.495933
0.494863
0.493724
0.494984
0.495326
0.496277
0.495535
0.495665
0.492721
0.493999
0.493976
0.495833
0.497379
0.495639
0.498211
0.497347
0.496023
0.500380
0.502916
0.500174
0.499342
0.496333
0.494878
0.494922
0.493487
0.495949
0.500619
0.496630
0.494763
0.497352
0.499546
0.502449
0.502962
0.501443
0.500206
0.500719
0.497382
0.499558
0.500692
0.501803
0.501346
0.503623
0.504322
0.503261
0.500656
0.500041
0.499679
0.500522
0.499069
0.500205
0.495939
0.499249
0.499705
0.497944
0.497914
0.495969
0.497587
0.498566
0.499015
0.501179
0.498070
0.498810
0.500761
0.499670
0.500743
0.500808
0.499388
0.499473
0.500832
0.500401
0.500157
0.501525
0.500312
0.498250
0.500134
0.498932
0.500831
0.501229
0.499521
0.498250
0.499875
0.500072
0.497602
0.498889
0.498570
0.501607
0.503706
0.505394
0.506082
0.503849
0.503248
0.503320
0.501314
0.501678
0.504626
0.500424
0.501118
0.504224
0.502685
0.502191
0.502583
0.499485
0.500282
0.501788
0.501957
0.501616
0.501777
0.497943
0.496982
0.497971
0.495107
0.496604
0.497576
0.495853
0.496674
0.497547
0.499356
0.498359
0.496246
0.498857
0.496242
0.494622
0.494316
0.494506
0.492278
0.494883
0.492617
0.492834
0.492823
0.494591
0.495323
0.495154
0.496751
0.494830
0.495053
0.497360
0.495746
0.497271
0.497513
0.497960
0.499006
0.496353
0.497234
0.496490
0.498325
0.497673
0.497374
0.494611
0.492517
0.494436
0.494798
0.494254
0.493759
0.493867
0.495273
0.494798
0.491426
0.491593
0.489657
0.493047
0.495273
0.495968
0.498929
0.497655
0.498039
0.496571
0.493729
0.497328
0.497403
0.498430
0.498049
0.498970
0.498287
0.494129
0.496294
0.494872
0.493354
0.492959
0.492346
0.492325
0.492301
0.493591
0.497101
0.496231
0.497746
0.497144
0.494841
0.497257
0.494878
0.494404
0.495757
0.497965
0.496709
0.493262
0.493854
0.494022
0.495524
0.496327
0.497323
0.495799
0.498012
0.498252
0.497955
0.497347
0.495293
0.495876
0.496811
0.497008
0.497963
0.498218
0.497507
0.497232
0.496365
0.496072
0.494800
0.495135
0.494070
0.495308
0.493743
0.494570
0.494026
0.495951
0.495742
0.493927
0.494125
0.497543
0.496373
0.499961
0.498697
0.496989
0.492496
0.493473
0.495922
0.496892
0.497502
0.498609
0.498910
0.496644
0.495055
0.495199
0.495376
0.493848
0.492718
0.493436
0.494747
0.494922
0.494284
0.494798
0.493159
0.495301
0.495876
0.493888
0.496565
0.498753
0.497010
0.497424
0.495160
0.495035
0.495267
0.494085
0.492655
0.496562
0.495785
0.496933
0.497637
0.497298
0.496991
0.496468
0.496195
0.494543
0.495012
0.496203
0.494599
0.495782
0.497385
0.496398
0.494066
0.493391
0.493560
0.492650
0.493131
0.493808
0.493044
0.491789
0.494132
0.496314
0.496271
0.496614
0.496574
0.496151
0.494796
0.494306
0.495862
0.495197
0.494242
0.492357
0.494646
0.495045
0.497453
0.496589
0.496074
0.497213
0.498277
0.500344
0.500830
0.499871
0.498980
0.499395
0.498571
0.499156
0.497719
0.498662
0.497052
0.498479
0.498066
0.497247
0.497072
0.497582
0.498406
0.497786
0.497511
0.495496
0.493612
0.495349
0.497682
0.499036
0.504165
0.499599
0.497924
0.499111
0.500628
0.500311
0.497543
0.497342
0.497535
0.498139
0.497377
0.499176
0.497126
0.497486
0.498243
0.494235
0.497594
0.498541
0.496437
0.496794
0.499513
0.500307
0.496810
0.494920
0.496071
0.496082
0.493450
0.491197
0.493358
0.493579
0.494167
0.491663
0.491905
0.495485
0.496276
0.496794
0.495496
0.495032
0.496718
0.497477
0.494669
0.493207
0.497073
0.496615
0.495385
0.498136
0.499960
0.498261
0.495733
0.497612
0.498002
0.498765
0.495358
0.499014
0.498200
0.498674
0.498937
0.496676
0.496671
0.492235
0.490690
0.493412
0.493591
0.495440
0.495068
0.495484
0.497477
0.497425
0.497678
0.499275
0.496397
0.495298
0.498449
0.496437
0.498724
0.499282
0.500734
0.500697
0.502339
0.501963
0.501320
0.500359
0.499331
0.496366
0.497255
0.497928
0.498495
0.499595
0.499207
0.500206
0.500733
0.501035
0.501361
0.498825
0.497336
0.497222
0.497036
0.495012
0.494933
0.497596
0.499086
0.497668
0.498580
0.500397
0.500489
0.500197
0.499031
0.498316
0.498543
0.499367
0.502912
0.503839
0.503215
0.503884
0.501877
0.502032
0.502042
0.504036
0.505391
0.507003
0.505131
0.504238
0.502708
0.504244
0.500747
0.500537
0.500010
0.498057
0.500202
0.499906
0.499586
0.500290
0.499582
0.500871
0.500844
0.501299
0.498693
0.496245
0.497939
0.497875
0.496957
0.497899
0.496880
0.498542
0.496001
0.496113
0.492808
0.496268
0.494511
0.494933
0.495854
0.495622
0.496855
0.495117
0.497853
0.498367
0.495620
0.496125
0.494832
0.495546
0.495164
0.494566
0.496694
0.497894
0.495521
0.497027
0.495530
0.497803
0.497637
0.499455
0.499197
0.498190
0.498134
0.499953
0.496946
0.502144
0.500301
0.498868
0.497752
0.500060
0.499879
0.500571
0.503566
0.504827
0.503409
0.499296
0.499463
0.497873
0.495174
0.496003
0.495711
0.497752
0.498394
0.497788
0.499120
0.498798
0.500071
0.502052
0.502676
0.500016
0.502548
0.501580
0.502420
0.501597
0.502077
0.501351
0.498286
0.499712
0.499501
0.497956
0.500088
0.500195
0.500034
0.500793
0.498813
0.499187
0.498580
0.497497
0.497253
0.495851
0.496615
0.494891
0.497716
0.496923
0.495144
0.496045
0.496594
0.494060
0.495773
0.495137
0.494817
0.494606
0.492523
0.493319
0.492502
0.492270
0.491686
0.493353
0.494834
0.495161
0.492626
0.494828
0.493562
0.493074
0.495015
0.495061
0.495927
0.496434
0.494506
0.495440
0.498381
0.497310
0.498888
0.496834
0.496600
0.497070
0.496720
0.497874
0.498162
0.498973
0.495494
0.496646
0.495203
0.493041
0.493192
0.494318
0.494371
0.492793
0.494598
0.497397
0.496880
0.498003
0.500513
0.500135
0.499113
0.498839
0.497554
0.497902
0.494457
0.495230
0.495425
0.496391
0.496073
0.494530
0.495805
0.496892
0.497015
0.495581
0.496250
0.494796
0.495399
0.495377
0.499322
0.498747
0.499255
0.499462
0.498031
0.497272
0.496872
0.497312
0.496477
0.495132
0.495903
0.495135
0.494201
0.495408
0.496184
0.498672
0.498100
0.499514
0.500804
0.498984
0.499544
0.496330
0.496674
0.495808
0.496690
0.496792
0.495881
0.495355
0.493547
0.493441
0.493930
0.493161
0.495054
0.497767
0.495643
0.496854
0.494707
0.495085
0.494940
0.496776
0.499016
0.497773
0.496319
0.496896
0.499009
0.499280
0.499666
0.496673
0.495731
0.496634
0.493731
0.493585
0.495559
0.493550
0.493677
0.493654
0.493518
0.492095
0.491506
0.493724
0.494837
0.493719
0.493334
0.493929
0.493405
0.491208
0.489746
0.490147
0.491415
0.491881
0.493975
0.495680
0.495533
0.495650
0.494759
0.492513
0.493509
0.493103
0.491837
0.495031
0.495513
0.497490
0.495914
0.495097
0.495233
0.495498
0.494711
0.491122
0.493381
0.495588
0.491725
0.493075
0.492966
0.495222
0.497273
0.497894
0.496219
0.493547
0.493813
0.494280
0.494636
0.494406
0.492977
0.494254
0.496553
0.495123
0.497884
0.497182
0.498043
0.495956
0.497719
0.497453
0.496225
0.497626
0.497276
0.500738
0.500952
0.497144
0.499538
0.497936
0.501875
0.500761
0.500132
0.502415
0.504591
0.505270
0.502684
0.501935
0.501690
0.501513
0.501569
0.501510
0.501470
0.501670
0.499746
0.500163
0.498494
0.497623
0.499642
0.501370
0.503946
0.502553
0.503626
0.499091
0.497472
0.496698
0.493582
0.492121
0.490239
0.490436
0.493561
0.494961
0.493990
0.491185
0.490407
0.490741
0.491593
0.492299
0.494683
0.495996
0.498032
0.496351
0.497230
0.494335
0.495939
0.497309
0.494205
0.494901
0.496849
0.495840
0.496133
0.497421
0.498578
0.498366
0.498967
0.500900
0.497831
0.500361
0.499268
0.500473
0.502046
0.499104
0.498360
0.500959
0.503185
0.502860
0.500201
0.499892
0.496921
0.498411
0.497714
0.501242
0.500569
0.499951
0.496251
0.495971
0.497642
0.496633
0.496711
0.496049
0.497698
0.496631
0.495215
0.494087
0.494496
0.496611
0.495909
0.494361
0.497099
0.493672
0.493871
0.496153
0.494429
0.493110
0.494684
0.494942
0.494835
0.492323
0.496642
0.496286
0.497515
0.496328
0.498340
0.497749
0.496550
0.498231
0.497135
0.499248
0.497688
0.496954
0.496834
0.494691
0.495632
0.495885
0.496833
0.496192
0.497185
0.495758
0.494462
0.493306
0.493954
0.493100
0.496324
0.497923
0.498742
0.497236
0.496005
0.490991
0.490589
0.492920
0.493352
0.489832
0.490458
0.490358
0.491242
0.493883
0.492845
0.495801
0.493990
0.492627
0.492586
0.493564
0.492604
0.492453
0.495308
0.495059
0.492216
0.492006
0.493439
0.493968
0.494684
0.496570
0.496898
0.495674
0.496334
0.495329
0.496682
0.497772
0.501616
0.500148
0.499820
0.500692
0.502118
0.498641
0.500133
0.500894
0.499475
0.497044
0.500896
0.499702
0.501459
0.501099
0.502603
0.502076
0.502662
0.503540
0.501499
0.502385
0.503009
0.501350
0.499600
0.502190
0.499543
0.499014
0.500085
0.497756
0.498295
0.500146
0.498518
0.493753
0.496402
0.495896
0.497710
0.496277
0.496621
0.495904
0.497308
0.497278
0.496946
0.495768
0.496180
0.497933
0.502039
0.500030
0.498465
0.497709
0.496231
0.496851
0.497261
0.499806
0.499580
0.501143
0.499443
0.499482
0.499125
0.498351
0.500098
0.500209
0.497490
0.496525
0.495521
0.495153
0.496414
0.496830
0.498003
0.496519
0.496486
0.495268
0.496240
0.496397
0.496413
0.494409
0.494742
0.494908
0.495418
0.496785
0.496191
0.497340
0.498120
0.498899
0.499403
0.500198
0.501034
0.497924
0.498725
0.499700
0.500555
0.499831
0.498964
0.499947
0.499162
0.497928
0.499773
0.499713
0.499962
0.497225
0.497623
0.500713
0.497036
0.496682
0.500051
0.499280
0.497819
0.498116
0.498916
0.497970
0.494449
0.495636
0.499504
0.498915
0.498752
0.497285
0.498896
0.500272
0.501339
0.500167
0.500071
0.497593
0.497208
0.499101
0.500242
0.498197
0.501715
0.500532
0.499325
0.498314
0.500208
0.499669
0.496887
0.498120
0.495889
0.499102
0.498334
0.494574
0.497192
0.499283
0.498106
0.499086
0.498359
0.502551
0.501106
0.501746
0.500288
0.500005
0.498025
0.499625
0.498042
0.496782
0.498479
0.495910
0.495660
0.497682
0.498031
0.498490
0.497020
0.496163
0.499382
0.504453
0.498246
0.497479
0.497014
0.496373
0.498641
0.498295
0.500051
0.497511
0.497958
0.497790
0.496513
0.497884
0.495888
0.495453
0.494374
0.498853
0.498997
0.496315
0.496234
0.495019
0.498776
0.499833
0.497348
0.498932
0.499784
0.498330
0.492892
0.493296
0.494347
0.494635
0.493319
0.494478
0.498737
0.498865
0.498105
0.495237
0.494998
0.496727
0.497860
0.497861
0.498142
0.498445
0.500322
0.496584
0.498350
0.497701
0.497271
0.496322
0.494874
0.496712
0.495247
0.496508
0.498206
0.499514
0.497056
0.501247
0.502409
0.499252
0.497725
0.499688
0.498454
0.498865
0.495248
0.496994
0.496403
0.496481
0.496746
0.495570
0.495176
0.493537
0.490976
0.491922
0.495833
0.490718
0.491130
0.492744
0.493253
0.491519
0.494202
0.492654
0.494712
0.493881
0.494268
0.494022
0.493597
0.494985
0.496782
0.493484
0.493482
0.496122
0.495574
0.495441
0.496878
0.492615
0.491822
0.493054
0.491780
0.489885
0.489719
0.492982
0.493336
0.494597
0.493077
0.493098
0.494209
0.493965
0.495821
0.495992
0.494168
0.493896
0.491929
0.489626
0.491494
0.494782
0.494336
0.496257
0.497110
0.498386
0.502068
0.498947
0.499744
0.498945
0.498023
0.498390
0.500087
0.501411
0.499390
0.497499
0.496918
0.494896
0.493125
0.494008
0.494131
0.492052
0.493593
0.495226
0.494734
0.495995
0.495670
0.494244
0.497081
0.499939
0.500905
0.503865
0.500806
0.503058
0.501431
0.502726
0.504522
0.504555
0.501196
0.498980
0.500123
0.500340
0.498663
0.500079
0.496443
0.495952
0.499533
0.498970
0.497896
0.497418
0.498627
0.497439
0.499799
0.499766
0.494709
0.495067
0.495187
0.496133
0.493072
0.494501
0.493195
0.494213
0.494940
0.498107
0.496958
0.495812
0.491210
0.489021
0.491076
0.491758
0.489496
0.488770
0.487348
0.490633
0.492177
0.493088
0.492373
0.491765
0.490911
0.491011
0.491889
0.496262
0.494719
0.496008
0.495639
0.495189
0.496594
0.495977
0.492909
0.493368
0.495846
0.494296
0.495536
0.495247
0.498060
0.494231
0.494275
0.495491
0.493363
0.494679
0.496994
0.497302
0.496661
0.497846
0.498180
0.498196
0.495577
0.501409
0.500279
0.500021
0.499848
0.498574
0.499873
0.495790
0.496400
0.497814
0.498381
0.496095
0.494279
0.494886
0.496097
0.497960
0.497951
0.497766
0.500186
0.501940
0.501621
0.501155
0.502051
0.500400
0.500366
0.503591
0.502134
0.498777
0.498318
0.499014
0.499989
0.498062
0.498896
0.501939
0.501530
0.502953
0.501243
0.498796
0.500182
0.502716
0.503917
0.501547
0.498851
0.495789
0.499129
0.497561
0.499286
0.496262
0.498543
0.500219
0.497562
0.499573
0.499943
0.499210
0.503041
0.501870
0.501546
0.501570
0.502089
0.502528
0.501831
0.502138
0.500622
0.498477
0.496199
0.497429
0.497205
0.498245
0.499103
0.502158
0.501136
0.500036
0.498348
0.500073
0.500626
0.500231
0.499419
0.500526
0.500817
0.499042
0.498073
0.498255
0.499338
0.496240
0.499291
0.496175
0.496567
0.496052
0.495323
0.494447
0.495041
0.495123
0.495313
0.497896
0.494996
0.492823
0.494402
0.495290
0.492928
0.493898
0.496671
0.493816
0.493292
0.495021
0.495189
0.493141
0.494684
0.498662
0.499181
0.499484
0.496833
0.497280
0.495108
0.494364
0.495190
0.494469
0.495057
0.495077
0.499677
0.499288
0.498893
0.498070
0.499341
0.499060
0.500787
0.497720
0.499434
0.502072
0.501104
0.498290
0.497847
0.498502
0.496462
0.496755
0.497674
0.495385
0.500745
0.500511
0.500278
0.498280
0.498288
0.500332
0.498875
0.502093
0.499918
0.498085
0.497621
0.498393
0.500299
0.500343
0.500674
0.498406
0.497528
0.497966
0.494439
0.495840
0.497879
0.500251
0.497347
0.498810
0.499712
0.499921
0.495250
0.496589
0.496538
0.496762
0.498340
0.498191
0.498827
0.498070
0.498343
0.499185
0.495810
0.495474
0.497687
0.499648
0.498397
0.496653
0.496695
0.492682
0.491988
0.491127
0.492169
0.493450
0.492543
0.493666
0.495260
0.497356
0.495889
0.496232
0.497354
0.500686
0.499745
0.498300
0.495689
0.493587
0.496860
0.496466
0.495021
0.498221
0.499352
0.499935
0.497757
0.496569
0.494255
0.497112
0.496356
0.496212
0.497835
0.498113
0.499206
0.498769
0.497943
0.498785
0.501258
0.500424
0.501195
0.500552
0.500199
0.497889
0.496218
0.493694
0.496668
0.498760
0.500101
0.499623
0.495348
0.495052
0.496821
0.498700
0.495609
0.496139
0.498703
0.496040
0.494132
0.497355
0.496939
0.495427
0.495004
0.495023
0.493540
0.494523
0.490201
0.490637
0.490161
0.489920
0.490152
0.492203
0.489446
0.491879
0.493813
0.491078
0.489308
0.493882
0.493163
0.495346
0.495549
0.495043
0.494435
0.493244
0.492388
0.491393
0.491479
0.491735
0.491369
0.491315
0.492453
0.492919
0.492132
0.492858
0.495608
0.497938
0.495071
0.494389
0.491004
0.494639
0.495832
0.495199
0.494797
0.491854
0.491321
0.494903
0.496024
0.493157
0.490246
0.490285
0.490696
0.490142
0.490024
0.492622
0.491862
0.492726
0.490824
0.493187
0.492939
0.493805
0.495387
0.496150
0.495563
0.496738
0.496001
0.496168
0.497530
0.498312
0.497120
0.497385
0.500161
0.497850
0.498450
0.498645
0.497408
0.497858
0.499546
0.500544
0.498816
0.497332
0.495742
0.498337
0.498494
0.499033
0.501363
0.497851
0.496760
0.492839
0.494422
0.496126
0.496319
0.497773
0.497498
0.496910
0.496504
0.497196
0.496990
0.496827
0.496974
0.496235
0.493956
0.497753
0.499603
0.499727
0.497803
0.495584
0.496073
0.496021
0.498092
0.496692
0.497652
0.497333
0.497842
0.498658
0.495446
0.496107
0.496890
0.493600
0.494177
0.496818
0.496615
0.494827
0.495228
0.496116
0.494836
0.496657
0.496435
0.497475
0.497015
0.496710
0.494755
0.496990
0.500037
0.499581
0.501448
0.498184
0.497434
0.499040
0.495932
0.495245
0.494303
0.491888
0.493729
0.493032
0.493731
0.495495
0.496888
0.495730
0.493390
0.494144
0.494135
0.497537
0.498931
0.499257
0.497540
0.499230
0.496152
0.494800
0.495026
0.498043
0.499494
0.500117
0.499965
0.498266
0.493080
0.492469
0.496782
0.496728
0.497399
0.495402
0.494285
0.493721
0.495704
0.494701
0.496267
0.496501
0.496848
0.493183
0.491548
0.495103
0.494613
0.496432
0.496123
0.497498
0.497154
0.493754
0.492369
0.495316
0.494123
0.496139
0.495981
0.495153
0.495375
0.494583
0.496137
0.494433
0.492797
0.493801
0.492360
0.495330
0.496416
0.497832
0.500089
0.498640
0.496259
0.498237
0.496462
0.496410
0.496642
0.496328
0.493587
0.494056
0.489899
0.492021
0.490349
0.493498
0.494668
0.494759
0.491650
0.493876
0.496165
0.494302
0.491132
0.491444
0.491779
0.495518
0.494708
0.494559
0.494376
0.496712
0.495082
0.495299
0.493725
0.494651
0.497542
0.494195
0.495087
0.492660
0.491677
0.492677
0.492778
0.492187
0.493594
0.492880
0.494365
0.493275
0.494788
0.492985
0.492418
0.491843
0.492352
0.491253
0.490423
0.487881
0.489673
0.488537
0.488187
0.489628
0.491328
0.489573
0.488814
0.492000
0.490360

binsize 4
0.505336
0.505184
0.499991
0.496795
0.496257
0.499297
0.501536
0.498746
0.495845
0.496814
0.497342
0.498979
0.497656
0.497965
0.496662
0.496143
0.499522
0.500164
0.496258
0.497841
0.499762
0.499937
0.497450
0.501746
0.500325
0.499705
0.495733
0.498162
0.498218
0.500066
0.499436
0.503563
0.501226
0.502238
0.497690
0.497905
0.501912
0.501984
0.498750
0.498093
0.495326
0.491996
0.489426
0.490104
0.490357
0.490019
0.493881
0.494917
0.493703
0.492655
0.492116
0.494915
0.495221
0.493588
0.494337
0.495908
0.498995
0.497806
0.495710
0.494240
0.493991
0.492879
0.494346
0.491876
0.491280
0.492851
0.492493
0.490102
0.491608
0.494485
0.493500
0.492125
0.494827
0.495963
0.497245
0.496195
0.495553
0.497238
0.497905
0.495295
0.497992
0.496720
0.495008
0.493890
0.493946
0.492406
0.490080
0.489070
0.491334
0.491080
0.496827
0.496049
0.495299
0.494425
0.494093
0.491297
0.494520
0.497631
0.501311
0.499435
0.497230
0.494600
0.492810
0.494835
0.495717
0.497845
0.497342
0.495956
0.491650
0.492752
0.492811
0.491706
0.490161
0.488863
0.490524
0.492825
0.492563
0.493429
0.491092
0.488710
0.490197
0.491963
0.495255
0.496641
0.494335
0.493309
0.491846
0.490753
0.492490
0.491371
0.493053
0.494583
0.496000
0.497465
0.497279
0.498993
0.499773
0.496975
0.496239
0.493763
0.493916
0.492595
0.492769
0.491361
0.493465
0.495671
0.495863
0.496989
0.496325
0.495143
0.497928
0.496479
0.495469
0.492705
0.492748
0.497092
0.499239
0.495914
0.490787
0.494471
0.493782
0.494635
0.493429
0.495239
0.494887
0.491592
0.489090
0.490229
0.488808
0.491515
0.491095
0.491616
0.491522
0.494362
0.496215
0.497180
0.496486
0.495616
0.496188
0.494942
0.495142
0.496852
0.494188
0.495810
0.493411
0.495989
0.497452
0.497526
0.492551
0.492379
0.492605
0.492500
0.494087
0.495420
0.494462
0.495844
0.492797
0.493433
0.492137
0.491750
0.490970
0.491424
0.489368
0.490459
0.493014
0.493032
0.492711
0.495670
0.496518
0.495450
0.496027
0.494626
0.492988
0.493475
0.494165
0.496593
0.494919
0.491822
0.492606
0.494348
0.494618
0.495552
0.496795
0.497147
0.495745
0.495948
0.497333
0.497731
0.496819
0.497169
0.494309
0.494974
0.492862
0.497177
0.498152
0.498281
0.499106
0.501768
0.496473
0.496240
0.498532
0.497891
0.499362
0.498180
0.495707
0.497023
0.497777
0.497652
0.496731
0.496286
0.498711
0.496257
0.496277
0.497035
0.496872
0.496960
0.497132
0.498436
0.496520
0.496051
0.497241
0.496223
0.495982
0.495757
0.493695
0.497094
0.495729
0.496726
0.498504
0.495159
0.494425
0.495506
0.495654
0.496753
0.495883
0.497387
0.497645
0.497484
0.498484
0.495143
0.496470
0.496872
0.495720
0.498430
0.497796
0.500852
0.499506
0.498706
0.497570
0.496100
0.493080
0.493982
0.495519
0.492359
0.493396
0.495468
0.492361
0.492317
0.492011
0.490499
0.491379
0.492875
0.495605
0.494666
0.497480
0.499479
0.502267
0.500206
0.497904
0.499007
0.499609
0.499048
0.496532
0.493522
0.494755
0.492083
0.491644
0.489254
0.493699
0.493805
0.494665
0.496739
0.496788
0.495590
0.496776
0.494285
0.493786
0.494427
0.495680
0.496256
0.493249
0.495595
0.496425
0.499217
0.499000
0.498893
0.498135
0.497110
0.496746
0.495656
0.495317
0.494623
0.495668
0.496472
0.494908
0.494165
0.495001
0.495993
0.495462
0.495299
0.497056
0.500219
0.497069
0.497538
0.497927
0.498420
0.497411
0.498644
0.497517
0.495922
0.497883
0.498112
0.498542
0.498019
0.496409
0.498291
0.495423
0.496379
0.499101
0.497497
0.497243
0.499141
0.501514
0.500594
0.500451
0.500018
0.498435
0.498537
0.496856
0.497998
0.498925
0.499621
0.499879
0.499295
0.499244
0.496947
0.499086
0.499559
0.497230
0.495423
0.496689
0.497098
0.496020
0.494603
0.496045
0.493843
0.495665
0.499080
0.498680
0.498033
0.493972
0.495242
0.497978
0.498220
0.497944
0.497684
0.498861
0.499492
0.502031
0.502113
0.501325
0.496759
0.497317
0.495472
0.495612
0.498931
0.498418
0.497513
0.499182
0.496613
0.496862
0.496708
0.497812
0.495911
0.496213
0.497110
0.495205
0.493529
0.494080
0.494280
0.493322
0.493838
0.497242
0.497384
0.497375
0.494748
0.496465
0.496787
0.493366
0.493837
0.496408
0.498517
0.498357
0.497525
0.495489
0.495058
0.494657
0.494864
0.495455
0.495986
0.493798
0.496054
0.495340
0.496206
0.497641
0.496698
0.498115
0.498626
0.496051
0.494365
0.495633
0.496597
0.495537
0.498613
0.496722
0.499689
0.500559
0.502794
0.501807
0.500216
0.499829
0.497259
0.498390
0.497352
0.499125
0.498058
0.497534
0.498540
0.498015
0.496523
0.495779
0.493547
0.495065
0.496296
0.494732
0.491292
0.494003
0.495352
0.494003
0.494916
0.494914
0.494568
0.494989
0.496066
0.500193
0.497757
0.496107
0.496716
0.502128
0.503644
0.504650
0.500655
0.499217
0.497765
0.497019
0.496531
0.497795
0.497516
0.498509
0.496136
0.492271
0.488664
0.492633
0.494497
0.499388
0.499888
0.500838
0.501960
0.499116
0.495768
0.493276
0.495203
0.494552
0.494109
0.492080
0.491462
0.493052
0.496198
0.497334
0.497850
0.497905
0.497777
0.499527
0.496055
0.497090
0.498811
0.499470
0.495703
0.500046
0.497092
0.498243
0.496760
0.496251
0.497795
0.499289
0.498427
0.500702
0.497264
0.500305
0.503826
0.501937
0.500682
0.499553
0.495675
0.494998
0.497994
0.498824
0.499488
0.500301
0.498188
0.500160
0.501482
0.501272
0.497838
0.497550
0.495369
0.498494
0.497940
0.496820
0.497929
0.499859
0.501185
0.498913
0.499971
0.498071
0.501313
0.502135
0.499326
0.499306
0.499728
0.502686
0.502206
0.500913
0.500488
0.495035
0.497770
0.497003
0.493646
0.495747
0.495639
0.493219
0.492840
0.494016
0.495693
0.499768
0.495496
0.496528
0.496538
0.495251
0.497050
0.496541
0.498057
0.498150
0.497540
0.498821
0.497575
0.499304
0.501664
0.503238
0.502767
0.502865
0.500865
0.497201
0.495533
0.495873
0.497967
0.497389
0.496566
0.497723
0.492909
0.492896
0.493037
0.495298
0.494371
0.493154
0.496478
0.497822
0.496984
0.500827
0.495486
0.493586
0.493644
0.495108
0.493317
0.493204
0.494768
0.491901
0.492532
0.492433
0.496147
0.497779
0.497311
0.497990
0.498318
0.498293
0.497339
0.496306
0.496897
0.500031
0.502154
0.503918
0.503094
0.502334
0.502160
0.501726
0.500319
0.496155
0.496289
0.493103
0.495252
0.493350
0.493555
0.497447
0.502185
0.499704
0.497567
0.499343
0.497067
0.494125
0.492711
0.493512
0.494982
0.494073
0.496586
0.496663
0.498130
0.497519
0.495017
0.494943
0.496876
0.494873
0.491687
0.494798
0.494075
0.496021
0.498290
0.500643
0.499240
0.501485
0.502277
0.503750
0.503839
0.500300
0.499950
0.498595
0.495785
0.493058
0.491540
0.493243
0.492926
0.496883
0.491313
0.494077
0.497926
0.497697
0.497023
0.497271
0.493885
0.493533
0.494966
0.498170
0.497348
0.495561
0.494794
0.496894
0.494161
0.492510
0.491374
0.493951
0.493182
0.493955
0.495232
0.495439
0.493122
0.492772
0.494458
0.494992
0.497273
0.495279
0.495527
0.494963
0.495010
0.492736
0.492265
0.494118
0.492099
0.492648
0.491399
0.492235
0.495631
0.493152
0.491437
0.492113
0.493667
0.493458
0.495228
0.494943
0.492824
0.493522
0.492407
0.493278
0.496409
0.493615
0.491690
0.493201
0.495729
0.495656
0.496779
0.499094
0.497709
0.497311
0.502291
0.500708
0.499283
0.502761
0.499423
0.499418
0.498270
0.498719
0.497867
0.497043
0.493775
0.492314
0.493978
0.495560
0.496677
0.496619
0.496799
0.494482
0.492038
0.491263
0.491092
0.493075
0.496041
0.495279
0.497125
0.495000
0.496715
0.498415
0.497936
0.500483
0.498948
0.499918
0.498762
0.500883
0.500992
0.498621
0.500154
0.504599
0.500544
0.502938
0.500564
0.500182
0.499227
0.499411
0.498705
0.496750
0.497938
0.497527
0.495578
0.496383
0.494396
0.498693
0.497282
0.495407
0.497322
0.495533
0.494697
0.493854
0.493223
0.496783
0.499935
0.498855
0.499468
0.497453
0.498486
0.497917
0.494670
0.496238
0.495477
0.493733
0.497932
0.498690
0.496083
0.496925
0.496414
0.494978
0.490880
0.491496
0.489873
0.489746
0.490926
0.491246
0.489798
0.489562
0.490288
0.490425
0.493288
0.495497
0.496966
0.493052
0.492441
0.492745
0.491800
0.495044
0.496311
0.497710
0.495602
0.496760
0.498017
0.495979
0.495724
0.496954
0.496055
0.495087
0.493774
0.496019
0.493666
0.496117
0.498731
0.497214
0.501253
0.501161
0.497800
0.495506
0.497369
0.497452
0.497986
0.495984
0.499185
0.496904
0.494133
0.494559
0.494084
0.493726
0.497785
0.495185
0.495677
0.498009
0.496890
0.496639
0.496046
0.495450
0.496197
0.500534
0.497461
0.497900
0.497713
0.499148
0.499537
0.500487
0.500149
0.498051
0.496952
0.498982
0.496269
0.497732
0.496401
0.496979
0.498633
0.501897
0.503920
0.502628
0.501432
0.500422
0.501943
0.501266
0.500166
0.499744
0.502273
0.501866
0.501176
0.499934
0.498947
0.499653
0.498206
0.498787
0.500390
0.502835
0.501171
0.497546
0.496861
0.497838
0.496976
0.498349
0.499605
0.497640
0.498499
0.500061
0.498917
0.498100
0.498928
0.499414
0.494894
0.495564
0.500353
0.499537
0.499958
0.499867
0.498382
0.497488
0.498927
0.495457
0.494908
0.495077
0.495844
0.499276
0.500917
0.501334
0.499852
0.498741
0.498027
0.497955
0.496763
0.495341
0.496197
0.500054
0.499267
0.501972
0.500355
0.499209
0.498933
0.499648
0.497465
0.495789
0.493680
0.491037
0.491625
0.492329
0.493282
0.493192
0.492636
0.494801
0.495922
0.493219
0.495329
0.495073
0.494895
0.497883
0.500239
0.501686
0.501644
0.499465
0.500058
0.496236
0.494076
0.495062
0.496952
0.499254
0.501421
0.498360
0.497027
0.496064
0.498371
0.495602
0.494154
0.494456
0.495271
0.498399
0.497506
0.499003
0.497838
0.495302
0.494564
0.494413
0.495595
0.498853
0.498070
0.497308
0.500096
0.501158
0.499280
0.494872
0.493716
0.494937
0.495669
0.493619
0.491753
0.490923
0.490441
0.488948
0.491181
0.491225
0.493239
0.491289
0.492205
0.492409
0.492660
0.493631
0.494922
0.495066
0.494339
0.494428
0.493965
0.495585
0.495316
0.498501
0.496166
0.497159
0.497248
0.498019
0.498235
0.497251
0.497161
0.501817
0.503597
0.500250
0.497340
0.496070
0.497153
0.497453
0.497310
0.495204
0.494813
0.492989
0.493796
0.494659
0.497427
0.495169
0.493771
0.494826
0.495872
0.495051
0.497032
0.495317
0.491449
0.493463
0.492854
0.493628
0.496036
0.494980
0.496326
0.495729
0.496796
0.495108
0.497673
0.499356
0.499305
0.498426
0.498269
0.500438
0.500462
0.500036
0.501839
0.500507
0.499880
0.497134
0.496742
0.496916
0.495053
0.495045
0.494993
0.495377
0.493158
0.493334
0.495109
0.493301
0.492030
0.490875
0.491139
0.491638
0.488812
0.491198
0.492678
0.492598
0.491946
0.492748
0.496887
0.493317
0.495671
0.494431
0.492831
0.493333
0.495393
0.498815
0.496757
0.494929
0.496879
0.496238
0.494685
0.494296
0.496114
0.493719
0.495334
0.497407
0.496536
0.497580
0.496296
0.498478
0.498544
0.497423
0.497518
0.498939
0.499646
0.500465
0.501003
0.502064
0.501027
0.500397
0.498017
0.501330
0.500060
0.496784
0.498777
0.500217
0.498357
0.498007
0.494942
0.496343
0.496952
0.495345
0.495949
0.494293
0.495155
0.495906
0.494193
0.493988
0.496606
0.496925
0.496685
0.501648
0.499758
0.495606
0.494205
0.498284
0.495697
0.498449
0.502705
0.500824
0.499050
0.500125
0.501574
0.503972
0.501959
0.499860
0.499795
0.498072
0.499477
0.497929
0.496778
0.498791
0.499625
0.499786
0.500206
0.500098
0.500152
0.500279
0.500919
0.499192
0.499881
0.500375
0.499063
0.498837
0.498729
0.502657
0.505738
0.503548
0.502317
0.503152
0.500771
0.503455
0.502387
0.499884
0.501873
0.501697
0.497462
0.496539
0.497090
0.496263
0.498452
0.497303
0.497550
0.494469
0.493392
0.493750
0.492828
0.494957
0.495952
0.494942
0.496553
0.497392
0.498483
0.496794
0.497408
0.497524
0.493564
0.494617
0.494006
0.494570
0.493112
0.490625
0.494160
0.497448
0.497847
0.495150
0.497365
0.498240
0.498628
0.495212
0.494113
0.492653
0.492313
0.495346
0.496989
0.495993
0.496068
0.495081
0.497337
0.493558
0.494773
0.496825
0.496905
0.498103
0.496320
0.496343
0.497485
0.497862
0.496799
0.495436
0.494603
0.494525
0.494298
0.495846
0.494026
0.496958
0.499329
0.494743
0.494697
0.497197
0.498759
0.495849
0.495288
0.493283
0.494091
0.494603
0.493978
0.495588
0.495226
0.497882
0.496292
0.495151
0.493370
0.496173
0.497285
0.497144
0.496331
0.494777
0.495401
0.496583
0.495232
0.493475
0.492890
0.493426
0.492960
0.496293
0.496594
0.495473
0.495084
0.494719
0.493502
0.496249
0.496331
0.497745
0.500587
0.499425
0.498983
0.498437
0.497857
0.498273
0.497160
0.497994
0.497648
0.494554
0.496516
0.501601
0.498761
0.499870
0.498927
0.497438
0.497758
0.498151
0.497865
0.495915
0.497489
0.498154
0.498558
0.495495
0.494766
0.492277
0.493873
0.491784
0.495880
0.496145
0.495875
0.496073
0.495140
0.496000
0.499048
0.496997
0.497807
0.497062
0.498607
0.498806
0.496673
0.491463
0.493502
0.495254
0.496481
0.497551
0.497836
0.496873
0.497580
0.500008
0.501518
0.501641
0.499845
0.496810
0.498212
0.499401
0.500469
0.501198
0.498080
0.497129
0.494972
0.498341
0.498124
0.500443
0.499614
0.498430
0.501139
0.503527
0.502881
0.502037
0.504713
0.506067
0.503473
0.502496
0.500274
0.499130
0.499746
0.499936
0.500858
0.499996
0.497092
0.497416
0.497389
0.497272
0.494461
0.495389
0.495393
0.496239
0.496485
0.496994
0.495478
0.495355
0.495630
0.496708
0.496278
0.497720
0.499326
0.498162
0.498450
0.501223
0.498310
0.499970
0.502068
0.504118
0.499379
0.496524
0.495857
0.498073
0.498454
0.499434
0.502364
0.501282
0.502000
0.501837
0.499818
0.499607
0.499022
0.500115
0.499803
0.498884
0.497375
0.496233
0.496304
0.496034
0.496319
0.494916
0.494977
0.493565
0.492910
0.491978
0.494094
0.493893
0.494195
0.494045
0.495494
0.495470
0.496910
0.498099
0.496717
0.496895
0.498018
0.497234
0.495924
0.493117
0.494344
0.493695
0.497139
0.499258
0.499624
0.498196
0.496180
0.495328
0.496232
0.495168
0.496954
0.495915
0.495097
0.497349
0.499001
0.498747
0.497072
0.496895
0.495518
0.494668
0.495796
0.498386
0.500159
0.499264
0.496502
0.496249
0.496337
0.494451
0.493686
0.494107
0.496705
0.495780
0.495012
0.497896
0.497046
0.497953
0.499473
0.496202
0.495183
0.494572
0.493614
0.493586
0.491801
0.494280
0.493526
0.493667
0.490477
0.490781
0.492928
0.495607
0.495205
0.493011
0.492470
0.495272
0.496702
0.495165
0.495104
0.492252
0.493656
0.493020
0.496247
0.497057
0.493680
0.494458
0.493692
0.495404
0.496503
0.497612
0.496837
0.496839
0.497451
0.500845
0.498341
0.499905
0.500446
0.503503
0.503977
0.501812
0.501541
0.501490
0.500708
0.499328
0.498632
0.502658
0.503090
0.498281
0.495140
0.491180
0.491998
0.494476
0.490796
0.491167
0.493491
0.497014
0.496791
0.495137
0.495757
0.495875
0.495987
0.497999
0.498666
0.499365
0.499814
0.501259
0.498732
0.502072
0.501531
0.498406
0.498062
0.500905
0.498101
0.496807
0.496672
0.496873
0.495923
0.494292
0.496260
0.495730
0.493772
0.495291
0.493897
0.494888
0.494482
0.496901
0.497334
0.497149
0.497683
0.498468
0.496894
0.495161
0.496359
0.496689
0.495110
0.493630
0.494712
0.498333
0.496620
0.490790
0.493136
0.490145
0.490800
0.493364
0.494895
0.492607
0.493084
0.493880
0.493637
0.492723
0.494326
0.496734
0.496004
0.496006
0.499694
0.499984
0.501405
0.499387
0.500185
0.498970
0.500581
0.501851
0.502369
0.502520
0.502697
0.500475
0.500866
0.499549
0.498026
0.499332
0.495077
0.496803
0.496449
0.496606
0.497112
0.495974
0.499986
0.499247
0.496970
0.497056
0.499693
0.500293
0.499304
0.499224
0.498850
0.496023
0.495784
0.497416
0.496502
0.495754
0.496405
0.494576
0.495163
0.496488
0.497730
0.499151
0.500616
0.498325
0.500128
0.499398
0.499554
0.498851
0.499837
0.497424
0.498875
0.498366
0.498550
0.498516
0.496210
0.497570
0.498834
0.498090
0.500806
0.500119
0.497401
0.499672
0.499956
0.499928
0.499261
0.498278
0.497004
0.498718
0.495883
0.498694
0.498722
0.501829
0.501017
0.499015
0.498833
0.497630
0.495785
0.497856
0.497755
0.497773
0.501350
0.497247
0.497507
0.499173
0.497734
0.497151
0.496886
0.494914
0.498925
0.496274
0.496897
0.498591
0.499358
0.495611
0.493821
0.493977
0.496608
0.498485
0.495117
0.497293
0.498001
0.499384
0.497467
0.497486
0.495598
0.495980
0.497357
0.498285
0.501828
0.498488
0.499071
0.497056
0.496699
0.496614
0.495373
0.492257
0.493877
0.490924
0.492999
0.492861
0.493683
0.494075
0.493809
0.495884
0.493483
0.495848
0.496159
0.492218
0.492417
0.489802
0.493159
0.493837
0.493653
0.494893
0.495080
0.492913
0.490560
0.494559
0.496684
0.500227
0.499345
0.498484
0.499239
0.500401
0.497208
0.494010
0.494070
0.492823
0.494980
0.495832
0.495663
0.500422
0.502336
0.502244
0.503624
0.502876
0.499552
0.499501
0.498261
0.497743
0.498433
0.498023
0.498619
0.497238
0.495127
0.494602
0.493848
0.494576
0.497532
0.493511
0.490048
0.490627
0.488059
0.491405
0.492731
0.491338
0.491450
0.495490
0.495823
0.495891
0.494443
0.494607
0.494916
0.496653
0.494253
0.494427
0.495836
0.496981
0.498013
0.496887
0.500844
0.499935
0.499223
0.496095
0.498097
0.495187
0.495491
0.497955
0.498976
0.501781
0.501603
0.500383
0.502863
0.498548
0.499501
0.498479
0.501735
0.502098
0.499489
0.503316
0.500199
0.497459
0.498423
0.497403
0.498891
0.499758
0.501126
0.501708
0.501829
0.502180
0.501380
0.497338
0.497317
0.498674
0.501647
0.499192
0.500349
0.499825
0.500671
0.498557
0.498796
0.497766
0.496371
0.495687
0.494744
0.495218
0.496446
0.493613
0.494109
0.495285
0.493554
0.495105
0.493913
0.498922
0.498159
0.496194
0.494777
0.494763
0.497377
0.499091
0.498706
0.499924
0.498577
0.501588
0.498068
0.497482
0.497214
0.498065
0.500395
0.498284
0.499604
0.501006
0.497853
0.499346
0.500509
0.497967
0.496203
0.496859
0.498799
0.499261
0.497585
0.496564
0.497551
0.498509
0.498206
0.497498
0.496580
0.499022
0.496674
0.492335
0.491648
0.492997
0.494463
0.496623
0.496793
0.500216
0.496994
0.495224
0.495744
0.498787
0.498846
0.495412
0.496734
0.497024
0.498659
0.498356
0.500021
0.500809
0.500375
0.497054
0.495181
0.499431
0.497485
0.495936
0.497155
0.497421
0.495086
0.497147
0.495216
0.494281
0.492362
0.490399
0.490036
0.490824
0.492846
0.490193
0.493522
0.495447
0.494739
0.492816
0.491436
0.491552
0.491884
0.492526
0.494233
0.496504
0.492697
0.495235
0.494998
0.491588
0.495463
0.491701
0.490491
0.490083
0.492242
0.491775
0.493063
0.494596
0.495857
0.496370
0.496849
0.497716
0.498773
0.498150
0.498027
0.498702
0.499680
0.496537
0.498416
0.500198
0.497306
0.493630
0.496223
0.497635
0.496707
0.497093
0.496901
0.495096
0.498678
0.498765
0.495829
0.497057
0.497172
0.497587
0.497052
0.496498
0.493889
0.496716
0.495028
0.495476
0.496546
0.497245
0.495733
0.498514
0.500515
0.497809
0.497486
0.494774
0.492809
0.493381
0.496191
0.494560
0.494140
0.498234
0.498398
0.497691
0.494913
0.498769
0.500041
0.495673
0.494625
0.497064
0.494843
0.494713
0.495484
0.496674
0.492365
0.494858
0.496277
0.497326
0.493062
0.494719
0.496060
0.495264
0.495360
0.493615
0.493081
0.495873
0.498961
0.497450
0.497349
0.496526
0.494957
0.491977
0.491185
0.494083
0.493204
0.495020
0.492717
0.491612
0.495113
0.494467
0.495897
0.494512
0.496096
0.494641
0.492168
0.492728
0.492890
0.493622
0.494032
0.492701
0.492097
0.490838
0.488777
0.488362
0.490478
0.489193
0.491180

binsize 8
0.505260
0.498393
0.497777
0.500141
0.496330
0.498161
0.497810
0.496403
0.499843
0.497049
0.499849
0.499598
0.500015
0.496947
0.499142
0.501499
0.501732
0.497798
0.501948
0.498421
0.493661
0.489765
0.490188
0.494399
0.493179
0.493516
0.494404
0.495123
0.498401
0.494975
0.493435
0.493111
0.492066
0.491297
0.493047
0.492812
0.495395
0.496720
0.496396
0.496600
0.497356
0.494449
0.493176
0.489575
0.491207
0.496438
0.494862
0.492695
0.496075
0.500373
0.495915
0.493823
0.496781
0.496649
0.492201
0.492258
0.489512
0.491674
0.492996
0.489901
0.491080
0.495948
0.493822
0.491299
0.491931
0.493818
0.496732
0.498136
0.498374
0.495001
0.493255
0.492065
0.494568
0.496426
0.495734
0.497204
0.494087
0.494920
0.497577
0.492629
0.494208
0.494334
0.493240
0.489659
0.490161
0.491356
0.492942
0.496697
0.496051
0.495565
0.495997
0.494999
0.494700
0.497489
0.492465
0.492553
0.494753
0.495153
0.493115
0.491943
0.491197
0.489913
0.493023
0.494191
0.495984
0.495326
0.493232
0.495379
0.493371
0.493477
0.495085
0.496971
0.495846
0.497532
0.496994
0.494642
0.495020
0.498216
0.500437
0.496357
0.498211
0.498771
0.496365
0.497714
0.496508
0.497484
0.496656
0.496916
0.497784
0.496285
0.496732
0.495869
0.495394
0.496227
0.496831
0.494965
0.496204
0.496635
0.497564
0.496813
0.496671
0.497075
0.499324
0.499106
0.496835
0.493531
0.493939
0.494432
0.492339
0.491255
0.492127
0.495136
0.498479
0.501237
0.498455
0.499329
0.495027
0.493419
0.490449
0.493752
0.495702
0.496189
0.495530
0.494106
0.495968
0.494422
0.497821
0.498947
0.497623
0.496201
0.494970
0.496070
0.494536
0.495497
0.495381
0.498638
0.497303
0.498174
0.498028
0.496719
0.497998
0.498281
0.497350
0.495901
0.498299
0.498192
0.501054
0.500235
0.498486
0.497427
0.499273
0.499587
0.498096
0.499323
0.496327
0.496893
0.495312
0.494944
0.497372
0.498356
0.494607
0.498099
0.497814
0.499177
0.502072
0.499042
0.496394
0.497271
0.497965
0.497897
0.496785
0.496861
0.496661
0.494367
0.494180
0.493580
0.497313
0.496061
0.496626
0.493601
0.497463
0.497941
0.495274
0.494761
0.495721
0.494926
0.495773
0.497169
0.498371
0.495208
0.496115
0.497075
0.498205
0.501677
0.501011
0.498544
0.497871
0.498591
0.498037
0.497269
0.494663
0.495680
0.493012
0.494677
0.494460
0.494741
0.495527
0.498975
0.496412
0.502886
0.502652
0.498491
0.496775
0.497656
0.497323
0.490468
0.493565
0.499638
0.501399
0.497442
0.494239
0.494331
0.491771
0.494625
0.497592
0.497841
0.497791
0.497951
0.497586
0.498569
0.497501
0.497023
0.498858
0.498983
0.502065
0.501309
0.497614
0.496496
0.499156
0.499244
0.500821
0.499555
0.496460
0.498217
0.497374
0.500522
0.499442
0.499692
0.500730
0.499517
0.502446
0.500701
0.496402
0.495324
0.495693
0.493030
0.494854
0.497632
0.496533
0.496150
0.497299
0.497845
0.498198
0.500484
0.503002
0.501865
0.496367
0.496920
0.496977
0.495316
0.492966
0.494835
0.494816
0.497403
0.498156
0.493615
0.494213
0.493986
0.492216
0.494290
0.497545
0.498154
0.497816
0.496601
0.501092
0.503506
0.502247
0.501022
0.496222
0.494178
0.493452
0.499816
0.498636
0.498205
0.493418
0.494247
0.495330
0.497396
0.496268
0.495909
0.493280
0.494436
0.497156
0.499942
0.501881
0.503794
0.500125
0.497190
0.492299
0.493084
0.494098
0.496001
0.497360
0.495578
0.494250
0.497759
0.495178
0.495528
0.491942
0.493566
0.494593
0.494281
0.493615
0.496132
0.495403
0.494986
0.492501
0.493108
0.492023
0.493933
0.492295
0.492890
0.494343
0.493883
0.492965
0.494844
0.492653
0.494465
0.496218
0.498402
0.499801
0.499996
0.501092
0.498844
0.498293
0.495409
0.493146
0.496119
0.496709
0.493260
0.491177
0.494558
0.496202
0.495857
0.498176
0.499716
0.499340
0.500937
0.499388
0.502571
0.501751
0.499705
0.499058
0.497344
0.496553
0.495390
0.497987
0.496365
0.495115
0.493538
0.498359
0.499162
0.497970
0.496293
0.495857
0.495832
0.497387
0.496669
0.492929
0.490685
0.490336
0.490522
0.489925
0.491857
0.496231
0.492747
0.492272
0.495678
0.496656
0.497389
0.495852
0.496505
0.494431
0.494843
0.497424
0.499234
0.499480
0.496438
0.497719
0.497584
0.495518
0.494322
0.495756
0.495431
0.497450
0.496343
0.495824
0.498997
0.497807
0.499343
0.500318
0.497502
0.497626
0.497066
0.497806
0.502909
0.502030
0.501183
0.500716
0.501009
0.501521
0.499440
0.498929
0.499589
0.502003
0.497204
0.497407
0.498977
0.498069
0.499489
0.498514
0.497154
0.497959
0.499748
0.499124
0.498208
0.495183
0.495461
0.500096
0.500593
0.498384
0.497359
0.495769
0.499661
0.501164
0.499071
0.498556
0.494735
0.491331
0.492806
0.492914
0.495362
0.494274
0.494984
0.499061
0.501665
0.499761
0.495156
0.496007
0.500337
0.497694
0.497217
0.494878
0.494864
0.497953
0.498420
0.494933
0.495004
0.498462
0.498702
0.500219
0.494294
0.495303
0.492686
0.490682
0.490065
0.492232
0.491747
0.492535
0.494276
0.494703
0.494197
0.495450
0.497334
0.497204
0.498127
0.497206
0.502707
0.498795
0.496612
0.497381
0.495008
0.493392
0.496043
0.494470
0.495349
0.496041
0.493383
0.493159
0.494832
0.495653
0.496263
0.496391
0.499331
0.498348
0.500450
0.500937
0.500194
0.496938
0.495984
0.495019
0.494268
0.494221
0.492665
0.491007
0.490225
0.491938
0.492272
0.494817
0.494494
0.493631
0.494363
0.497786
0.495904
0.495461
0.495205
0.494526
0.496971
0.496938
0.498511
0.497471
0.499293
0.500734
0.501546
0.499207
0.500695
0.497781
0.499287
0.496475
0.496648
0.495647
0.494724
0.495050
0.495297
0.496805
0.500703
0.494905
0.496990
0.500577
0.499937
0.500849
0.502965
0.499828
0.498774
0.497353
0.499208
0.499996
0.500125
0.500599
0.499537
0.499719
0.498783
0.504197
0.502933
0.501962
0.502921
0.500878
0.499580
0.496815
0.497358
0.497426
0.493930
0.493289
0.495455
0.495747
0.497937
0.497101
0.495544
0.494312
0.493841
0.492392
0.497648
0.496258
0.498434
0.494662
0.492483
0.496167
0.496030
0.496209
0.494166
0.496865
0.497212
0.496914
0.497331
0.495019
0.494412
0.494936
0.498144
0.494720
0.497978
0.495569
0.493687
0.494291
0.495407
0.497087
0.494261
0.496729
0.496738
0.495089
0.495908
0.493183
0.493193
0.496443
0.495279
0.494111
0.496290
0.499166
0.499204
0.498147
0.497716
0.497821
0.495535
0.500181
0.499398
0.497598
0.498008
0.496702
0.498356
0.495131
0.493075
0.493832
0.496010
0.495606
0.497524
0.497402
0.497834
0.497740
0.492482
0.495867
0.497694
0.497227
0.500763
0.500743
0.497511
0.499935
0.499639
0.496051
0.498232
0.500028
0.499785
0.503204
0.503375
0.504770
0.501385
0.499438
0.500397
0.498544
0.497403
0.495866
0.495391
0.496362
0.496236
0.495493
0.496493
0.498523
0.498306
0.499766
0.501019
0.501749
0.496190
0.498263
0.500899
0.501641
0.500828
0.499314
0.499959
0.498129
0.496268
0.496177
0.494947
0.493238
0.493036
0.494044
0.494770
0.496190
0.497408
0.497457
0.496579
0.493731
0.495417
0.499441
0.497188
0.495780
0.496061
0.495506
0.498175
0.497909
0.496206
0.495232
0.499273
0.497883
0.496293
0.494069
0.495406
0.495396
0.497471
0.498713
0.495692
0.494093
0.492693
0.493903
0.492072
0.491855
0.495406
0.492741
0.495987
0.495135
0.492954
0.494634
0.495368
0.494075
0.495953
0.497225
0.497145
0.499593
0.500176
0.503740
0.501677
0.501099
0.498980
0.502874
0.496711
0.491589
0.492636
0.492329
0.496902
0.495447
0.495931
0.498333
0.499590
0.499996
0.501801
0.498234
0.499503
0.496739
0.496398
0.495276
0.494751
0.494594
0.494685
0.497117
0.497416
0.497681
0.495760
0.495899
0.494171
0.497476
0.491963
0.490472
0.494130
0.492845
0.493759
0.493524
0.496369
0.497850
0.500694
0.499786
0.499775
0.502110
0.502608
0.500671
0.498787
0.497205
0.496626
0.496859
0.497980
0.498109
0.498375
0.499799
0.499037
0.495903
0.496959
0.496079
0.494869
0.497109
0.499883
0.499226
0.499476
0.499344
0.498149
0.498458
0.497363
0.498202
0.499448
0.498760
0.499814
0.499595
0.497641
0.497300
0.498708
0.501423
0.498924
0.496708
0.497806
0.499561
0.497377
0.498454
0.497019
0.496919
0.496586
0.498974
0.494716
0.495292
0.496801
0.497647
0.498425
0.496542
0.496668
0.500057
0.498780
0.496877
0.495993
0.493067
0.491961
0.493272
0.493942
0.494683
0.496004
0.492318
0.491480
0.493745
0.494987
0.491737
0.495621
0.499786
0.498861
0.498804
0.494040
0.493901
0.495748
0.501379
0.502934
0.501214
0.498881
0.498088
0.498321
0.496182
0.494225
0.496054
0.491780
0.489343
0.492068
0.491394
0.495657
0.495167
0.494762
0.495453
0.495132
0.497497
0.498865
0.499579
0.497096
0.495339
0.498466
0.501692
0.501623
0.499024
0.500107
0.500794
0.501758
0.497941
0.498147
0.500442
0.501769
0.501780
0.497327
0.500160
0.499771
0.500248
0.498677
0.497068
0.495216
0.495832
0.493861
0.494419
0.494509
0.498540
0.495486
0.496070
0.498898
0.499251
0.499828
0.497348
0.499230
0.498944
0.499429
0.499927
0.497085
0.497829
0.498423
0.497057
0.498358
0.497039
0.497848
0.491992
0.493730
0.496708
0.498605
0.495484
0.498816
0.496073
0.497842
0.499189
0.500592
0.496117
0.498458
0.496545
0.496253
0.496181
0.493322
0.490218
0.491835
0.491858
0.495093
0.492126
0.491718
0.493379
0.494600
0.495117
0.493525
0.491096
0.491163
0.492419
0.495226
0.496609
0.498244
0.498088
0.499191
0.497476
0.498752
0.494927
0.497171
0.496997
0.496887
0.497297
0.497114
0.497319
0.495194
0.495872
0.496011
0.496489
0.499514
0.497648
0.493791
0.494786
0.494350
0.498316
0.496302
0.499405
0.495149
0.495953
0.495098
0.494520
0.495568
0.495194
0.495390
0.495312
0.493348
0.497417
0.497400
0.495742
0.491581
0.493644
0.493869
0.493363
0.495182
0.495304
0.493405
0.492809
0.493827
0.492399
0.489808
0.489420
0.490187

binsize 16
0.501827
0.498959
0.497245
0.497106
0.498446
0.499724
0.498481
0.500321
0.499765
0.500185
0.491713
0.492293
0.493347
0.494763
0.496688
0.493273
0.491681
0.492930
0.496057
0.496498
0.495903
0.491375
0.493822
0.493779
0.498224
0.494869
0.496715
0.492230
0.490593
0.491449
0.493514
0.492561
0.492874
0.497434
0.496687
0.492660
0.495497
0.496469
0.494504
0.495103
0.494271
0.491450
0.490759
0.494820
0.495808
0.495498
0.496095
0.492509
0.494953
0.492529
0.490555
0.493607
0.495655
0.494305
0.493424
0.496028
0.496689
0.495818
0.496618
0.498397
0.498491
0.497040
0.496996
0.496786
0.497035
0.496301
0.495811
0.495898
0.496419
0.497189
0.496873
0.499215
0.495183
0.494186
0.491797
0.493631
0.499858
0.498892
0.494223
0.492100
0.495945
0.494818
0.495195
0.498384
0.496912
0.495520
0.495016
0.497009
0.497739
0.497373
0.498139
0.496626
0.498245
0.500644
0.497957
0.499430
0.498709
0.496610
0.495128
0.497864
0.496353
0.498495
0.500557
0.496833
0.497931
0.496823
0.495514
0.493880
0.496687
0.495114
0.497702
0.495017
0.495323
0.496471
0.496789
0.496595
0.499941
0.499778
0.498231
0.497653
0.495172
0.493845
0.494600
0.497251
0.499649
0.500572
0.497215
0.493895
0.496602
0.499420
0.494285
0.493198
0.497717
0.497871
0.498078
0.497262
0.498921
0.501687
0.497055
0.499200
0.500188
0.497338
0.498948
0.499567
0.500123
0.501573
0.495863
0.494361
0.496243
0.496342
0.497572
0.499341
0.502433
0.496643
0.496147
0.493901
0.496110
0.495886
0.494100
0.493253
0.497849
0.497209
0.502299
0.501635
0.495200
0.496634
0.498420
0.493833
0.496363
0.496089
0.493858
0.498549
0.502838
0.498658
0.492691
0.495050
0.496469
0.496004
0.495353
0.492754
0.494437
0.494874
0.495195
0.492804
0.492978
0.492592
0.494113
0.493904
0.493559
0.497310
0.499898
0.499968
0.496851
0.494632
0.494985
0.492868
0.496030
0.498946
0.500139
0.500979
0.500728
0.498201
0.495971
0.497176
0.494327
0.498760
0.497132
0.495845
0.497028
0.491807
0.490429
0.490891
0.494489
0.493975
0.497022
0.496178
0.494637
0.498329
0.497959
0.497652
0.494920
0.495593
0.496896
0.497410
0.498575
0.498910
0.497346
0.500357
0.501606
0.500862
0.500481
0.499259
0.499603
0.498192
0.498779
0.497834
0.498853
0.498666
0.495322
0.500345
0.497871
0.497715
0.500117
0.496646
0.492068
0.494138
0.494629
0.500363
0.497459
0.498172
0.497455
0.494871
0.498186
0.494969
0.498582
0.497256
0.493994
0.490373
0.491990
0.493405
0.494450
0.496392
0.497665
0.499956
0.497703
0.496195
0.494717
0.494910
0.494712
0.493995
0.495958
0.497861
0.499399
0.500565
0.496461
0.494643
0.493443
0.490616
0.492105
0.494656
0.493997
0.496845
0.495333
0.495749
0.497724
0.498382
0.501140
0.499951
0.498534
0.496561
0.495186
0.495173
0.498754
0.495948
0.500257
0.501907
0.499301
0.498280
0.500060
0.500068
0.499251
0.503565
0.502441
0.500229
0.497086
0.495678
0.494372
0.496842
0.496322
0.494076
0.495020
0.497346
0.493573
0.496099
0.495187
0.497038
0.497122
0.494716
0.496540
0.496349
0.494628
0.494849
0.495674
0.496733
0.495499
0.493188
0.495861
0.495200
0.499185
0.497932
0.496678
0.499790
0.497803
0.497529
0.494103
0.494921
0.496565
0.497618
0.495111
0.496780
0.498995
0.499127
0.499787
0.497142
0.499906
0.503289
0.503077
0.499917
0.497973
0.495629
0.496299
0.495993
0.498414
0.500393
0.498970
0.499581
0.501234
0.499637
0.497199
0.495562
0.493137
0.494407
0.496799
0.497018
0.494574
0.498315
0.495920
0.496841
0.497058
0.497252
0.497088
0.494737
0.496434
0.497203
0.493393
0.492988
0.493630
0.494364
0.494044
0.495001
0.495014
0.497185
0.499885
0.502708
0.500040
0.499792
0.492113
0.494616
0.495689
0.498961
0.500899
0.498869
0.496569
0.495013
0.494640
0.497267
0.496720
0.495035
0.494720
0.492301
0.493302
0.494947
0.499272
0.499781
0.502359
0.499729
0.496915
0.497419
0.498242
0.499418
0.496431
0.495474
0.498496
0.499351
0.498747
0.497910
0.498825
0.499287
0.498618
0.498004
0.500174
0.497257
0.498469
0.497736
0.496753
0.496845
0.496047
0.498036
0.496605
0.499418
0.496435
0.492514
0.493607
0.495344
0.491899
0.494366
0.493679
0.499324
0.496422
0.494824
0.502156
0.500047
0.498204
0.495204
0.493917
0.490706
0.493525
0.494964
0.495292
0.498181
0.498338
0.496902
0.501657
0.499566
0.501276
0.498044
0.501105
0.499554
0.499966
0.499462
0.496142
0.494846
0.494464
0.497013
0.497484
0.499539
0.498289
0.499187
0.498506
0.498126
0.497707
0.497444
0.492861
0.497656
0.497150
0.496957
0.499891
0.497288
0.496399
0.494752
0.491026
0.493476
0.491922
0.493990
0.494321
0.491129
0.493823
0.497427
0.498640
0.498114
0.496049
0.496942
0.497206
0.496256
0.495941
0.498001
0.495719
0.494568
0.497309
0.497277
0.495526
0.495044
0.495292
0.494330
0.497408
0.493661
0.493756
0.494272
0.494354
0.493318
0.491103
0.489803

binsize 32
0.500393
0.497176
0.499085
0.499401
0.499975
0.492003
0.494055
0.494980
0.492305
0.496278
0.493639
0.493801
0.496546
0.494472
0.491021
0.493037
0.495154
0.494674
0.495983
0.494803
0.492860
0.492789
0.495653
0.494302
0.493741
0.492081
0.494980
0.494726
0.496253
0.497507
0.497765
0.496891
0.496668
0.495855
0.496804
0.498044
0.494684
0.492714
0.499375
0.493162
0.495382
0.496789
0.496216
0.496013
0.497556
0.497382
0.499445
0.498693
0.497660
0.496496
0.497424
0.498695
0.497377
0.494697
0.495901
0.496360
0.495897
0.496692
0.499859
0.497942
0.494508
0.495926
0.500110
0.495555
0.498011
0.493742
0.497794
0.497670
0.500304
0.498127
0.498763
0.499258
0.500848
0.495112
0.496292
0.498457
0.499538
0.495024
0.495998
0.493676
0.497529
0.501967
0.495917
0.496126
0.496226
0.496203
0.500748
0.493871
0.496237
0.494053
0.494655
0.494000
0.492785
0.494009
0.495434
0.499933
0.495742
0.493926
0.497488
0.500559
0.499464
0.496574
0.496544
0.496488
0.494417
0.490660
0.494232
0.496600
0.496483
0.497805
0.495257
0.497153
0.498742
0.498852
0.501234
0.499870
0.498898
0.498307
0.498760
0.497833
0.497793
0.498381
0.493103
0.497496
0.497815
0.496163
0.496577
0.497919
0.492184
0.492697
0.495421
0.498811
0.496949
0.494814
0.494354
0.496909
0.499982
0.495552
0.492030
0.493380
0.495421
0.495541
0.498053
0.500545
0.497548
0.495179
0.497351
0.501082
0.498791
0.500064
0.501408
0.501335
0.496382
0.495607
0.495199
0.496183
0.494836
0.496113
0.495919
0.496445
0.494738
0.496204
0.494343
0.495531
0.498558
0.498234
0.497666
0.494512
0.497092
0.495946
0.499061
0.498464
0.501598
0.501497
0.496801
0.496146
0.499404
0.499275
0.500435
0.496380
0.493772
0.496908
0.496444
0.496380
0.497155
0.495913
0.496818
0.493190
0.493997
0.494523
0.496100
0.501296
0.499916
0.493364
0.497325
0.499884
0.495791
0.495953
0.495878
0.493510
0.494124
0.499526
0.501044
0.497167
0.498830
0.495953
0.498924
0.498329
0.499056
0.498311
0.498715
0.498103
0.496799
0.497042
0.498012
0.494475
0.494475
0.493132
0.496501
0.495623
0.501102
0.496704
0.492311
0.494245
0.496737
0.497620
0.500612
0.499660
0.500329
0.499714
0.495494
0.495738
0.498512
0.498738
0.498316
0.497576
0.495259
0.497054
0.498589
0.495575
0.492251
0.492956
0.492725
0.495625
0.498377
0.496495
0.496731
0.496971
0.495144
0.497293
0.495285
0.494811
0.495535
0.494014
0.493836
0.490453
