
binsize 2
0.740712
0.744096
0.741955
0.741927
0.742106
0.743551
0.744469
0.741858
0.740021
0.743509
0.745737
0.743880
0.743951
0.745511
0.741977
0.742003
0.741997
0.741606
0.742981
0.743044
0.744908
0.741831
0.740959
0.742769
0.741892
0.744380
0.744533
0.745343
0.745297
0.743326
0.741456
0.743423
0.741981
0.743571
0.741848
0.742891
0.743119
0.744554
0.743385
0.741059
0.744341
0.742229
0.740712
0.743637
0.744113
0.742920
0.743101
0.746276
0.744225
0.742347
0.742784
0.742320
0.744202
0.742833
0.740941
0.741267
0.741842
0.743116
0.743536
0.744094
0.741893
0.744193
0.745364
0.741390
0.744351
0.743932
0.743177
0.742772
0.744646
0.743446
0.743309
0.742532
0.743903
0.742331
0.741217
0.743764
0.743544
0.740324
0.739955
0.741999
0.744562
0.742722
0.744304
0.742316
0.741485
0.739555
0.741074
0.745478
0.745489
0.745797
0.744581
0.747210
0.744783
0.741330
0.742371
0.741518
0.744150
0.744731
0.743259
0.741263
0.744976
0.744930
0.741530
0.738942
0.740282
0.744429
0.744804
0.744014
0.742445
0.744081
0.746687
0.745467
0.741470
0.744105
0.743859
0.744312
0.744977
0.741432
0.742001
0.743094
0.741714
0.742670
0.742574
0.741773
0.743958
0.744403
0.741948
0.744307
0.740848
0.746205
0.746302
0.744937
0.744877
0.743145
0.741265
0.744030
0.741010
0.743826
0.738225
0.739171
0.741049
0.741787
0.744187
0.741096
0.744429
0.744481
0.743172
0.742628
0.743596
0.743180
0.744801
0.743433
0.744237
0.743984
0.741868
0.742015
0.741777
0.743773
0.745716
0.743786
0.744011
0.743183
0.745642
0.743324
0.743812
0.743468
0.741411
0.740887
0.739994
0.741135
0.739073
0.741625
0.739582
0.742273
0.742938
0.744029
0.741411
0.740590
0.743077
0.743086
0.745055
0.742328
0.742703
0.742149
0.744206
0.741366
0.742831
0.744188
0.741220
0.741230
0.741993
0.743322
0.744226
0.742629
0.743150
0.739775
0.743283
0.742941
0.745044
0.742258
0.742112
0.743951
0.744298
0.742505
0.742403
0.744849
0.744643
0.743383
0.743052
0.743540
0.740325
0.743703
0.741423
0.742955
0.743687
0.744108
0.745794
0.744649
0.742064
0.741106
0.744625
0.742885
0.739901
0.740725
0.741614
0.744013
0.743177
0.743252
0.745883
0.743212
0.743051
0.742741
0.741284
0.744917
0.745113
0.747660
0.744488
0.742205
0.739684
0.741631
0.743375
0.740862
0.742722
0.744442
0.744918
0.743425
0.743158
0.742913
0.741333
0.741076
0.744943
0.746158
0.743552
0.744286
0.744278
0.745108
0.741565
0.743332
0.738440
0.742265
0.742132
0.742613
0.742662
0.743030
0.741967
0.744394
0.744112
0.745183
0.744311
0.745609
0.743409
0.743598
0.743703
0.744183
0.743610
0.743093
0.739913
0.743080
0.745059
0.744406
0.744444
0.743093
0.744315
0.743283
0.744582
0.744774
0.743015
0.743406
0.742277
0.743194
0.743171
0.744258
0.740121
0.742450
0.743636
0.742782
0.743886
0.741811
0.743542
0.739958
0.740287
0.742808
0.742740
0.743179
0.743251
0.743881
0.744310
0.741215
0.744513
0.744149
0.743621
0.741161
0.743642
0.741045
0.743243
0.742970
0.744627
0.743353
0.742015
0.741929
0.744862
0.741677
0.743172
0.741666
0.744319
0.742526
0.744035
0.743885
0.741663
0.746487
0.742877
0.745353
0.745170
0.744578
0.745324
0.740438
0.743400
0.743205
0.742681
0.743269
0.741021
0.742004
0.743889
0.742433
0.741878
0.742338
0.742154
0.744462
0.742401
0.744580
0.743364
0.742236
0.744496
0.743346
0.741317
0.743982
0.744823
0.745278
0.742286
0.743906
0.744505
0.742107
0.743402
0.741984
0.741592
0.740653
0.741009
0.744932
0.742134
0.743182
0.743237
0.740933
0.743194
0.744118
0.744319
0.745829
0.743042
0.743975
0.745098
0.743901
0.740908
0.742775
0.743997
0.746102
0.741274
0.744040
0.742079
0.741721
0.744025
0.744950
0.745513
0.742993
0.744154
0.743459
0.743846
0.743485
0.739438
0.741598
0.745028
0.739062
0.740526
0.741599
0.742830
0.746156
0.743899
0.746201
0.745396
0.741725
0.742286
0.742734
0.742271
0.743729
0.743530
0.742054
0.743513
0.744011
0.743902
0.744595
0.742418
0.742880
0.742141
0.741011
0.740139
0.741448
0.742049
0.743198
0.743549
0.743717
0.743950
0.745252
0.742336
0.742629
0.744167
0.746175
0.742620
0.742557
0.744303
0.741952
0.739944
0.742024
0.744284
0.745890
0.742220
0.744330
0.743274
0.743523
0.743701
0.740727
0.742232
0.740993
0.744481
0.742365
0.742329
0.742814
0.742328
0.743977
0.744151
0.742438
0.742163
0.742662
0.746723
0.743561
0.744050
0.743345
0.741298
0.744820
0.741635
0.743056
0.744394
0.744945
0.743479
0.740640
0.744924
0.740471
0.741574
0.740513
0.741900
0.743765
0.744390
0.740257
0.741505
0.744266
0.743220
0.743720
0.744854
0.745054
0.743689
0.742723
0.744943
0.744213
0.742617
0.744772
0.741192
0.744639
0.742190
0.744420
0.743389
0.744411
0.743044
0.741376
0.744333
0.744422
0.744663
0.744491
0.743969
0.742722
0.742900
0.744089
0.742389
0.744236
0.743219
0.742438
0.747039
0.744785
0.742821
0.742208
0.746793
0.746332
0.745196
0.745149
0.747575
0.742614
0.744023
0.742154
0.742029
0.743737
0.744137
0.744722
0.742167
0.745808
0.742256
0.744666
0.746291
0.744444
0.739467
0.742531
0.746268
0.747517
0.743752
0.744717
0.743465
0.742252
0.744398
0.744183
0.743697
0.743984
0.744072
0.743410
0.744385
0.740284
0.742441
0.742916
0.745772
0.745069
0.744169
0.743820
0.742443
0.743736
0.740328
0.741673
0.743525
0.741752
0.742875
0.743416
0.741051
0.741127
0.742118
0.740577
0.743947
0.743106
0.743187
0.739507
0.743114
0.746372
0.745730
0.745667
0.746438
0.744498
0.745816
0.743197
0.743198
0.742543
0.741500
0.742373
0.741093
0.744247
0.743995
0.743001
0.742486
0.743131
0.745941
0.744931
0.742678
0.742703
0.742748
0.742194
0.741367
0.743109
0.743984
0.744801
0.743177
0.743896
0.743412
0.743075
0.742791
0.745834
0.744021
0.741703
0.741238
0.743115
0.745558
0.743811
0.743904
0.743715
0.742517
0.743503
0.742620
0.744021
0.743737
0.742775
0.742314
0.745013
0.743865
0.745338
0.742408
0.740964
0.742851
0.741495
0.741408
0.743758
0.739068
0.741448
0.743623
0.744951
0.743972
0.744719
0.744885
0.743723
0.743163
0.743663
0.743570
0.744080
0.745875
0.747390
0.742884
0.741925
0.743499
0.741968
0.741980
0.743869
0.744364
0.745200
0.742952
0.744066
0.742403
0.744828
0.744336
0.744658
0.743315
0.744014
0.742470
0.742161
0.742056
0.740422
0.741820
0.745631
0.744560
0.742763
0.742652
0.742505
0.741979
0.741771
0.744010
0.744925
0.744868
0.742143
0.743511
0.742595
0.743449
0.744752
0.742220
0.743029
0.744852
0.741610
0.741970
0.742433
0.745051
0.742757
0.742969
0.743838
0.742932
0.744625
0.744803
0.741804
0.741788
0.744737
0.743696
0.740862
0.742399
0.741399
0.744487
0.743748
0.742707
0.745893
0.741339
0.744192
0.741340
0.744714
0.744009
0.746585
0.744469
0.742210
0.745367
0.743389
0.743894
0.746213
0.745732
0.742470
0.743363
0.742884
0.744224
0.742940
0.744785
0.745210
0.745761
0.745835
0.745577
0.741718
0.743451
0.746435
0.742711
0.740871
0.743382
0.742995
0.742468
0.743218
0.742063
0.745004
0.744211
0.745366
0.745739
0.747159
0.743314
0.743000
0.739976
0.740461
0.742248
0.742297
0.743911
0.742368
0.743414
0.745697
0.745067
0.744267
0.743784
0.743620
0.739434
0.744334
0.743760
0.745660
0.742107
0.741286
0.742582
0.741174
0.742577
0.743577
0.743052
0.742842
0.742039
0.741145
0.741766
0.742420
0.746363
0.744355
0.744788
0.744391
0.744166
0.742906
0.746464
0.742527
0.742777
0.740494
0.743444
0.742885
0.743209
0.746326
0.744542
0.743710
0.740612
0.744221
0.742558
0.740689
0.745584
0.745334
0.742280
0.743833
0.744630
0.743906
0.743699
0.740987
0.744422
0.744803
0.745420
0.746557
0.743947
0.742606
0.741575
0.743155
0.740059
0.741880
0.742188
0.742065
0.742535
0.740828
0.741104
0.743074
0.744963
0.739785
0.743580
0.739834
0.743067
0.744327
0.743162
0.745135
0.744485
0.742135
0.742508
0.742137
0.744458
0.741033
0.741421
0.744711
0.743617
0.740500
0.744436
0.743171
0.740749
0.743955
0.740926
0.743639
0.744676
0.742427
0.743073
0.744297
0.742079
0.747109
0.742518
0.741796
0.741923
0.746506
0.741350
0.742160
0.744719
0.743944
0.743542
0.740158
0.743077
0.743122
0.744244
0.741959
0.742176
0.740799
0.742393
0.743308
0.741949
0.742065
0.741802
0.744200
0.740193
0.743472
0.742725
0.743172
0.742765
0.744973
0.741911
0.743975
0.743127
0.740564
0.740954
0.740092
0.742669
0.742581
0.744302
0.743261
0.742609
0.743729
0.740610
0.744640
0.744238
0.745282
0.743368
0.743025
0.744465
0.743374
0.742696
0.743857
0.741505
0.741057
0.741406
0.742043
0.742789
0.743461
0.741646
0.741254
0.742475
0.744821
0.743795
0.745430
0.742494
0.743988
0.744930
0.742170
0.742616
0.741999
0.742078
0.742907
0.741366
0.742729
0.743089
0.741954
0.743211
0.743668
0.745811
0.743537
0.745324
0.742972
0.744693
0.744404
0.743550
0.741741
0.742780
0.744846
0.745748
0.744713
0.744949
0.742438
0.742786
0.745262
0.745007
0.744229
0.743025
0.744134
0.742400
0.743749
0.743610
0.745273
0.741812
0.744060
0.746312
0.743618
0.744253
0.740872
0.744623
0.743432
0.741399
0.741368
0.742664
0.743571
0.742326
0.738358
0.741969
0.745282
0.742218
0.741939
0.743786
0.744132
0.741533
0.743487
0.741885
0.741852
0.741816
0.743440
0.744667
0.743806
0.744682
0.744635
0.744333
0.743728
0.742594
0.746146
0.744138
0.745041
0.745648
0.743106
0.746881
0.743261
0.743618
0.742788
0.742930
0.742766
0.743198
0.743790
0.742378
0.743362
0.742574
0.743775
0.739447
0.741157
0.744406
0.746968
0.742892
0.744813
0.743709
0.746233
0.743516
0.743742
0.741966
0.742325
0.743642
0.743957
0.743209
0.744622
0.743217
0.742537
0.742974
0.741588
0.743111
0.742426
0.742668
0.742956
0.744225
0.743193
0.741672
0.739758

binsize 4
0.742404
0.741941
0.742829
0.743164
0.741765
0.744808
0.744731
0.741990
0.741801
0.743012
0.743369
0.741864
0.743136
0.744938
0.744312
0.742440
0.742776
0.742369
0.743837
0.742222
0.743285
0.742175
0.743517
0.744689
0.743286
0.742552
0.743518
0.741104
0.742479
0.743815
0.743043
0.743377
0.744141
0.742975
0.744046
0.742920
0.743117
0.742491
0.741934
0.740977
0.743642
0.743310
0.740520
0.743276
0.745643
0.745895
0.743057
0.741944
0.744441
0.742261
0.744953
0.740236
0.742356
0.744409
0.743263
0.746077
0.742788
0.744085
0.743204
0.742548
0.742192
0.742173
0.744180
0.743127
0.743527
0.745620
0.744011
0.742647
0.742418
0.738698
0.741418
0.742642
0.744455
0.742900
0.743388
0.744117
0.744110
0.741942
0.742775
0.744751
0.743597
0.744483
0.743640
0.741149
0.740564
0.740349
0.740928
0.743484
0.741001
0.743081
0.743691
0.742426
0.742786
0.743509
0.741225
0.742658
0.743428
0.741463
0.743112
0.743651
0.743032
0.743402
0.743626
0.744013
0.743296
0.742014
0.742189
0.743898
0.745221
0.741585
0.743755
0.740313
0.742813
0.743214
0.744547
0.742896
0.743101
0.746386
0.743346
0.740658
0.742118
0.743582
0.744171
0.743035
0.741204
0.745551
0.743919
0.744693
0.742448
0.740353
0.742373
0.742846
0.743181
0.744647
0.744960
0.743503
0.743943
0.743352
0.741496
0.744732
0.743768
0.743799
0.744678
0.743211
0.742735
0.743714
0.741286
0.743209
0.742848
0.741750
0.741548
0.742960
0.743566
0.742763
0.744331
0.742391
0.742344
0.743106
0.743990
0.741972
0.743270
0.742419
0.743423
0.743960
0.744075
0.744115
0.744874
0.742881
0.743303
0.742975
0.741513
0.743161
0.742108
0.743308
0.743490
0.742800
0.743921
0.742650
0.745050
0.743096
0.743306
0.742693
0.741122
0.742970
0.742658
0.742085
0.743656
0.745074
0.743509
0.744499
0.741841
0.745049
0.742657
0.741900
0.744488
0.744253
0.743807
0.743666
0.740518
0.742045
0.741062
0.744493
0.745050
0.743561
0.742510
0.743000
0.742792
0.743762
0.744248
0.742649
0.741576
0.740794
0.742623
0.743633
0.744601
0.742482
0.745171
0.742589
0.743127
0.740984
0.745087
0.743275
0.743399
0.742214
0.741613
0.743423
0.742572
0.743152
0.743295
0.742412
0.745142
0.743697
0.743059
0.742345
0.744669
0.742060
0.742697
0.741044
0.742833
0.742324
0.742886
0.743470
0.744954
0.743206
0.744578
0.743695
0.742915
0.743305
0.743900
0.742210
0.744378
0.744577
0.743346
0.743495
0.743313
0.742829
0.745912
0.742514
0.746563
0.745172
0.745095
0.743089
0.742883
0.744429
0.743988
0.743461
0.745368
0.740999
0.746893
0.744234
0.742859
0.744291
0.743841
0.743741
0.742334
0.742679
0.745420
0.743994
0.743089
0.741001
0.742638
0.743145
0.741089
0.741348
0.743526
0.741347
0.744743
0.745698
0.745468
0.744506
0.742871
0.741936
0.742670
0.743498
0.742808
0.745436
0.742690
0.742471
0.742238
0.744393
0.743537
0.743244
0.744312
0.742862
0.742177
0.744684
0.743809
0.743010
0.743321
0.743256
0.743664
0.744601
0.741686
0.742173
0.742583
0.740258
0.744287
0.744346
0.744304
0.743413
0.743825
0.746632
0.742405
0.742733
0.742925
0.744782
0.743509
0.743615
0.744497
0.743664
0.742316
0.741239
0.743725
0.743662
0.742578
0.741875
0.744468
0.743506
0.743053
0.744101
0.742625
0.743231
0.742202
0.743904
0.743403
0.743778
0.743304
0.743263
0.742279
0.741899
0.744118
0.744300
0.742765
0.743027
0.745297
0.743339
0.744378
0.745053
0.744101
0.743123
0.743582
0.744998
0.745798
0.743647
0.744943
0.741791
0.743189
0.742843
0.743533
0.744789
0.746449
0.743157
0.740218
0.742272
0.743140
0.744555
0.744667
0.743702
0.741884
0.744710
0.741697
0.741878
0.743077
0.742947
0.741592
0.742093
0.745359
0.744589
0.743536
0.744495
0.741636
0.743164
0.744767
0.744126
0.742416
0.741624
0.745459
0.743056
0.744268
0.742343
0.744612
0.745988
0.743277
0.742365
0.740969
0.742126
0.741682
0.742089
0.742374
0.741707
0.743697
0.744149
0.743310
0.742322
0.742745
0.743066
0.742059
0.743804
0.742352
0.742282
0.743552
0.743685
0.744594
0.742157
0.744214
0.741755
0.744332
0.741850
0.743099
0.743102
0.741487
0.742851
0.742007
0.743001
0.741832
0.742948
0.743869
0.742943
0.741845
0.740523
0.742625
0.743781
0.743169
0.742625
0.744760
0.743197
0.743920
0.743276
0.741281
0.741724
0.743125
0.741450
0.743648
0.744612
0.743241
0.743550
0.742307
0.742493
0.742048
0.742521
0.743440
0.744674
0.744148
0.744548
0.742646
0.743813
0.745230
0.743693
0.744024
0.744618
0.743580
0.743074
0.744441
0.742936
0.744965
0.742562
0.744027
0.741383
0.743118
0.740342
0.743625
0.742079
0.743959
0.742510
0.741869
0.742628
0.744236
0.744659
0.744031
0.744370
0.744589
0.744377
0.745071
0.743203
0.742848
0.743494
0.742870
0.743174
0.740302
0.745687
0.743853
0.744971
0.743629
0.742146
0.743800
0.743916
0.742877
0.742281
0.742769
0.742812
0.743709
0.740715

binsize 8
0.742173
0.742996
0.743287
0.743361
0.742407
0.742616
0.744037
0.743376
0.742573
0.743030
0.742730
0.744103
0.742919
0.742311
0.743147
0.743210
0.743558
0.743483
0.742804
0.741456
0.743476
0.741898
0.745769
0.742501
0.743351
0.742595
0.743382
0.744670
0.743436
0.742876
0.742183
0.743654
0.744573
0.743329
0.740558
0.742030
0.743678
0.743752
0.743026
0.743763
0.744040
0.742395
0.740456
0.742206
0.742041
0.743059
0.743148
0.741941
0.742445
0.743382
0.743217
0.743820
0.742655
0.743043
0.743403
0.742034
0.743014
0.743722
0.744744
0.742002
0.742850
0.743603
0.743378
0.744306
0.741401
0.742609
0.743914
0.744231
0.743647
0.743114
0.743784
0.743944
0.743225
0.742247
0.742299
0.742254
0.743164
0.743361
0.742725
0.742981
0.742844
0.743691
0.744095
0.743878
0.743139
0.742337
0.742708
0.743145
0.743285
0.744073
0.742999
0.742046
0.742372
0.744365
0.744004
0.743445
0.742278
0.744370
0.743736
0.741281
0.742778
0.744305
0.742755
0.743277
0.743449
0.741185
0.743128
0.743542
0.743880
0.742056
0.744181
0.742806
0.742518
0.742862
0.742854
0.744420
0.742702
0.743365
0.741871
0.742578
0.743178
0.744080
0.744136
0.743110
0.743055
0.744477
0.743420
0.743071
0.744213
0.745867
0.744092
0.743656
0.743724
0.743183
0.745564
0.743575
0.743791
0.742506
0.744707
0.742045
0.742892
0.741218
0.742436
0.745221
0.744987
0.742404
0.743084
0.744122
0.742581
0.743315
0.743390
0.743587
0.743430
0.743409
0.743288
0.744132
0.741930
0.741421
0.744316
0.743859
0.745229
0.742569
0.743853
0.743562
0.744081
0.741777
0.743693
0.742227
0.743987
0.743577
0.742928
0.743053
0.743591
0.743283
0.742089
0.744209
0.742896
0.744318
0.744716
0.743612
0.744290
0.744723
0.743367
0.743016
0.744161
0.744803
0.741245
0.743848
0.744185
0.743297
0.741787
0.743012
0.741843
0.744974
0.744016
0.742400
0.744447
0.742020
0.744258
0.743305
0.745300
0.742821
0.741548
0.741885
0.742041
0.743923
0.742816
0.742906
0.742931
0.742317
0.743618
0.743376
0.742985
0.743091
0.743101
0.742169
0.742504
0.742390
0.743406
0.741184
0.743203
0.742897
0.743978
0.743598
0.741503
0.742288
0.744130
0.743396
0.742400
0.742285
0.744057
0.744348
0.743230
0.744462
0.744321
0.743327
0.743688
0.743764
0.742705
0.741730
0.742852
0.743234
0.742248
0.744448
0.744200
0.744483
0.744137
0.743171
0.743022
0.742995
0.744412
0.742887
0.743858
0.742579
0.742790
0.742212

binsize 16
0.742584
0.743324
0.742512
0.743707
0.742801
0.743416
0.742615
0.743178
0.743520
0.742130
0.742687
0.744135
0.742973
0.744026
0.743156
0.742918
0.743951
0.741294
0.743715
0.743394
0.743217
0.741331
0.742550
0.742544
0.742913
0.743518
0.742849
0.742719
0.743368
0.743373
0.743227
0.743842
0.742005
0.744073
0.743381
0.743864
0.742736
0.742276
0.743263
0.742853
0.743268
0.743986
0.742738
0.742926
0.743679
0.742523
0.743368
0.743725
0.743324
0.742509
0.743541
0.743016
0.742317
0.743335
0.742968
0.743494
0.742690
0.743637
0.743033
0.742224
0.743629
0.743623
0.743766
0.743245
0.745040
0.743874
0.743454
0.744569
0.743149
0.743376
0.742055
0.743829
0.743695
0.743603
0.742948
0.743489
0.743420
0.743710
0.741675
0.744087
0.743899
0.743708
0.742929
0.742960
0.743782
0.742990
0.743437
0.743149
0.743607
0.744164
0.744506
0.743192
0.744482
0.742546
0.743741
0.742400
0.743408
0.743208
0.743233
0.743781
0.744061
0.741717
0.742982
0.742861
0.742624
0.743497
0.743038
0.742635
0.742447
0.742295
0.743050
0.743788
0.741895
0.743763
0.742342
0.744203
0.743846
0.743824
0.743726
0.742218
0.743043
0.743348
0.744342
0.743654
0.743008
0.743650
0.743218
0.742501

binsize 32
0.742954
0.743109
0.743109
0.742897
0.742825
0.743411
0.743499
0.743037
0.742623
0.743555
0.742274
0.742547
0.743216
0.742784
0.743370
0.743534
0.743039
0.743622
0.742506
0.743058
0.743627
0.742832
0.743101
0.743547
0.742917
0.743279
0.742826
0.743231
0.743163
0.742629
0.743626
0.743506
0.744457
0.744011
0.743262
0.742942
0.743649
0.743218
0.743565
0.742881
0.743803
0.742945
0.743386
0.743293
0.743886
0.743849
0.743514
0.743070
0.743308
0.743507
0.742889
0.742921
0.743061
0.742836
0.742371
0.743419
0.742829
0.743272
0.743835
0.742972
0.743196
0.743998
0.743329
0.742860
