
binsize 2
1.000000
0.472415
0.212004
0.100829
0.014090
0.038398
0.020566
0.053388
-0.030501
-0.018656
0.002064
0.048713
0.029877
-0.064006
-0.060354
-0.086457
-0.087840
-0.149472
-0.101024
-0.112448
-0.084430
-0.075025
-0.095232
-0.076824
-0.098105
0.020148
0.026601
-0.017435
-0.024945
0.016740
0.074097
0.066179

binsize 4
1.000000
0.337356
0.039211
0.048205
-0.021870
0.019883
0.019620
-0.074380
-0.158897
-0.161080
-0.100463
-0.118018
-0.078702
0.012915
-0.031913
0.098135
0.107211
0.058564
0.023782
0.020898
0.102657
0.123270
0.030624
-0.068932
-0.099887
-0.058642
0.062323
-0.002645
-0.068910
-0.172856
-0.163070
-0.040410

binsize 8
1.000000
0.182693
0.013601
0.027514
-0.233424
-0.224766
-0.028905
-0.014415
0.147050
0.076939
0.087493
0.034100
-0.073334
-0.041754
-0.062902
-0.232364
0.049361
0.075705
0.121847
0.057440
-0.053272
0.013831
-0.173765
-0.189701
0.023363
-0.017165
0.024465
0.064005
-0.036655
-0.006668
0.067252
0.085075

binsize 16
1.000000
0.052698
-0.243242
-0.137531
0.156201
0.139628
-0.081611
-0.219058
0.036186
0.194613
-0.062242
-0.278526
0.001856
0.138722
-0.077203
-0.030096
0.140003
0.146231
-0.088059
-0.087947
-0.185662
0.178138
-0.107148
-0.179468
0.175645
0.298021
-0.026500
-0.075060
-0.009338
0.227081
0.086918
-0.219270

binsize 32
1.000000
-0.362517
0.239437
-0.103777
-0.006079
-0.053236
-0.040318
-0.058163
0.112060
0.093916
-0.211251
0.048341
0.085765
-0.005177
0.173082
0.054093
-0.248803
0.437373
-0.699997
0.245159
-0.431939
0.033998
0.003472
0.293171
-0.448983
0.279123
-0.089237
-0.308711
-0.272650
0.042213
-0.310841
-0.198268
