
binsize 2
0.289847
0.287432
0.286936
0.291445
0.292351
0.292515
0.289499
0.290240
0.289306
0.291497
0.291957
0.292007
0.293131
0.294017
0.289060
0.290236
0.288838
0.288593
0.288842
0.292815
0.291452
0.290102
0.288906
0.292559
0.289655
0.290347
0.291719
0.287638
0.290402
0.291219
0.290472
0.291077
0.290717
0.290242
0.288912
0.290979
0.293278
0.291609
0.289201
0.289749
0.291366
0.290067
0.292737
0.289822
0.288499
0.289987
0.288661
0.290156
0.290247
0.291213
0.290129
0.289453
0.291515
0.288957
0.292308
0.289646
0.288409
0.290382
0.290684
0.289840
0.289324
0.288425
0.289165
0.292021
0.291204
0.290748
0.292069
0.290317
0.291862
0.290545
0.290712
0.290738
0.290098
0.292412
0.292312
0.289641
0.289398
0.291101
0.291085
0.292762
0.288570
0.287711
0.289107
0.290199
0.289924
0.289514
0.290642
0.289788
0.292562
0.291548
0.291168
0.292803
0.290202
0.291459
0.290294
0.291457
0.292271
0.290329
0.291055
0.289348
0.292475
0.291427
0.291975
0.291031
0.287433
0.288697
0.290596
0.287899
0.289919
0.289830
0.289119
0.290353
0.291631
0.289275
0.291497
0.290395
0.290909
0.293141
0.291434
0.288928
0.289864
0.290037
0.291680
0.293197
0.291147
0.291794
0.292599
0.291983
0.291789
0.293087
0.291301
0.291238
0.291738
0.290936
0.290427
0.291988
0.290530
0.291285
0.289712
0.291488
0.293952
0.292024
0.290113
0.293422
0.291706
0.288912
0.289270
0.290640
0.290838
0.291284
0.289367
0.286782
0.285562
0.291888
0.291111
0.295303
0.291030
0.290122
0.291487
0.291648
0.290732
0.292089
0.290898
0.291181
0.288658
0.288040
0.286827
0.289336
0.291432
0.291608
0.293705
0.288786
0.290773
0.290877
0.289591
0.290116
0.289996
0.288190
0.290750
0.289433
0.289489
0.290736
0.289948
0.291908
0.290557
0.292057
0.288942
0.289424
0.291406
0.294290
0.294472
0.291910
0.293526
0.291587
0.288209
0.289800
0.291566
0.290431
0.289592
0.290589
0.291521
0.292484
0.289065
0.290095
0.291381
0.292389
0.292760
0.291336
0.289293
0.286548
0.286253
0.288701
0.289019
0.289514
0.290562
0.291840
0.288298
0.290639
0.290793
0.289363
0.289800
0.290636
0.290681
0.289228
0.291574
0.292713
0.290173
0.290191
0.288955
0.286635
0.289374
0.288097
0.288104
0.290995
0.292118
0.289306
0.289677
0.289264
0.288637
0.288447
0.292075
0.290547
0.288712
0.291531
0.292186
0.291711
0.293084
0.290684
0.288633
0.290824
0.289536
0.289857
0.291173
0.288321
0.287667
0.288247
0.288441
0.289380
0.287834
0.289817
0.289966
0.289752
0.291707
0.293670
0.291068
0.289046
0.289722
0.293226
0.292175
0.290767
0.290621
0.291456
0.294310
0.293012
0.290836
0.291136
0.286126
0.288602
0.289736
0.290383
0.292371
0.291776
0.290147
0.290280
0.288802
0.290271
0.288591
0.289790
0.291753
0.291165
0.288046
0.289487
0.292804
0.289978
0.290524
0.292332
0.287575
0.290030
0.289818
0.291316
0.290812
0.288226
0.290034
0.289380
0.291896
0.290766
0.286561
0.290052
0.291452
0.291758
0.287442
0.289747
0.291490
0.289704
0.290851
0.291396
0.288189
0.290276
0.291660
0.290044
0.292579
0.291666
0.290839
0.290336
0.289243
0.290592
0.289441
0.289611
0.292831
0.291179
0.291343
0.290014
0.289119
0.289494
0.288673
0.290562
0.286784
0.288932
0.291732
0.289947
0.288724
0.291444
0.289381
0.290321
0.288848
0.289078
0.291502
0.291621
0.290614
0.288881
0.287543
0.288775
0.290985
0.290496
0.290354
0.289748
0.288140
0.292019
0.289394
0.288951
0.290940
0.290752
0.290007
0.289952
0.291061
0.289457
0.287727
0.291181
0.290378
0.291826
0.288614
0.287826
0.288815
0.287800
0.288619
0.289878
0.290849
0.293394
0.290408
0.288485
0.290594
0.294439
0.292961
0.290114
0.288364
0.291353
0.290256
0.287748
0.288563
0.289747
0.288473
0.288449
0.290284
0.288310
0.291565
0.291467
0.291180
0.291935
0.291409
0.291794
0.289945
0.289543
0.289774
0.288546
0.290695
0.293255
0.292762
0.289758
0.288907
0.291682
0.291159
0.287870
0.288720
0.290766
0.292761
0.292243
0.289889
0.289093
0.289600
0.290398
0.289280
0.290478
0.290908
0.290935
0.291808
0.289720
0.291668
0.290520
0.289334
0.287178
0.290328
0.289594
0.291085
0.289394
0.287151
0.291003
0.292141
0.291545
0.292884
0.291765
0.294369
0.291479
0.290227
0.287772
0.289310
0.289640
0.291446
0.291722
0.288796
0.292916
0.291491
0.290873
0.291011
0.288513
0.289653
0.289872
0.288779
0.288273
0.292106
0.289404
0.289203
0.288534
0.290095
0.290610
0.289990
0.288361
0.289801
0.290779
0.292438
0.291669
0.292135
0.290498
0.289684
0.290268
0.292457
0.288854
0.287342
0.290158
0.289597
0.289060
0.290310
0.290303
0.289439
0.290530
0.289953
0.289850
0.291594
0.291911
0.289665
0.287916
0.287001
0.289793
0.289134
0.289015
0.290845
0.289975
0.290732
0.291909
0.290398
0.287794
0.292430
0.289527
0.291467
0.290910
0.288573
0.290462
0.292767
0.290712
0.288648
0.289815
0.288427
0.291178
0.292569
0.293710
0.293519
0.290663
0.289217
0.289011
0.289799
0.291578
0.294295
0.292408
0.290270
0.288325
0.290419
0.290529
0.289669
0.289039
0.291273
0.290390
0.294213
0.291335
0.291132
0.291710
0.291578
0.288321
0.288499
0.289708
0.289170
0.289428
0.286285
0.288892
0.289530
0.291608
0.290073
0.291357
0.289928
0.289898
0.290479
0.291815
0.290528
0.292989
0.291929
0.288647
0.291831
0.292390
0.289635
0.293415
0.290138
0.290502
0.290776
0.289753
0.290560
0.291338
0.291132
0.288215
0.290313
0.290266
0.292597
0.289951
0.291353
0.289481
0.291763
0.291333
0.290066
0.289842
0.290193
0.289784
0.289214
0.291549
0.291321
0.291174
0.290802
0.291844
0.289617
0.287965
0.289381
0.290811
0.291209
0.289052
0.290740
0.290139
0.291556
0.291646
0.293545
0.292145
0.291012
0.291412
0.291104
0.290173
0.289210
0.289132
0.289935
0.292122
0.294911
0.292042
0.291430
0.290196
0.288337
0.286074
0.290490
0.291697
0.290907
0.290158
0.288736
0.290894
0.291367
0.289847
0.288607
0.289709
0.291197
0.289351
0.288018
0.290621
0.289829
0.289377
0.291926
0.292499
0.292077
0.292559
0.292725
0.289736
0.289924
0.292121
0.290773
0.289293
0.289737
0.291805
0.290958
0.292425
0.289616
0.289143
0.293153
0.290655
0.290676
0.289712
0.287600
0.290354
0.293710
0.290096
0.291327
0.288392
0.288435
0.291815
0.290990
0.293122
0.291650
0.291977
0.293854
0.290038
0.288667
0.290698
0.291029
0.290380
0.288120
0.291532
0.290347
0.290810
0.286392
0.287629
0.291104
0.291495
0.289282
0.288633
0.288632
0.288150
0.289580
0.292306
0.290141
0.288984
0.288655
0.291007
0.293295
0.289773
0.291900
0.290895
0.290573
0.290502
0.289064
0.291102
0.289542
0.291159
0.292211
0.290405
0.288627
0.286666
0.290479
0.291143
0.288656
0.290049
0.291259
0.289314
0.289685
0.289404
0.294288
0.292376
0.288406
0.291742
0.291148
0.293200
0.291842
0.289637
0.287995
0.289651
0.288230
0.290022
0.289072
0.288238
0.289539
0.290061
0.291659
0.288123
0.291626
0.291169
0.287337
0.289404
0.291656
0.291200
0.292305
0.291467
0.288214
0.290447
0.290140
0.290788
0.288313
0.291789
0.292097
0.292391
0.292823
0.291517
0.291504
0.289016
0.288540
0.288959
0.290693
0.290785
0.290342
0.290676
0.290510
0.291276
0.292592
0.292689
0.291466
0.288849
0.288727
0.289902
0.288062
0.291572
0.291692
0.291642
0.290512
0.291812
0.291070
0.289089
0.287421
0.288216
0.290868
0.292877
0.292864
0.290989
0.288884
0.291605
0.292244
0.292091
0.292285
0.291243
0.291757
0.293714
0.293017
0.294531
0.293658
0.291166
0.292093
0.291452
0.292461
0.291113
0.290396
0.290292
0.288657
0.290733
0.292009
0.290508
0.291933
0.289564
0.288561
0.288985
0.289774
0.286509
0.290157
0.290088
0.292741
0.288650
0.288880
0.290716
0.291546
0.288589
0.288304
0.292947
0.288904
0.290566
0.291804
0.291874
0.290650
0.288689
0.286953
0.289932
0.289018
0.292350
0.292661
0.289784
0.289374
0.290044
0.290315
0.292504
0.290333
0.288883
0.290156
0.292042
0.292867
0.292293
0.290756
0.289364
0.290840
0.289152
0.289782
0.290356
0.289378
0.290003
0.290522
0.292254
0.289450
0.290297
0.291168
0.289927
0.292752
0.290459
0.288506
0.289693
0.291020
0.291085
0.290694
0.288656
0.289730
0.288851
0.290897
0.290864
0.291978
0.292113
0.291820
0.291615
0.289603
0.290737
0.291305
0.290007
0.288704
0.286979
0.290365
0.289727
0.291653
0.289925
0.288814
0.289382
0.290827
0.291393
0.292232
0.287300
0.287322
0.289702
0.288366
0.287071
0.289451
0.288092
0.295667
0.293362
0.292363
0.289469
0.289486
0.291459
0.287746
0.291519
0.288870
0.290920
0.289936
0.291701
0.289470
0.291618
0.294372
0.290699
0.292785
0.289406
0.287557
0.291420
0.291667
0.291630
0.291228
0.290205
0.289821
0.287809
0.289031
0.290818
0.293175
0.294052
0.290818
0.291441
0.288554
0.290403
0.289149
0.288055
0.295275
0.290242
0.292416
0.290081
0.292677
0.292486
0.291716
0.291637
0.287954
0.288512
0.290789
0.292722
0.291148
0.292475
0.289905
0.289927
0.292543
0.290102
0.290040
0.291020
0.289518
0.288497
0.287424
0.288067
0.291475
0.286255
0.288000
0.291540
0.293796
0.289997
0.291301
0.293019
0.290251
0.291431
0.291841
0.288116
0.290937
0.292424
0.289892
0.287948
0.289202
0.289810
0.290388
0.290491
0.291321
0.291039
0.289719
0.293248
0.292896
0.291514
0.288931
0.291687
0.287776
0.289031
0.289630
0.288981
0.292237
0.292871
0.290280
0.289299
0.290871
0.292033
0.291447
0.289819
0.291967
0.290235
0.289141
0.288079
0.288200
0.291794
0.289940
0.291650
0.291154
0.288721
0.289565
0.293707
0.290038
0.291466
0.292545
0.291942
0.292771
0.292764
0.291393
0.291831
0.289776
0.292604
0.294519
0.293069
0.290921
0.291634
0.289772
0.290373
0.291443
0.291485
0.292325
0.290933
0.289550
0.288875
0.291411
0.289000
0.289972
0.292644
0.289729
0.288679
0.290865
0.290467
0.289942
0.290848
0.290453
0.290354
0.289431
0.287056
0.290203
0.290393
0.287493
0.290762
0.289258
0.288319
0.289643
0.291842
0.288134
0.289142
0.291460
0.289900
0.291638
0.292664
0.294425
0.289562
0.291769
0.289478
0.292471
0.290122
0.292696
0.291145
0.291296
0.289278
0.288689
0.290510
0.289811
0.290637
0.288617
0.293269
0.292436
0.293652
0.293127
0.290583
0.288163
0.290417
0.286964
0.287481
0.291276
0.294567
0.293349
0.291527
0.290635
0.291652
0.293818
0.292632
0.287712
0.290386
0.291851
0.291020
0.288677
0.289653
0.288896
0.291475
0.289287
0.288616
0.292062
0.290427
0.291870
0.290389
0.290585
0.290371
0.290379
0.289915
0.291405
0.291399
0.289701
0.289780
0.290197
0.292423
0.292698
0.292204
0.291955
0.288271
0.288298
0.289526
0.287334
0.286450
0.287581
0.292542
0.291330
0.290247
0.291768
0.290995
0.289923
0.291093
0.289275
0.288535
0.288307
0.294298
0.288336
0.290944
0.290769
0.293687
0.293179
0.292328
0.290923
0.289657
0.290277
0.288902
0.291132
0.290356
0.287576
0.289719
0.288216
0.289233
0.290011
0.289573
0.289857
0.290667
0.292956
0.291887
0.296290
0.292701
0.290689
0.290003
0.289037
0.291485
0.288705
0.289887
0.290036
0.289801
0.289408
0.288698
0.287595
0.286707
0.290726
0.289048
0.287365
0.290876
0.289157
0.292155
0.293993
0.288237
0.292181
0.292671
0.290505
0.291753
0.289780
0.291027
0.290580
0.291960
0.290165
0.292392
0.291512
0.290392
0.290305
0.290851
0.292818
0.289915
0.290207
0.291735
0.291480
0.292178
0.289418
0.289628
0.291673
0.293008
0.293431
0.290636
0.290841
0.286618
0.289018
0.290685
0.290370
0.289488
0.291798
0.288136
0.289049
0.288822
0.289062
0.289919
0.292701
0.290783
0.290177
0.286089
0.288029
0.287025
0.287957
0.292565
0.288529
0.291451
0.291376
0.288626
0.290077
0.293092
0.289020
0.291784
0.289423
0.292042
0.290665
0.292792
0.290753
0.288829
0.289739
0.289978
0.289868
0.291227
0.288205
0.289431
0.292103
0.287237
0.287901
0.288259
0.289297
0.290246
0.290979
0.291047
0.291247
0.290674
0.291334
0.289782
0.289189
0.289686
0.290867
0.290621
0.293984
0.290602
0.291607
0.291038
0.289590
0.290543
0.290414
0.287133
0.290369
0.292920
0.290665
0.290409
0.289368
0.291594
0.292311
0.289696
0.289599
0.289105
0.290714
0.292301
0.288567
0.288119
0.291412
0.289578
0.288919
0.292823
0.289693
0.291349
0.288994
0.289445
0.291796
0.293460
0.291155
0.290665
0.290027
0.291474
0.288629
0.289746
0.291450
0.291412
0.290614
0.289586
0.287938
0.288360
0.293143
0.292027
0.291223
0.292276
0.290740
0.292067
0.291539
0.289473
0.290632
0.290008
0.289904
0.288011
0.289956
0.288387
0.289136
0.289063
0.291103
0.291839
0.290785
0.291147
0.290555
0.289232
0.289449
0.286274
0.291821
0.288915
0.289399
0.290519
0.290088
0.289775
0.292824
0.291363
0.289060
0.288176
0.290270
0.292226
0.291887
0.290545
0.290807
0.291613
0.293657
0.290056
0.290000
0.287772
0.292013
0.289713
0.289828
0.288626
0.289259
0.290748
0.290700
0.289267
0.289130
0.289589
0.290589
0.287894
0.288323
0.289146
0.292559
0.294317
0.293046
0.290001
0.291283
0.292259
0.291844
0.290284
0.289607
0.286305
0.287390
0.289828
0.291132
0.292245
0.292570
0.287045
0.287107
0.289372
0.291062
0.290714
0.290575
0.291685
0.291545
0.291059
0.288361
0.290435
0.292731
0.293164
0.290238
0.289978
0.289530
0.288214
0.290016
0.289906
0.295806
0.293052
0.291357
0.290105
0.291406
0.288320
0.288948
0.293627
0.291343
0.291740
0.291658
0.290121
0.290972
0.289215
0.291606
0.291800
0.291520
0.289669
0.288955
0.292792
0.289884
0.292714
0.290820
0.292191
0.290315
0.288894
0.289213
0.289816
0.289319
0.288867
0.289389
0.288999
0.290419
0.290393
0.291355
0.290673
0.287916
0.289113
0.290802
0.292291
0.293598
0.292781
0.290282
0.288231
0.290365
0.289261
0.291146
0.294685
0.289924
0.290490
0.289022
0.290092
0.291750
0.293950
0.290779
0.292220
0.292251
0.290975
0.290562
0.290036
0.287718
0.289553
0.289815
0.289118
0.289024
0.289950
0.290545
0.291858
0.293795
0.290114
0.287625
0.285370
0.289022
0.289977
0.288268
0.290294
0.288723
0.289755
0.289558
0.289024
0.292087
0.294690
0.291229
0.290245
0.290496
0.291555
0.290392
0.288573
0.291696
0.291753
0.288595
0.288662
0.291799
0.291469
0.287621
0.291823
0.291439
0.288703
0.286860
0.290390
0.289774
0.292574
0.290530
0.291013
0.290165
0.288568
0.290317
0.290305
0.292810
0.293158
0.289661
0.291390
0.291719
0.291753
0.291523
0.288799
0.291441
0.289805
0.292191
0.290018
0.288416
0.288455
0.289837
0.289602
0.288938
0.289421
0.288431
0.290151
0.289915
0.290316
0.290949
0.287182
0.288841
0.291340
0.292712
0.289986
0.288177
0.288183
0.292126
0.292793
0.290578
0.292156
0.290042
0.290471
0.292160
0.293638
0.292180
0.291876
0.288065
0.286950
0.290049
0.291780
0.288709
0.291711
0.290754
0.292873
0.290424
0.290385
0.290830
0.290244
0.290189
0.292908
0.290604
0.288905
0.288527
0.290549
0.291087
0.289078
0.290212
0.288868
0.287016
0.289436
0.289105
0.286285
0.289078
0.289241
0.290149
0.289260
0.289946
0.287695
0.292523
0.290829
0.289849
0.290292
0.289287
0.291217
0.290952
0.294302
0.288566
0.287649
0.289377
0.289447
0.289949
0.290719
0.292056
0.291900
0.293416
0.290409
0.291453
0.289625
0.287969
0.290463
0.291463
0.291255
0.290906
0.292679
0.293188
0.289473
0.292401
0.291274
0.290060
0.287696
0.291390
0.289883
0.288181
0.291950
0.290836
0.286308
0.288785
0.286828
0.288113
0.288516
0.289769
0.288841
0.287261
0.288182
0.291983
0.292923
0.293962
0.291205
0.292345
0.294086
0.292107
0.289216
0.288952
0.290074
0.290916
0.291403
0.292959
0.290664
0.291264
0.290138
0.288108
0.290918
0.291506
0.290279
0.288221
0.289472
0.290697
0.291050
0.292433
0.293287
0.292228
0.287727
0.286453
0.290043
0.290832
0.289281
0.289140
0.292464
0.293823
0.290242
0.290263
0.288332
0.287604
0.289794
0.290522
0.291692
0.290845
0.288421
0.292305
0.289507
0.290415
0.290097
0.291176
0.291526
0.288983
0.290165
0.290860
0.291582
0.291041
0.290564
0.291834
0.290503
0.289598
0.289643
0.290938
0.292436
0.289750
0.291546
0.289198
0.290417
0.292368
0.291369
0.290097
0.289055
0.290295
0.291223
0.288892
0.290154
0.290525
0.289241
0.292533
0.291405
0.294269
0.290553
0.293034
0.290647
0.293392
0.292186
0.289534
0.290948
0.289247
0.289666
0.290522
0.293799
0.293596
0.289417
0.288494
0.291818
0.292026
0.290484
0.289656
0.291792
0.292080
0.290834
0.293887
0.291301
0.293341
0.289405
0.287293
0.290794
0.292743
0.292169
0.289688
0.286916
0.290903
0.291719
0.290515
0.288376
0.288774
0.289899
0.289337
0.292615
0.291297
0.290529
0.290886
0.289798
0.291010
0.291732
0.293231
0.294193
0.291402
0.289409
0.290741
0.290066
0.290661
0.290808
0.290528
0.287422
0.290102
0.288919
0.290449
0.289342
0.291749
0.294387
0.289501
0.290002
0.291718
0.291221
0.287781
0.289186
0.289562
0.290944
0.290136
0.288227
0.290403
0.288818
0.291033
0.290746
0.289704
0.291908
0.288495
0.288965
0.289141
0.290122
0.288867
0.289537
0.292188
0.291845
0.290586
0.288508
0.289090
0.287872
0.287789
0.290046
0.288264
0.290349
0.290164
0.291464
0.290138
0.290559
0.290767
0.289759
0.289281
0.290452
0.290397
0.291700
0.289925
0.291112
0.290755
0.286824
0.289258
0.288350
0.289966
0.292236
0.291258
0.289663
0.288859
0.288861
0.287327
0.289069
0.292242
0.293595
0.293209
0.291798
0.289054
0.286942
0.288706
0.289880
0.289911
0.289553
0.293542
0.291203
0.290617
0.290147
0.291712
0.289482
0.287789
0.287497
0.290308
0.289082
0.289777
0.288300
0.291118
0.291695
0.289841
0.290534
0.289433
0.291140
0.292248
0.289201
0.289676
0.289613
0.292418
0.291524
0.290637
0.287298
0.289466
0.292247
0.289228
0.289023
0.289532
0.291141
0.289351
0.290377
0.288312
0.290679
0.289411
0.288741
0.289468
0.289926
0.289073
0.288864
0.290037
0.290083
0.290548
0.290127
0.287596
0.287390
0.289419
0.290773
0.291942
0.290478
0.288777
0.287832
0.289034
0.289893
0.290967
0.289736
0.290384
0.290852
0.290812
0.291255
0.289808
0.288928
0.287828
0.290249
0.289406
0.290639
0.290732
0.293478
0.292147
0.292015
0.290144
0.290653
0.292077
0.289569
0.289931
0.293644
0.288097
0.286810
0.287116
0.287909
0.291843
0.289572
0.290097
0.289945
0.291273
0.294589
0.290251
0.289549
0.290712
0.288374
0.286584
0.292416
0.293166
0.292315
0.288479
0.289584
0.291159
0.291860
0.287516
0.288698
0.290366
0.293348
0.290166
0.288080
0.292664
0.292581
0.291833
0.291408
0.291906
0.292182
0.293752
0.293328
0.293352
0.292187
0.291120
0.288125
0.287149
0.289165
0.291789
0.292533
0.290220
0.289821
0.288564
0.289309
0.291314
0.288652
0.291126
0.288457
0.291125
0.289044
0.289934
0.291935
0.290027
0.289909
0.291325
0.292415
0.290695
0.290331
0.288659
0.287738
0.289495
0.290007
0.287016
0.290314
0.290256
0.289383
0.292723
0.290733
0.289419
0.289705
0.290914
0.292074
0.293765
0.291953
0.289471
0.288246
0.290686
0.291219
0.291889
0.291397
0.292244
0.292409
0.291526
0.291531
0.290915
0.291053
0.291086
0.290230
0.288083
0.289825
0.291939
0.290061
0.290830
0.290816
0.292401
0.293315
0.293227
0.291505
0.291000
0.289803
0.292598
0.287827
0.290328
0.290876
0.290168
0.291297
0.290497
0.291491
0.290552
0.288956
0.290759
0.289851
0.290684
0.292164
0.289307
0.288250
0.288557
0.288135
0.288877
0.289157
0.291217
0.288703
0.290949
0.291164
0.293291
0.293101
0.290551
0.289674
0.290315
0.291215
0.289108
0.290958
0.290841
0.288809
0.291648
0.293340
0.290050
0.292293
0.291124
0.289703
0.290327
0.289585
0.288238
0.286584
0.289505
0.287770
0.290128
0.287585
0.290382
0.291879
0.290853
0.291357
0.291467
0.288396
0.291066
0.291321
0.291830
0.290955
0.290319
0.291066
0.291608
0.290303
0.289148
0.292635
0.287550
0.292690
0.292601
0.292831
0.293393
0.290111
0.289994
0.290696
0.291358
0.290820
0.291062
0.289409
0.290185
0.288497
0.290457
0.288989
0.287133
0.289678
0.291438
0.292140
0.290034
0.292101
0.291769
0.290313
0.288755
0.291564
0.290874
0.290610
0.292222
0.292084
0.293032
0.289755
0.288601
0.290890
0.291431
0.289893
0.289351
0.293443
0.290554
0.290926
0.290456
0.290973
0.294483
0.293069
0.289062
0.288997
0.289530
0.288230
0.289286
0.290913
0.291334
0.289739
0.291102
0.292421
0.291201
0.290438
0.292545
0.288149
0.290287
0.290663
0.290890
0.288222
0.290011
0.292227
0.291788
0.292680
0.292882
0.290611
0.291994
0.291522
0.289086
0.291577
0.291459
0.288564
0.289610
0.292393
0.290681
0.287083
0.288852
0.288063
0.289044
0.290418
0.289726
0.289384
0.290677
0.293197
0.291486
0.292179
0.290992
0.289356
0.291003
0.291709
0.293603
0.289431
0.290820
0.288150
0.288278
0.293125
0.291549
0.292603
0.292471
0.292623
0.292361
0.288582
0.288474
0.289469
0.286224
0.285902
0.288412
0.287834
0.292934
0.290406
0.287583
0.290997
0.290348
0.289566
0.288575
0.288924
0.292523
0.289975
0.291924
0.291388
0.291547
0.290162
0.288857
0.289577
0.290831
0.292375
0.294262
0.290446
0.291926
0.290606
0.291353
0.291388
0.290807
0.291007
0.294166
0.290996
0.294008
0.293190
0.291183
0.289694
0.290953
0.290942
0.289090
0.291987
0.290124
0.292557
0.290594
0.288156
0.291236
0.289251
0.288573
0.290013
0.289482
0.291006
0.290499
0.289645
0.285923
0.289006
0.289205
0.291010
0.292659
0.291353
0.292139
0.293064
0.290290
0.289510
0.288964
0.290329
0.289754
0.289250
0.291845
0.291897
0.292318
0.291995
0.292050
0.291942
0.292451
0.291449
0.289209
0.288583
0.289682
0.291114
0.287674
0.289519
0.291834
0.291009
0.292267
0.290837
0.293274
0.290595
0.291290
0.291173
0.294372
0.293886
0.290403
0.291039
0.290885
0.290933
0.287968
0.288291
0.287551
0.288857
0.290190
0.290532
0.290601
0.292412
0.291656
0.289684
0.289911
0.289680
0.288302
0.289948
0.289204
0.288918
0.290319
0.288176
0.288080
0.291620
0.291344
0.292197
0.290993
0.291160
0.292218
0.292755
0.291542
0.291578
0.291912
0.288316
0.290074
0.291736
0.290307
0.292132
0.293093
0.290906
0.291944
0.291689
0.294010
0.291463
0.290333
0.288055
0.287042
0.287699
0.292234
0.290811
0.287941
0.290160
0.292079
0.291313
0.288774
0.289644
0.291096
0.290699
0.290480
0.291858
0.289865
0.290930
0.292360
0.291571
0.291220
0.289965
0.290613
0.291071
0.291651
0.292199
0.293140
0.294104
0.294420
0.291504
0.287972
0.290072
0.291234
0.290249
0.290138
0.288369
0.290797
0.292009
0.289886
0.289372
0.291634
0.290754
0.292109
0.289845
0.288221
0.289702
0.287931
0.289317
0.290557
0.291484
0.292844
0.292662
0.293401
0.290978
0.292702
0.290122
0.291816
0.291462
0.290094
0.290260
0.290951
0.292040
0.290052
0.290459
0.290747
0.290920
0.290453
0.292208
0.288967
0.290080
0.291253
0.289616
0.286766
0.286948
0.289675
0.289541
0.289723
0.291255
0.290373
0.287815
0.286156
0.287758
0.289232
0.289227
0.289834
0.291761
0.290419
0.288376
0.288663
0.291249
0.290332
0.293796
0.293545
0.293604
0.291479
0.289768
0.288670
0.290271
0.290851
0.290924
0.291060
0.291255
0.290121
0.288927
0.288273
0.289298
0.290003
0.288177
0.287475
0.287617
0.289873
0.290640
0.289362
0.289099
0.289779
0.289993
0.290010
0.290575
0.286409
0.290212
0.291397
0.289403
0.289375
0.288077
0.289250
0.292157
0.291504
0.293158
0.289041
0.293222
0.289321
0.289298
0.291142
0.288998
0.291014
0.291017
0.290328
0.291364
0.291579
0.287385
0.288893
0.290195
0.288920
0.292328
0.290458
0.291417
0.289035
0.291378
0.292321
0.289927
0.289470
0.289974
0.291804
0.291647
0.288116
0.292058
0.291888
0.290839
0.292992
0.291858
0.291713
0.289988
0.289913
0.290281
0.289608
0.289765
0.292286
0.288794
0.290893
0.288955
0.290042
0.291692
0.291504
0.291192
0.289114
0.289072
0.289140
0.288117
0.287720
0.288962
0.288971
0.292330
0.291379
0.289248
0.289105
0.288801
0.291182
0.289828
0.290750
0.292877
0.290108
0.291777
0.291549
0.290114
0.289478
0.290335
0.290576
0.290021
0.290451
0.289250
0.290860
0.289522
0.288099
0.289211
0.289107
0.289539
0.289540
0.289280
0.291472
0.289182
0.290934
0.291714
0.293595
0.294938
0.290190
0.288815
0.287532
0.289684
0.290424
0.290316
0.291104
0.292374
0.289828
0.292024
0.294102
0.291549
0.289497
0.289242
0.289973
0.290081
0.289009
0.290785
0.291232
0.290476
0.292568
0.291701
0.291134
0.286714
0.290868
0.289302
0.290307
0.293385
0.292796
0.289948
0.290716
0.290877
0.289977
0.290262
0.289792
0.292693
0.296027
0.292520
0.290503
0.291028
0.290191
0.289616
0.290345
0.289736
0.293505
0.293278
0.292350
0.291275
0.292115
0.291403
0.290682
0.293674
0.290550
0.290052
0.288406
0.289297
0.291607
0.292725
0.290565
0.290084
0.289876
0.288456
0.287404
0.290665
0.292908
0.292323
0.290556
0.292236
0.290901
0.291082
0.289516
0.290761
0.292789
0.292511
0.290504
0.289399
0.289722
0.291336
0.289553
0.291744
0.291157
0.291330
0.289167
0.290065
0.292597
0.290716
0.292712
0.293175
0.292534
0.290347
0.289373
0.290807
0.291155
0.291028
0.289122
0.291105
0.289408
0.288183
0.287782
0.286869
0.289318
0.290697
0.290794
0.293445
0.289902
0.291420
0.291718
0.292807
0.290713
0.289856
0.289742
0.291298
0.290559
0.290351
0.288856
0.290321
0.293455
0.292371
0.291739
0.290733
0.288598
0.290037
0.291452
0.289224
0.290538
0.290196
0.291490
0.288638
0.288985
0.291075
0.289039
0.288206
0.287693
0.291197
0.292613
0.291898
0.288563
0.288845
0.289360
0.291290
0.290815
0.291120
0.291693
0.291568
0.288547
0.290584
0.293203
0.290405
0.290896
0.292008
0.290954
0.292871
0.291237
0.287832
0.287291
0.289125
0.287944
0.285387
0.287366
0.289699
0.291076
0.291939
0.291272
0.290116
0.290297
0.291332
0.290532
0.289274
0.289522
0.291285
0.290101
0.288515
0.289772
0.292378
0.289713
0.292215
0.288921
0.288479
0.288692
0.290155
0.289030
0.288521
0.291347
0.292931
0.292552
0.291397
0.291235
0.292694
0.291484
0.289723
0.291692
0.291892
0.288774
0.290735
0.290158
0.291365
0.291539
0.289791
0.288563
0.287521
0.287529
0.289425
0.288562
0.290192
0.289617
0.290105
0.289506
0.288046
0.289534
0.291829
0.292889
0.290013
0.290494
0.290672
0.292579
0.290348
0.289186
0.287758
0.290551
0.289750
0.290413
0.288174
0.289809
0.290441
0.291524
0.292914
0.294163
0.288534
0.292122
0.291626
0.289062
0.290198
0.288983
0.291515
0.289780
0.288479
0.287878
0.289175
0.288408
0.290162
0.288301
0.288715
0.287674
0.290215
0.291825
0.290695
0.290606
0.288586
0.288653
0.290695
0.289574
0.291339
0.290423
0.289536
0.289639
0.289504
0.290218
0.289178
0.291250
0.292507
0.291163
0.292808
0.293517
0.291413
0.289190
0.285241
0.290148
0.291463
0.288446
0.291946
0.288730
0.290055
0.290057
0.291133
0.292359
0.294140
0.292007
0.292176
0.294610
0.293889
0.290909
0.288971
0.290078
0.290400
0.292734
0.291076
0.290955
0.290751
0.289859
0.289738
0.290900
0.292350
0.292135
0.292727
0.290372
0.291397
0.290322
0.288120
0.287876
0.290874
0.291121
0.289377
0.288462
0.288316
0.290085
0.290278
0.291574
0.289109
0.289272
0.290091
0.289936
0.289282
0.290163
0.289844
0.290385
0.288577
0.288340
0.288191
0.289863
0.290430
0.291002
0.292204
0.292665
0.290726
0.289458
0.291886
0.287726
0.288980
0.289707
0.289845
0.290764
0.291288
0.291830
0.289992
0.290536
0.288215
0.287060
0.289994
0.289871
0.292357
0.291348
0.291365
0.290969
0.290835
0.293095
0.291185
0.288969
0.290886
0.292859
0.290196
0.291066
0.292109
0.292111
0.289903
0.291770
0.289965
0.290774
0.288752
0.289567
0.289551
0.290289
0.290752
0.288505
0.288599
0.288619
0.290300
0.289730
0.291682
0.290894
0.289895
0.289403
0.288082
0.288316
0.290385
0.291744
0.288662
0.289537
0.291101
0.293031
0.292861
0.291789
0.290765
0.289991
0.290068
0.291178
0.290564
0.290627
0.293003
0.290404
0.290748
0.289965
0.291267
0.291422
0.293912
0.291314
0.289975
0.290416
0.291257
0.290281
0.290030
0.290988
0.292630
0.293683
0.291603
0.291287
0.289970
0.287379
0.289074
0.289785
0.288811
0.288948
0.291114
0.293055
0.291130
0.290062
0.290634
0.291775
0.290406
0.290709
0.288465
0.288933
0.290185
0.290464
0.287895
0.290572
0.291869
0.291178
0.289299
0.290145
0.288966
0.293028
0.289899
0.289695
0.288548
0.290087
0.293186
0.292697
0.289300
0.289244
0.288293
0.289907
0.290951
0.289174
0.288817
0.292132
0.290687
0.291082
0.290829
0.291444
0.291647
0.289519
0.288828
0.289603
0.290534
0.293345
0.289943
0.288766
0.289347
0.290762
0.287210
0.290962
0.287825
0.289710
0.290932
0.291517
0.290653
0.291779
0.290311
0.289335
0.291984
0.290253
0.290096
0.287993
0.288767
0.287372
0.291739
0.292248
0.291092
0.290000
0.290133
0.287868
0.291205
0.293632
0.291469
0.290469
0.289799
0.291153
0.290671
0.291761
0.289347
0.290623
0.292906
0.294641
0.290260
0.288815
0.287655
0.288321
0.288657
0.291730
0.290138
0.290638
0.289471
0.290457
0.289785
0.290712
0.289555
0.290578
0.288310
0.290719
0.292461
0.292305
0.291295
0.291679
0.289611
0.290701
0.288986
0.293847
0.293682
0.295510
0.291000
0.289296
0.289160
0.290947
0.291164
0.294213
0.293429
0.289719
0.291622
0.289472
0.289455
0.288424
0.289346
0.289597
0.289457
0.287408
0.287044
0.287417
0.287715
0.290864
0.290937
0.291995
0.291304
0.292782
0.293199
0.290593
0.288936
0.291562
0.291089
0.291218
0.291410
0.292213
0.291906
0.292393
0.291868
0.292860
0.291015
0.289065
0.289602
0.293088
0.290048
0.291329
0.287900
0.291538
0.288557
0.289811
0.288639
0.289217
0.289956
0.289195
0.289389
0.290803
0.286388
0.287268
0.291770
0.292069
0.289310
0.290945
0.291346
0.291042
0.289234
0.289038
0.288862
0.291849
0.290740
0.292076
0.291746
0.292655
0.288692
0.293036
0.289608
0.291396
0.286893
0.288919
0.292928
0.290710
0.293799
0.290412
0.291880
0.292775
0.293892
0.290063
0.290663
0.287843
0.289466
0.291307
0.289913
0.290916
0.288243
0.292346
0.289043
0.290924
0.290212
0.290455
0.290856
0.292817
0.291044
0.287262
0.289681
0.290710
0.289818
0.289914
0.290316
0.291479
0.290681
0.292592
0.293181
0.292102
0.291481
0.290010
0.291853
0.292519
0.294191
0.291998
0.293785
0.292396
0.293395
0.293113
0.292365
0.288392
0.290361
0.288768
0.289077
0.289029
0.286725
0.287446
0.288254
0.290321
0.289681
0.289778
0.288654
0.288588
0.289326
0.292611
0.290948
0.291234
0.293150
0.293734
0.290824
0.290813
0.289711
0.291765
0.292693
0.291787
0.289657
0.288068
0.288808
0.288971
0.289954
0.289545
0.291606
0.291452
0.290648
0.289442
0.290281
0.292332
0.292681
0.289823
0.290401
0.292423
0.291334
0.289735
0.290392
0.290981
0.293416
0.289154
0.288986
0.292977
0.290539
0.291304
0.289893
0.289940
0.291804
0.288273
0.291900
0.290403
0.291107
0.291244
0.289063
0.289372
0.288696
0.289518
0.291217
0.292773
0.289755
0.288781
0.289845
0.290719
0.289517
0.289804
0.289895
0.292293
0.288825
0.287467
0.290620
0.292002
0.290449
0.290658
0.290903
0.292258
0.289110
0.289493
0.291494
0.292796
0.295302
0.293738
0.291710
0.291020
0.290725
0.293120
0.290570
0.289012
0.289255
0.290637
0.290199
0.290640
0.291692
0.288868
0.289090
0.291911
0.292230
0.292175
0.289444
0.286795
0.287847
0.287844
0.289629
0.291740
0.292145
0.292424
0.290381
0.289799
0.288953
0.289318
0.293351
0.291443
0.290302
0.289707
0.289820
0.291216
0.292451
0.292233
0.290123
0.287790
0.290714
0.293560
0.290428
0.287117
0.290407
0.289163
0.291084
0.291184
0.289939
0.288740
0.290617
0.289357
0.290760
0.293021
0.293581
0.292309
0.292114
0.289136
0.289906
0.292390
0.290993
0.288481
0.290740
0.289267
0.288662
0.289582
0.289088
0.288569
0.289514
0.291587
0.290688
0.287291
0.284489
0.289063
0.290375
0.290370
0.291092
0.292303
0.289831
0.292050
0.291866
0.290012
0.290377
0.291707
0.287968
0.290559
0.292090
0.291675
0.290183
0.289387
0.291490
0.292103
0.291581
0.292228
0.290237
0.290787
0.292102
0.291046
0.291300
0.290663
0.289026
0.291672
0.288287
0.291871
0.290069
0.292174
0.291375
0.293648
0.292263
0.291182
0.292829
0.291313
0.290817
0.291263
0.289753
0.290319
0.288108
0.287783
0.290334
0.288160
0.290418
0.289208
0.285671
0.290477
0.290168
0.289663
0.291800
0.294660
0.290518
0.288517
0.290073
0.291938
0.290148
0.287609
0.289822
0.294539
0.290724
0.289113
0.293512
0.290455
0.290596
0.291582
0.290949
0.289615
0.289718
0.291113
0.289389
0.289615
0.289038
0.290799
0.292531
0.292279
0.291463
0.292257
0.292157
0.291720
0.290739
0.292706
0.290331
0.287768
0.289188
0.292286
0.291741
0.291780
0.291689
0.290530
0.285278
0.289097
0.289707
0.294359
0.293582
0.289985
0.292866
0.291086
0.292410
0.293070
0.289513
0.290656
0.290066
0.288345
0.289584
0.289979
0.289754
0.289806
0.289851
0.293006
0.288167
0.287784
0.290238
0.287896
0.288309
0.292708
0.287976
0.288231
0.290733
0.292766
0.290540
0.292476
0.291858
0.291556
0.291719
0.288567
0.293264
0.293517
0.290533
0.287646
0.288918
0.287289
0.288474
0.288795
0.290950
0.289994
0.290365
0.288818
0.293373
0.291749
0.294174
0.291603
0.290376
0.288104
0.289573
0.290391
0.289568
0.290207
0.291339
0.291641
0.291276
0.291724
0.290690
0.287374
0.290911
0.291071
0.290492
0.289071
0.291311
0.290877
0.289349
0.292449
0.290679
0.291455
0.290958
0.294320
0.290340
0.290204
0.289985
0.290530
0.289301
0.288553
0.289038
0.291335
0.290030
0.292355
0.291163
0.289338
0.291347
0.292889
0.292757
0.289603
0.287779
0.290343
0.290549
0.292586
0.290217
0.290610
0.288788
0.289642
0.288007
0.290415
0.291180
0.292549
0.287972
0.290611
0.290512
0.292350
0.291045
0.290819
0.291791
0.291082
0.290148
0.289933
0.290766
0.292808
0.293247
0.290118
0.291593
0.290715
0.288199
0.287526
0.292399
0.292878
0.290287
0.288791
0.288330
0.291146
0.289653
0.289013
0.291179
0.291349
0.290158
0.290334
0.292225
0.291590
0.289382
0.290714
0.289579
0.289226
0.290713
0.289875
0.289392
0.290255
0.290423
0.296722
0.293008
0.291829
0.288043
0.291521
0.292373
0.289474
0.289893
0.292106
0.289924
0.291518
0.287126
0.287950
0.291878
0.292292
0.291692
0.288918
0.290757
0.287922
0.288369
0.292288
0.289170
0.289222
0.290716
0.291788
0.289071
0.289464
0.287579
0.289823
0.291932
0.289269
0.292860
0.291788
0.289852
0.290574
0.290575
0.288566
0.288780
0.290941
0.288926
0.290018
0.292314
0.291555
0.292153
0.291647
0.293388
0.291091
0.289690
0.291003
0.290172
0.288023
0.290977
0.291064
0.287788
0.288706
0.292012
0.287985
0.291789
0.288706
0.289290
0.291578
0.289187
0.290201
0.290683
0.291889
0.292346
0.292223
0.292114
0.291392
0.292487
0.288886
0.286682
0.287954
0.290707
0.289194
0.290954
0.291165
0.289535
0.290065
0.289300
0.291214
0.290216
0.292985
0.291206
0.293067
0.291857
0.291836
0.291955
0.289108
0.289865
0.291004
0.290477
0.290837
0.290225
0.292916
0.289489
0.288886
0.288135
0.290396
0.290019
0.290668
0.291675
0.290960
0.289518
0.290867
0.290871
0.291033
0.290647
0.289960
0.289598
0.292386
0.293339
0.290618
0.290138
0.289181
0.289782
0.290946
0.290586
0.291146
0.291597
0.291963
0.293704
0.292850
0.290585
0.291010
0.290590
0.288603
0.292213
0.290233
0.290843
0.291654
0.290087
0.289706
0.289518
0.291322
0.291159
0.293370
0.288005
0.292507
0.289991
0.291732
0.290354
0.291275
0.287750
0.287291
0.288014
0.292213
0.290228
0.287435
0.291989
0.292294
0.294146
0.292590
0.291289
0.292906
0.289180
0.293153
0.292140
0.290966
0.288715
0.286480
0.286464
0.288038
0.290617
0.290719
0.294235
0.288303
0.291105
0.288882
0.291274
0.289645
0.291981
0.292002
0.293617
0.289476
0.290902
0.289617
0.288998
0.291453
0.288997
0.286652
0.288932
0.288362
0.290715
0.289955
0.290255
0.289147
0.289737
0.289258
0.289505
0.292919
0.291827
0.290629
0.291374
0.292032
0.290167
0.289289
0.291583
0.290699
0.289761
0.291089
0.290650
0.292522
0.286123
0.288536
0.289572
0.290100
0.292195
0.291499
0.291846
0.292336
0.289957
0.288694
0.291894
0.289694
0.289225
0.290690
0.290851
0.289091
0.289528
0.287810
0.292310
0.290288
0.290997
0.291461
0.288771
0.291161
0.291957
0.293435
0.292681
0.292845
0.293193
0.290316
0.290597
0.292730
0.289601
0.289182
0.290970
0.290122
0.292583
0.290046
0.290565
0.289177
0.289239
0.290627
0.289512
0.290965
0.292692
0.291643
0.291208
0.291870
0.292210
0.289034
0.291259
0.293392
0.291729
0.291779
0.289706
0.291679
0.290785
0.291680
0.291718
0.291990
0.292828
0.291471
0.290883
0.292573
0.290358
0.290184
0.291822
0.290747
0.288041
0.290684
0.290138
0.289177
0.288511
0.287981
0.292113
0.293398
0.289169
0.288798
0.288847
0.289949
0.291505
0.290838
0.290591
0.292064
0.289737
0.289511
0.290066
0.288046
0.289831
0.291388
0.291364
0.290662
0.289274
0.290379
0.290099
0.288137
0.290075
0.286651
0.289203
0.289467
0.291995
0.292588
0.290490
0.291743
0.292945
0.291987
0.291261
0.287436
0.291467
0.291468
0.292244
0.290523
0.289991
0.289093
0.290637
0.290320
0.289614
0.292328
0.290670
0.291982
0.291501
0.293348
0.291532
0.288500
0.289525
0.286849
0.288560
0.290067
0.289468
0.291807
0.290816
0.290488
0.294267
0.292938
0.290368
0.290728
0.290194
0.288590
0.289088
0.289089
0.291239
0.291556
0.292301
0.292034
0.289853
0.289905
0.290434
0.291900
0.290119
0.292368
0.290137
0.288340
0.287287
0.289671
0.288736
0.289281
0.289477
0.291306
0.290375
0.290194
0.292203
0.287136
0.289097
0.289693
0.289315
0.290805
0.292208
0.290258
0.291937
0.291021
0.291566
0.290469
0.291991
0.291548
0.290078
0.290384
0.292161
0.292553
0.290302
0.288510
0.291227
0.291739
0.290055
0.294380
0.290653
0.291697
0.292014
0.293290
0.290951
0.290630
0.289338
0.289108
0.288915
0.289956
0.289793
0.288402
0.287811
0.289013
0.291182
0.290006
0.290568
0.289840
0.293741
0.290187
0.288471
0.288253
0.290019
0.290062
0.291215
0.291922
0.290258
0.289397
0.290784
0.293236
0.291562
0.289586
0.290524
0.291617
0.291737
0.291164
0.290663
0.291174
0.289645
0.288727
0.289687
0.292209
0.288098
0.288937
0.289053
0.292285
0.292944
0.290757
0.289212
0.288160
0.290930
0.290409
0.291023
0.291735
0.292449
0.291493
0.291886
0.292901
0.292157
0.292755
0.295247
0.292376
0.289665
0.289595
0.290103
0.289803
0.288178
0.290382
0.289649
0.291137
0.290993
0.292021
0.289832
0.285415
0.291234
0.291342
0.291802
0.290551
0.289950
0.291650
0.291245
0.291653
0.290947
0.290334
0.288309
0.290664
0.289919
0.292119
0.290963
0.288927
0.288698
0.287362
0.288234
0.288560
0.287918
0.290572
0.290578
0.291837
0.290439
0.289572
0.291631
0.290929
0.291460
0.290729
0.286476
0.288790
0.289833
0.291933
0.294008
0.288964
0.291182
0.290644
0.290969
0.291558
0.289434
0.287281
0.289992
0.288777
0.289643
0.290327
0.291938
0.292367
0.290711
0.291341
0.290823
0.290561
0.290487
0.289017
0.289754
0.292447
0.291920
0.292111
0.289940
0.289646
0.291169
0.290807
0.291129
0.290778
0.292167
0.288275
0.291291
0.288641
0.288227
0.289313
0.289849
0.290942
0.290812
0.287862
0.289570
0.291598
0.288479
0.287306
0.289684
0.290974
0.290439
0.290899
0.292831
0.292731
0.289257
0.290009
0.288152

binsize 4
0.288640
0.289191
0.292433
0.289870
0.290401
0.291982
0.293574
0.289648
0.288716
0.290828
0.290777
0.290732
0.290001
0.289679
0.290810
0.290774
0.290480
0.289945
0.292444
0.289475
0.290717
0.291279
0.289243
0.289408
0.290730
0.289791
0.290236
0.290977
0.289395
0.290262
0.288875
0.290593
0.290976
0.291193
0.291203
0.290725
0.291255
0.290977
0.290249
0.291923
0.288140
0.289653
0.289719
0.290215
0.292055
0.291985
0.290830
0.290876
0.291300
0.290202
0.291951
0.291503
0.288065
0.289247
0.289875
0.289736
0.290453
0.290946
0.292025
0.290181
0.289951
0.292439
0.291470
0.292291
0.292438
0.291270
0.291337
0.291208
0.290907
0.290600
0.292988
0.291768
0.290309
0.289955
0.291061
0.288074
0.288725
0.293207
0.290576
0.291568
0.291411
0.291040
0.288349
0.288081
0.291520
0.291245
0.290825
0.289854
0.289093
0.290092
0.290113
0.290928
0.291307
0.289183
0.292848
0.293191
0.292556
0.289004
0.290999
0.290090
0.292003
0.289580
0.291885
0.292048
0.287921
0.287477
0.289266
0.291201
0.289468
0.290078
0.290218
0.289954
0.292144
0.290182
0.287795
0.288735
0.289549
0.290712
0.289471
0.288542
0.291311
0.290122
0.291948
0.291884
0.289729
0.289697
0.289747
0.287957
0.288910
0.288826
0.289859
0.292689
0.290057
0.291474
0.291471
0.291038
0.293661
0.290986
0.287364
0.290059
0.292074
0.290214
0.289537
0.289190
0.291459
0.288766
0.291391
0.291428
0.288802
0.290567
0.289519
0.289707
0.291331
0.288306
0.291605
0.288595
0.290597
0.291123
0.289232
0.290852
0.292122
0.290587
0.289917
0.289526
0.292005
0.290679
0.289306
0.289618
0.287858
0.290839
0.290084
0.289851
0.288963
0.291561
0.289748
0.288159
0.290741
0.290051
0.290080
0.289173
0.290846
0.289979
0.290259
0.289454
0.291102
0.288220
0.288307
0.289249
0.292121
0.289446
0.292517
0.291538
0.289859
0.289002
0.289155
0.288461
0.289297
0.291516
0.291557
0.291602
0.289744
0.289160
0.291975
0.291260
0.290295
0.289515
0.289743
0.292502
0.289491
0.289999
0.289879
0.290922
0.290764
0.291094
0.288256
0.289961
0.290239
0.289077
0.291843
0.292325
0.292924
0.288999
0.289475
0.291584
0.290856
0.291182
0.289762
0.289763
0.288526
0.290755
0.288868
0.290353
0.289175
0.290290
0.292054
0.291316
0.289976
0.290655
0.288750
0.289329
0.290306
0.289984
0.289902
0.291753
0.288790
0.288397
0.289075
0.290410
0.291320
0.289096
0.290978
0.291188
0.289517
0.291739
0.289231
0.289803
0.293140
0.292091
0.289114
0.290689
0.293351
0.289298
0.290474
0.289354
0.290831
0.292774
0.291421
0.289949
0.289103
0.289299
0.287589
0.290569
0.290715
0.289913
0.291147
0.291758
0.290288
0.292110
0.291525
0.290320
0.290265
0.290949
0.289674
0.290290
0.291274
0.290417
0.291548
0.289954
0.289989
0.290381
0.291248
0.291323
0.288791
0.290096
0.290130
0.290439
0.291601
0.292845
0.291212
0.290638
0.289171
0.291029
0.293476
0.290813
0.287206
0.291094
0.290532
0.289815
0.290607
0.289158
0.290274
0.289320
0.289603
0.292212
0.292318
0.291230
0.291022
0.290033
0.290771
0.291692
0.289379
0.291904
0.290194
0.288977
0.291903
0.289859
0.290125
0.292056
0.291814
0.291946
0.289682
0.290704
0.289826
0.290578
0.287011
0.291300
0.288958
0.288391
0.290943
0.289562
0.289831
0.291534
0.291397
0.290538
0.290083
0.290350
0.291308
0.287647
0.290811
0.289353
0.290287
0.289545
0.293332
0.290074
0.292174
0.290740
0.288823
0.289126
0.288655
0.289800
0.289891
0.291397
0.288371
0.291428
0.291886
0.289331
0.290464
0.290051
0.292244
0.292170
0.290260
0.288749
0.290739
0.290509
0.290893
0.292641
0.290158
0.289314
0.289817
0.291667
0.291162
0.290079
0.287819
0.291873
0.291927
0.290245
0.292167
0.291764
0.292736
0.293774
0.292412
0.291772
0.291787
0.290344
0.289695
0.291258
0.290748
0.288773
0.288141
0.290122
0.290696
0.289798
0.290067
0.290626
0.289735
0.291839
0.289670
0.288443
0.290684
0.291223
0.289709
0.291410
0.289608
0.291099
0.292580
0.290060
0.289996
0.290069
0.289690
0.291388
0.289873
0.290548
0.291606
0.289100
0.291053
0.289675
0.289290
0.290881
0.292045
0.291717
0.290170
0.290656
0.287842
0.290046
0.290789
0.289098
0.291110
0.289766
0.288512
0.287719
0.288772
0.294515
0.290916
0.290473
0.289633
0.289895
0.290819
0.290544
0.292535
0.291095
0.289489
0.291649
0.290716
0.288815
0.289925
0.293614
0.291130
0.289478
0.288602
0.292759
0.291249
0.292582
0.291677
0.288233
0.291755
0.291811
0.289916
0.291322
0.290530
0.289008
0.287745
0.288865
0.289770
0.291897
0.292160
0.290841
0.289979
0.291680
0.288920
0.289506
0.290440
0.291180
0.291483
0.292205
0.290309
0.288404
0.289306
0.292554
0.289789
0.291452
0.290633
0.291101
0.288610
0.289997
0.290795
0.289937
0.291636
0.290752
0.292244
0.292767
0.291612
0.291190
0.293794
0.291278
0.290072
0.291464
0.291629
0.289213
0.290206
0.291308
0.289204
0.290666
0.290395
0.290403
0.288243
0.290298
0.289128
0.288788
0.290742
0.288638
0.290680
0.292151
0.291993
0.290623
0.291297
0.291920
0.290287
0.289599
0.290224
0.290943
0.293044
0.291855
0.289290
0.287223
0.292921
0.292438
0.291144
0.293225
0.289049
0.291435
0.289165
0.290185
0.288952
0.291244
0.291129
0.290478
0.290147
0.291402
0.289741
0.291310
0.292451
0.290113
0.288912
0.286892
0.290062
0.290788
0.291382
0.290508
0.288905
0.291303
0.289640
0.292228
0.292753
0.290290
0.289589
0.290744
0.288648
0.288725
0.289792
0.290262
0.292422
0.294496
0.290346
0.290261
0.289296
0.289918
0.289053
0.287151
0.289887
0.289120
0.290656
0.291115
0.292426
0.291129
0.290403
0.291270
0.291279
0.290952
0.290578
0.291367
0.290971
0.291829
0.289523
0.292341
0.292033
0.288730
0.289851
0.289929
0.289967
0.288936
0.289491
0.291742
0.288133
0.287527
0.290261
0.289990
0.290001
0.291584
0.290402
0.290733
0.291728
0.289791
0.289859
0.290547
0.288818
0.289670
0.288080
0.289772
0.291013
0.290960
0.290558
0.289437
0.290744
0.292293
0.291323
0.290066
0.288773
0.291644
0.290537
0.290481
0.291003
0.289352
0.291508
0.288343
0.290495
0.290871
0.290521
0.289220
0.292628
0.290910
0.290750
0.289187
0.291431
0.290100
0.288149
0.292585
0.291749
0.291404
0.290506
0.290320
0.288957
0.289171
0.289100
0.291471
0.290966
0.289893
0.287862
0.290368
0.289959
0.289931
0.292094
0.288618
0.291248
0.291216
0.291210
0.291857
0.288886
0.290863
0.289227
0.290003
0.289983
0.289359
0.289241
0.288735
0.293438
0.291524
0.291771
0.291064
0.287956
0.288609
0.291689
0.289807
0.288239
0.290888
0.291130
0.291302
0.289398
0.292947
0.290108
0.288872
0.289961
0.294429
0.290731
0.289863
0.291287
0.291541
0.290889
0.290093
0.291703
0.290595
0.290874
0.291299
0.291505
0.289605
0.289514
0.289093
0.289194
0.290406
0.291014
0.288515
0.291547
0.293190
0.289256
0.289813
0.292916
0.290207
0.289557
0.292850
0.291500
0.291613
0.290299
0.288636
0.289466
0.289487
0.291201
0.291955
0.286498
0.289500
0.289281
0.289239
0.289291
0.293388
0.290737
0.291026
0.289483
0.291724
0.288628
0.291634
0.289722
0.290071
0.288625
0.291174
0.290772
0.289366
0.290311
0.292984
0.290525
0.291736
0.290161
0.290623
0.291105
0.288435
0.289719
0.289180
0.289291
0.290116
0.289066
0.290090
0.291349
0.288180
0.292459
0.291367
0.290257
0.292899
0.292028
0.287507
0.290914
0.290210
0.291814
0.290405
0.290537
0.291548
0.289754
0.289538
0.290082
0.289540
0.288226
0.287695
0.289159
0.289704
0.288821
0.291676
0.290070
0.290252
0.292627
0.288107
0.289412
0.290334
0.291978
0.291913
0.290539
0.289216
0.291359
0.291793
0.291330
0.291837
0.288878
0.290637
0.290066
0.288572
0.287807
0.288314
0.289305
0.287722
0.292453
0.292584
0.293215
0.290661
0.289513
0.291159
0.291812
0.290701
0.289513
0.290893
0.288846
0.290873
0.292860
0.289978
0.288248
0.290057
0.290802
0.292032
0.289298
0.288699
0.291107
0.289633
0.290906
0.290256
0.291351
0.289574
0.291221
0.290802
0.291169
0.289621
0.291687
0.290648
0.289808
0.291869
0.289576
0.290759
0.289523
0.289883
0.291969
0.292411
0.291841
0.292789
0.290241
0.289456
0.292161
0.291507
0.290156
0.291255
0.290724
0.291457
0.292594
0.291373
0.289043
0.292456
0.288302
0.291311
0.289446
0.289336
0.290976
0.290913
0.290342
0.291371
0.293712
0.290405
0.290404
0.290734
0.288975
0.289510
0.289895
0.293068
0.289751
0.291470
0.288483
0.290253
0.289181
0.289611
0.290889
0.290806
0.288730
0.289631
0.289202
0.292016
0.289547
0.288481
0.288917
0.289307
0.290814
0.290348
0.290263
0.289867
0.291049
0.290519
0.288790
0.288804
0.291101
0.290461
0.288860
0.288198
0.292919
0.292504
0.287998
0.289293
0.289732
0.292372
0.290382
0.290597
0.287643
0.289695
0.289038
0.291406
0.290188
0.290286
0.290724
0.289644
0.291971
0.288967
0.290857
0.289125
0.290337
0.289864
0.289496
0.289076
0.289697
0.288969
0.290060
0.290338
0.287493
0.290096
0.291210
0.288305
0.289463
0.290352
0.290618
0.291033
0.289368
0.289039
0.290023
0.292105
0.292081
0.290399
0.290823
0.291788
0.287454
0.287512
0.290707
0.290021
0.292931
0.289900
0.289543
0.289500
0.292740
0.289031
0.291509
0.288107
0.291857
0.289123
0.292623
0.291620
0.292044
0.293540
0.292770
0.289623
0.288157
0.292161
0.290020
0.288936
0.289983
0.289791
0.290084
0.290935
0.289968
0.291870
0.290513
0.288198
0.289751
0.288665
0.289819
0.291728
0.289562
0.291494
0.292859
0.288858
0.290952
0.291643
0.292327
0.291529
0.290984
0.290658
0.288954
0.291000
0.290823
0.292858
0.292366
0.290401
0.290212
0.290602
0.290733
0.290994
0.289754
0.290305
0.291424
0.288779
0.288346
0.289017
0.289960
0.291057
0.293196
0.290113
0.290765
0.290033
0.289825
0.292494
0.291172
0.290413
0.289956
0.287411
0.288638
0.288856
0.291131
0.291105
0.289932
0.291193
0.291393
0.290693
0.290955
0.290891
0.290120
0.292716
0.291752
0.290345
0.291089
0.290235
0.289341
0.289723
0.288405
0.291789
0.291068
0.291041
0.290160
0.290742
0.292153
0.291394
0.289746
0.290662
0.291397
0.290740
0.290715
0.293776
0.289030
0.288880
0.290099
0.290537
0.291762
0.290819
0.290347
0.290475
0.289556
0.291119
0.292234
0.291747
0.291758
0.290332
0.290011
0.291002
0.288882
0.288457
0.289731
0.289555
0.291937
0.291833
0.290174
0.291356
0.291517
0.289485
0.290702
0.292076
0.292547
0.290472
0.288972
0.286063
0.288123
0.291670
0.289290
0.289957
0.288749
0.291249
0.291656
0.290855
0.289217
0.291603
0.292354
0.291266
0.291370
0.290907
0.292581
0.293599
0.290439
0.290948
0.290538
0.291341
0.289375
0.290243
0.289293
0.290244
0.290072
0.287465
0.290107
0.292006
0.292601
0.289900
0.289647
0.289502
0.291871
0.292157
0.291996
0.291950
0.288896
0.290398
0.288596
0.291422
0.291552
0.291934
0.291232
0.294129
0.290721
0.290909
0.288129
0.288204
0.290361
0.291506
0.290670
0.289796
0.289125
0.289061
0.289248
0.289850
0.291771
0.291076
0.292486
0.291560
0.290114
0.290905
0.291220
0.291999
0.291816
0.292737
0.289194
0.287371
0.291522
0.289051
0.291696
0.289209
0.290897
0.291169
0.290397
0.291966
0.290592
0.290842
0.291925
0.293622
0.292962
0.289022
0.290741
0.289254
0.291403
0.289629
0.291194
0.290977
0.288961
0.288624
0.291021
0.292753
0.292190
0.291412
0.291639
0.290177
0.291495
0.290255
0.290834
0.291330
0.289524
0.290434
0.286857
0.289608
0.290489
0.289094
0.286957
0.289229
0.290798
0.289397
0.289956
0.292064
0.293575
0.290624
0.289471
0.290888
0.291158
0.289524
0.288786
0.289090
0.287546
0.290256
0.289231
0.289886
0.290292
0.288311
0.290400
0.288726
0.290703
0.292331
0.291131
0.289310
0.290070
0.291015
0.290846
0.289482
0.289544
0.290624
0.290938
0.290207
0.291124
0.289722
0.291725
0.290087
0.291363
0.292425
0.290851
0.290097
0.289687
0.290540
0.289924
0.290867
0.291348
0.289093
0.288629
0.288341
0.290651
0.290313
0.288953
0.290505
0.291813
0.290942
0.290832
0.289907
0.290299
0.289851
0.290191
0.288655
0.289323
0.289410
0.290327
0.291324
0.294267
0.289503
0.288608
0.290370
0.291739
0.290926
0.292825
0.289370
0.290027
0.289897
0.290854
0.292135
0.288924
0.290085
0.291846
0.291372
0.290797
0.290120
0.291243
0.294274
0.290766
0.289904
0.290041
0.293391
0.291812
0.291759
0.292178
0.290301
0.288852
0.292166
0.290324
0.289166
0.289035
0.292615
0.291396
0.290992
0.290138
0.292650
0.289951
0.290529
0.290648
0.291243
0.289616
0.291657
0.292943
0.291440
0.290090
0.291091
0.290114
0.288796
0.287325
0.290007
0.292119
0.290661
0.292262
0.290285
0.290520
0.290455
0.289589
0.292913
0.291236
0.289318
0.290338
0.290367
0.290064
0.290030
0.288622
0.289445
0.292255
0.288704
0.290325
0.290967
0.291630
0.289566
0.291804
0.291452
0.291913
0.289534
0.288208
0.286666
0.288533
0.291508
0.290694
0.290815
0.289903
0.290404
0.289308
0.291075
0.290964
0.288700
0.289424
0.288775
0.292139
0.291975
0.291964
0.290604
0.291792
0.289755
0.290761
0.290665
0.288042
0.288477
0.289377
0.289861
0.288776
0.290682
0.291451
0.290583
0.291464
0.288472
0.290151
0.289293
0.290125
0.292219
0.291349
0.291874
0.289630
0.290249
0.289130
0.288527
0.289285
0.288508
0.288945
0.291260
0.289596
0.289674
0.290456
0.289980
0.289572
0.289698
0.291879
0.291985
0.292465
0.287216
0.290805
0.290196
0.289393
0.290595
0.293250
0.292091
0.294250
0.289940
0.290239
0.291905
0.290853
0.289798
0.291625
0.292431
0.290885
0.289221
0.289375
0.290249
0.288389
0.290182
0.290341
0.289681
0.289609
0.290003
0.289481
0.288266
0.290147
0.291603
0.291695
0.290672
0.288353
0.289776
0.291026
0.290911
0.289375
0.288527
0.291114
0.291356
0.290902
0.292140
0.289927
0.291527
0.291587
0.291007
0.290868
0.289763
0.289559
0.290521
0.288552
0.289459
0.290706
0.290394
0.288742
0.289351
0.290203
0.290319
0.292946
0.291277
0.290030
0.290871
0.291815
0.290576
0.290616
0.292667
0.290644
0.290837
0.290156
0.291809
0.292643
0.290628
0.288227
0.289298
0.290031
0.292093
0.290348
0.291090
0.289587
0.289559
0.289180
0.291221
0.290239
0.289556
0.291463
0.289121
0.291637
0.290998
0.288768
0.290429
0.288996
0.291409
0.290955
0.291546
0.289173
0.290069
0.291644
0.289057
0.288986
0.289393
0.290321
0.291085
0.291045
0.290659
0.290174
0.288380
0.289555
0.291670
0.290066
0.289536
0.292550
0.290134
0.290912
0.290554
0.291765
0.292451
0.288235
0.288489
0.290934
0.290055
0.290121
0.290134
0.289444
0.291590
0.291800
0.290645
0.289843
0.293765
0.293255
0.289228
0.291055
0.293821
0.290670
0.289463
0.288885
0.289527
0.287226
0.287566
0.290901
0.291649
0.292991
0.289765
0.291326
0.291314
0.292059
0.292131
0.291937
0.289333
0.291568
0.289615
0.290047
0.289225
0.289587
0.289292
0.288596
0.289519
0.290689
0.291145
0.290138
0.288950
0.291295
0.291911
0.290674
0.291322
0.289144
0.290924
0.292255
0.291146
0.293334
0.290363
0.288655
0.290610
0.289579
0.290695
0.290568
0.290655
0.291931
0.288472
0.290264
0.290115
0.291080
0.292887
0.291791
0.290931
0.293355
0.292892
0.292895
0.292739
0.289376
0.288922
0.287877
0.287850
0.290001
0.289216
0.288957
0.291779
0.292192
0.292279
0.290262
0.292229
0.290722
0.288438
0.289463
0.290575
0.291050
0.289862
0.292506
0.290112
0.291878
0.290063
0.292199
0.289070
0.291758
0.290598
0.290872
0.290086
0.290755
0.290153
0.289034
0.290367
0.291264
0.289313
0.290118
0.289850
0.290559
0.289043
0.291226
0.290780
0.290684
0.290494
0.294049
0.292724
0.290872
0.291845
0.289134
0.290418
0.291166
0.288979
0.292070
0.290809
0.287321
0.288737
0.291942
0.291403
0.289376
0.291335
0.290872
0.289764
0.291833
0.291178
0.289252
0.291994
0.288762
0.290123
0.290561
0.289678
0.290059
0.293301
0.292212
0.289521
0.291692
0.289610
0.288965
0.289335
0.289042
0.291138
0.285890
0.289719
0.290731
0.291067
0.291958
0.290195
0.289838
0.291324
0.290929
0.290439
0.291842
0.291232
0.291444
0.291173
0.289844
0.289980
0.290970
0.291775
0.292955
0.292006
0.291065
0.290508
0.289213
0.289058
0.289289
0.287440
0.290323
0.290732
0.292589
0.289295
0.291043
0.288715
0.292632
0.291312
0.290525
0.291266
0.289667
0.290251
0.289327
0.291665
0.291871
0.292207
0.291230
0.291519
0.288478
0.292013
0.291735
0.287904
0.289402
0.293970
0.291426
0.291748
0.291292
0.290361
0.288964
0.289867
0.289828
0.290586
0.289011
0.288102
0.290342
0.289482
0.291653
0.292167
0.291638
0.290916
0.292025
0.288282
0.287882
0.289873
0.290180
0.291095
0.292962
0.290990
0.288839
0.289980
0.290773
0.291459
0.291207
0.289143
0.290781
0.290191
0.290113
0.291564
0.291207
0.292330
0.290095
0.289916
0.288795
0.290682
0.291759
0.290343
0.292823
0.288691
0.290446
0.291402
0.289699
0.288824
0.290798
0.290261
0.290562
0.291697
0.291305
0.290615
0.290349
0.293028
0.290856
0.289457
0.289963
0.291582
0.288561
0.290400
0.290096
0.290754
0.291280
0.290486
0.290146
0.289969
0.289633
0.290339
0.294865
0.289936
0.291947
0.289683
0.291015
0.289322
0.289914
0.291992
0.289837
0.288146
0.290729
0.289969
0.290429
0.288522
0.290877
0.291064
0.290820
0.290575
0.288673
0.289933
0.291166
0.291854
0.292517
0.290391
0.290587
0.289500
0.289426
0.290359
0.289887
0.288998
0.290382
0.290442
0.292118
0.292169
0.291940
0.287784
0.289331
0.290074
0.290350
0.289682
0.290715
0.292095
0.292462
0.291895
0.289487
0.290741
0.290531
0.291203
0.288511
0.290208
0.291171
0.290239
0.290869
0.290840
0.289779
0.292862
0.290378
0.289482
0.290766
0.291371
0.292834
0.291717
0.290800
0.290408
0.290538
0.290871
0.289612
0.291241
0.290687
0.291249
0.291043
0.289513
0.287652
0.291221
0.289712
0.293220
0.291939
0.291043
0.292647
0.289841
0.286472
0.289328
0.292477
0.289704
0.290078
0.290813
0.292809
0.290189
0.289307
0.290225
0.287792
0.289539
0.290105
0.289442
0.289382
0.292373
0.291002
0.291099
0.290436
0.290230
0.290869
0.289322
0.289054
0.291148
0.291672
0.291147
0.290294
0.289460
0.290771
0.289309
0.290060
0.290643
0.290116
0.291559
0.293058
0.293019
0.290456
0.291165
0.290076
0.291353
0.290305
0.289208
0.290069
0.291828
0.291426
0.292040
0.290147
0.292560
0.290743
0.291232
0.291699
0.292409
0.291177
0.291466
0.291003
0.289394
0.290411
0.288844
0.290047
0.291283
0.288822
0.290727
0.290714
0.290901
0.289789
0.288938
0.291376
0.289968
0.290239
0.289106
0.287927
0.290731
0.291539
0.292344
0.291624
0.289451
0.291856
0.290257
0.289865
0.289967
0.291499
0.291741
0.292440
0.289012
0.287705
0.289767
0.291311
0.292377
0.291653
0.290461
0.288839
0.290164
0.291928
0.290944
0.290169
0.291009
0.291252
0.287814
0.289203
0.289379
0.290840
0.291198
0.288116
0.289504
0.291506
0.291097
0.291293
0.291230
0.290813
0.291273
0.291428
0.289868
0.290897
0.292517
0.291855
0.292121
0.289984
0.289011
0.289875
0.288107
0.290097
0.290287
0.291790
0.289329
0.289136
0.290639
0.291090
0.290090
0.292399
0.290055
0.291677
0.290913
0.290410
0.289207
0.290154
0.288995
0.292615
0.289984
0.289545
0.290716
0.292092
0.291690
0.292529
0.294001
0.291021
0.289849
0.288991
0.290016
0.291065
0.290926
0.288324
0.291572
0.290250
0.291448
0.291300
0.289321
0.290291
0.291541
0.288812
0.287798
0.288239
0.290575
0.291138
0.290602
0.291194
0.288603
0.289312
0.292970
0.290073
0.290806
0.290496
0.288637
0.289210
0.291133
0.291539
0.291082
0.290524
0.289385
0.292184
0.291026
0.290407
0.290968
0.291472
0.289783
0.288434
0.289581
0.290877
0.288716
0.290039
0.288495
0.290707
0.291865
0.290994
0.289081

binsize 8
0.288915
0.291151
0.291192
0.291611
0.289772
0.290755
0.289840
0.290792
0.290212
0.290959
0.290998
0.289326
0.290261
0.290607
0.289829
0.289734
0.291085
0.290964
0.291116
0.291086
0.288897
0.289967
0.292020
0.290853
0.290751
0.291727
0.288656
0.289805
0.290700
0.291103
0.291195
0.291881
0.291854
0.291272
0.290754
0.292378
0.290132
0.289568
0.290966
0.291072
0.291225
0.288215
0.291383
0.290339
0.289592
0.290520
0.290245
0.293019
0.290780
0.290545
0.290792
0.291966
0.287699
0.290234
0.289773
0.290086
0.291163
0.288265
0.290131
0.289006
0.290716
0.291916
0.289713
0.288852
0.288868
0.291274
0.290765
0.291255
0.292323
0.288712
0.291144
0.289364
0.290113
0.291410
0.289685
0.289613
0.289819
0.290100
0.290860
0.290042
0.291355
0.289722
0.291342
0.289462
0.289349
0.289967
0.290262
0.288953
0.290396
0.289626
0.290413
0.289857
0.289661
0.288778
0.290784
0.292027
0.289430
0.288808
0.290407
0.291579
0.289452
0.291618
0.289905
0.291123
0.289745
0.290400
0.290929
0.289109
0.289658
0.292084
0.290962
0.290530
0.291019
0.289762
0.289640
0.289611
0.289732
0.291685
0.290316
0.289039
0.290145
0.290827
0.288593
0.289742
0.290208
0.291083
0.290628
0.289517
0.292616
0.289901
0.291324
0.289914
0.291803
0.290685
0.289201
0.289079
0.290314
0.291453
0.291199
0.290922
0.290607
0.289982
0.290846
0.290751
0.290185
0.291285
0.289443
0.290285
0.292223
0.290925
0.290100
0.292145
0.289150
0.290173
0.289882
0.289797
0.290908
0.291774
0.290528
0.291231
0.290642
0.289586
0.290881
0.291091
0.291880
0.290193
0.290202
0.289155
0.288674
0.290252
0.290683
0.290968
0.290217
0.289477
0.290082
0.289916
0.291703
0.291457
0.288975
0.289227
0.290644
0.289899
0.290608
0.290258
0.292207
0.289505
0.290624
0.291767
0.289736
0.290742
0.290621
0.289846
0.291086
0.291966
0.293255
0.292092
0.291065
0.290477
0.289761
0.289132
0.290247
0.290347
0.290787
0.289056
0.290953
0.290560
0.290353
0.291320
0.290032
0.290539
0.290211
0.290353
0.290364
0.290086
0.291881
0.290413
0.288944
0.289943
0.290438
0.288115
0.291643
0.290695
0.289764
0.290681
0.291815
0.290569
0.289766
0.291769
0.290304
0.290680
0.291915
0.289955
0.291783
0.290619
0.289769
0.288305
0.290834
0.291500
0.290829
0.289213
0.290810
0.291844
0.289356
0.290930
0.290621
0.290867
0.289303
0.290366
0.291194
0.292505
0.291401
0.292536
0.290768
0.290421
0.290757
0.289935
0.290399
0.289271
0.288958
0.289690
0.291416
0.291308
0.291609
0.289943
0.290584
0.292449
0.288256
0.292680
0.292184
0.290242
0.289675
0.290098
0.290804
0.290775
0.290525
0.291282
0.287902
0.290425
0.290945
0.290104
0.290934
0.291522
0.290167
0.288686
0.290027
0.293459
0.290303
0.289607
0.288102
0.289504
0.290885
0.291778
0.290837
0.291115
0.290972
0.291400
0.290932
0.290381
0.289890
0.289451
0.290616
0.287830
0.290126
0.290793
0.290567
0.290760
0.290203
0.289244
0.288926
0.290987
0.289998
0.291518
0.290695
0.290209
0.290509
0.290178
0.289925
0.290683
0.289870
0.291769
0.289969
0.290766
0.290367
0.291576
0.290413
0.289064
0.290285
0.290430
0.289115
0.289945
0.290356
0.291232
0.291533
0.289875
0.289615
0.289671
0.288988
0.292481
0.291417
0.288282
0.290748
0.289564
0.291216
0.291173
0.289490
0.292195
0.290297
0.291414
0.290491
0.291149
0.291087
0.290555
0.289304
0.289800
0.289764
0.292368
0.289535
0.291561
0.291203
0.291556
0.289467
0.289477
0.291578
0.287999
0.289260
0.291340
0.290881
0.290603
0.290131
0.289897
0.289899
0.290069
0.291647
0.291131
0.290392
0.289770
0.289450
0.289703
0.289578
0.289765
0.291913
0.291578
0.289768
0.290562
0.291109
0.291043
0.289646
0.289811
0.287961
0.289432
0.290248
0.290161
0.290367
0.289873
0.291945
0.289878
0.291576
0.291584
0.289757
0.289319
0.288060
0.288513
0.292518
0.291938
0.290336
0.291256
0.290203
0.289860
0.291419
0.289152
0.291417
0.288999
0.290370
0.290581
0.290462
0.291012
0.290395
0.291167
0.290838
0.290167
0.289703
0.292190
0.292315
0.289849
0.291834
0.290705
0.291090
0.291984
0.290750
0.289806
0.289391
0.290944
0.290857
0.292059
0.290569
0.289243
0.291482
0.290611
0.289368
0.289396
0.290848
0.289181
0.290609
0.289014
0.289112
0.290581
0.290065
0.290784
0.288797
0.290781
0.288529
0.292711
0.288645
0.291052
0.290489
0.288669
0.290222
0.290237
0.290184
0.290469
0.289991
0.290100
0.289286
0.289333
0.290199
0.288795
0.289757
0.289907
0.290826
0.289204
0.291064
0.291240
0.291305
0.287483
0.290364
0.291415
0.289521
0.290886
0.289808
0.290490
0.292122
0.292792
0.291196
0.290159
0.289478
0.289887
0.290509
0.290919
0.289356
0.289208
0.290774
0.290528
0.290859
0.291297
0.291928
0.290821
0.289977
0.291840
0.291384
0.290407
0.290863
0.290029
0.290101
0.288681
0.290509
0.291654
0.290399
0.291159
0.290793
0.288683
0.288747
0.291118
0.290563
0.291043
0.290923
0.291418
0.291048
0.290662
0.289532
0.290097
0.291054
0.290451
0.291773
0.290204
0.291069
0.292245
0.288955
0.290318
0.291291
0.290411
0.290338
0.291990
0.291045
0.290507
0.288670
0.289643
0.291885
0.290765
0.290501
0.291389
0.291509
0.287517
0.289897
0.289623
0.289999
0.291255
0.290410
0.291810
0.291139
0.293090
0.290693
0.290940
0.289809
0.289768
0.288768
0.291057
0.291251
0.289574
0.292014
0.291973
0.289647
0.290009
0.291743
0.292680
0.290815
0.288167
0.290934
0.290233
0.289093
0.289549
0.291423
0.292023
0.290510
0.291610
0.292276
0.288282
0.290287
0.290453
0.291033
0.291181
0.290717
0.292774
0.290992
0.289998
0.290516
0.291085
0.288793
0.291887
0.291801
0.290908
0.290875
0.291082
0.289979
0.288233
0.289791
0.288093
0.290098
0.291010
0.292099
0.290179
0.290341
0.288938
0.288901
0.289558
0.289302
0.289563
0.291517
0.290221
0.290543
0.290164
0.290084
0.290572
0.290423
0.290906
0.291894
0.290474
0.290113
0.290395
0.290220
0.288485
0.290482
0.289729
0.291378
0.290369
0.290075
0.289423
0.289366
0.290825
0.291885
0.289489
0.291332
0.291098
0.289962
0.291494
0.289505
0.291609
0.290458
0.292758
0.290335
0.291716
0.291786
0.291240
0.290509
0.289745
0.290825
0.291194
0.291394
0.290240
0.290946
0.290636
0.292192
0.290591
0.289455
0.288666
0.291390
0.291273
0.290488
0.291251
0.290277
0.290352
0.290047
0.289034
0.290480
0.290646
0.290598
0.291628
0.290723
0.287437
0.290020
0.290754
0.290153
0.290191
0.289832
0.289100
0.292057
0.291284
0.290773
0.290713
0.288260
0.289619
0.289729
0.291017
0.289968
0.289722
0.291172
0.291611
0.289940
0.288828
0.288897
0.290102
0.289635
0.290218
0.289635
0.291932
0.289840
0.290501
0.289994
0.292671
0.292095
0.291072
0.290326
0.292028
0.290053
0.289812
0.289285
0.290011
0.289806
0.288873
0.290875
0.291184
0.289065
0.290969
0.288951
0.291235
0.291521
0.290727
0.291297
0.290315
0.290040
0.289005
0.290550
0.289046
0.290261
0.292111
0.290450
0.291196
0.291641
0.290740
0.290982
0.291636
0.288762
0.291062
0.290719
0.289573
0.290200
0.289897
0.290292
0.291318
0.289599
0.290202
0.291251
0.289621
0.290350
0.289190
0.290703
0.290852
0.289277
0.290613
0.289801
0.291342
0.290733
0.292108
0.288362
0.290494
0.290127
0.290517
0.291222
0.291804
0.291242
0.292438
0.290067
0.289206
0.287396
0.291275
0.291378
0.291320
0.292095
0.290635
0.290591
0.289636
0.289439
0.289057
0.290917
0.289544
0.291603
0.290998
0.290034
0.291700
0.291849
0.289632
0.290137
0.290612
0.290201
0.290190
0.291983
0.291361
0.293123
0.292817
0.289149
0.287863
0.289609
0.290368
0.292235
0.291245
0.289580
0.290019
0.290456
0.291309
0.290971
0.290634
0.291178
0.290479
0.290454
0.289701
0.290288
0.289984
0.289801
0.291003
0.290589
0.293387
0.291359
0.289776
0.290073
0.291440
0.288029
0.291672
0.290355
0.290318
0.291506
0.290623
0.289443
0.290120
0.291680
0.290866
0.290651
0.289150
0.290090
0.287804
0.290899
0.291076
0.290581
0.290684
0.291537
0.291309
0.289912
0.291372
0.292481
0.290787
0.289136
0.288364
0.290527
0.290942
0.289879
0.291972
0.290895
0.289959
0.290496
0.292039
0.291374
0.290246
0.289819
0.291686
0.291587
0.290826
0.289415
0.290207
0.288557
0.289912
0.291910
0.291277
0.290154
0.288877
0.290637
0.291976
0.289409
0.291116
0.290175
0.290486
0.290839
0.291768
0.290005
0.289739
0.291051
0.290757
0.290924
0.289262
0.290529
0.291130
0.290960
0.291688
0.290156
0.290772
0.289480
0.290425
0.290883
0.290058
0.289986
0.292400
0.290815
0.290169
0.290953
0.288991
0.290349
0.289476
0.290971
0.290698
0.289303
0.291510
0.291454
0.290044
0.289893
0.289442
0.290412
0.292143
0.289862
0.289702
0.290016
0.291405
0.292178
0.290114
0.290867
0.289359
0.290705
0.290854
0.291321
0.289930
0.291069
0.292276
0.290604
0.290704
0.290426
0.290968
0.290278
0.289436
0.291466
0.291491
0.291244
0.287900
0.291091
0.290445
0.291499
0.289766
0.288665
0.289774
0.290877
0.291050
0.290333
0.290096
0.290101
0.291410
0.289877
0.290040
0.290351
0.290837
0.293039
0.290811
0.290714
0.289757
0.290949
0.291733
0.291354
0.290987
0.292054
0.291321
0.290199
0.289627
0.290665
0.289774
0.290807
0.289364
0.290672
0.289673
0.289329
0.291942
0.290537
0.291056
0.289916
0.291620
0.290726
0.288736
0.291844
0.291057
0.289501
0.291436
0.290589
0.289533
0.289291
0.291019
0.288810
0.291302
0.291262
0.291043
0.290648
0.291707
0.291988
0.289498
0.288991
0.290192
0.290560
0.289887
0.290590
0.291227
0.291295
0.289808
0.289574
0.291300
0.290131
0.291891
0.293265
0.290435
0.289503
0.290996
0.289948
0.290849
0.290311
0.290916
0.288305
0.289407
0.290870
0.289898
0.291141
0.290440
0.289566
0.290171
0.291310
0.289955
0.291605
0.290688
0.290628
0.289007
0.289796
0.289267
0.291286
0.290038

binsize 16
0.290033
0.291401
0.290263
0.290316
0.290586
0.290162
0.290434
0.289781
0.291024
0.291101
0.289432
0.291437
0.291239
0.289231
0.290901
0.291538
0.291563
0.291566
0.289850
0.291019
0.289720
0.290861
0.290056
0.291632
0.290663
0.291379
0.288966
0.289930
0.289714
0.289569
0.291316
0.289282
0.290071
0.291010
0.290517
0.290254
0.290761
0.289649
0.289959
0.290451
0.290538
0.290402
0.289658
0.289608
0.290011
0.290135
0.289219
0.291406
0.289119
0.290993
0.290535
0.290514
0.290073
0.290019
0.290871
0.290746
0.290391
0.289625
0.290709
0.289677
0.290486
0.289168
0.290646
0.290073
0.291258
0.290619
0.291244
0.289140
0.290883
0.291061
0.290294
0.290798
0.290735
0.289864
0.291574
0.291122
0.289662
0.289840
0.291341
0.290880
0.290114
0.290986
0.291037
0.289679
0.289463
0.290825
0.289847
0.289999
0.291580
0.289101
0.290272
0.290433
0.290856
0.291195
0.290239
0.290233
0.291526
0.292674
0.290771
0.289446
0.290297
0.289922
0.290756
0.290836
0.290286
0.290282
0.290225
0.291147
0.289444
0.289277
0.291169
0.290223
0.291192
0.290767
0.290492
0.290935
0.291201
0.289037
0.291167
0.290021
0.291327
0.290143
0.290744
0.289835
0.291850
0.291969
0.290595
0.290346
0.289835
0.289324
0.291362
0.290776
0.291517
0.290468
0.291213
0.289887
0.290789
0.290904
0.289164
0.290524
0.291228
0.289426
0.291743
0.289955
0.288803
0.291332
0.290976
0.291186
0.290657
0.289671
0.289223
0.290459
0.290663
0.289724
0.289956
0.290758
0.290452
0.290343
0.290304
0.290820
0.290367
0.290972
0.289739
0.290358
0.289530
0.290794
0.290704
0.289643
0.290735
0.289850
0.290156
0.291194
0.290842
0.290856
0.290820
0.290821
0.289552
0.291066
0.290548
0.291380
0.289472
0.289788
0.290300
0.290742
0.290014
0.289984
0.291389
0.290081
0.289576
0.289671
0.291745
0.290165
0.291076
0.289729
0.288696
0.290205
0.290120
0.290911
0.291580
0.289538
0.288287
0.292228
0.290796
0.290031
0.290286
0.290208
0.290475
0.290737
0.290781
0.290503
0.290947
0.291082
0.291270
0.291537
0.290278
0.290168
0.291458
0.289906
0.291046
0.289382
0.290014
0.289812
0.289846
0.290424
0.289789
0.290620
0.289849
0.289579
0.290230
0.290327
0.290046
0.289309
0.289497
0.289832
0.290015
0.291152
0.289394
0.290890
0.290204
0.290149
0.292457
0.290678
0.289683
0.290714
0.289282
0.290651
0.291078
0.291374
0.290909
0.290895
0.290446
0.289391
0.291081
0.290779
0.289738
0.289933
0.290803
0.291171
0.290855
0.289814
0.290753
0.290989
0.291657
0.289636
0.290851
0.291164
0.290776
0.289156
0.291325
0.290945
0.289513
0.289760
0.290627
0.291110
0.292114
0.290816
0.289789
0.289912
0.290413
0.291993
0.289828
0.292212
0.289491
0.290583
0.289321
0.291723
0.291060
0.290279
0.290370
0.291107
0.291746
0.290495
0.290801
0.290340
0.291354
0.290979
0.289106
0.288942
0.290554
0.291139
0.289639
0.289230
0.289432
0.290869
0.290353
0.290328
0.290665
0.291184
0.290254
0.289353
0.290105
0.290873
0.289749
0.290096
0.290687
0.291215
0.290728
0.290557
0.291608
0.291025
0.291513
0.290127
0.291009
0.290817
0.290791
0.291391
0.289060
0.291332
0.290869
0.290315
0.289540
0.290563
0.291113
0.289080
0.290387
0.290172
0.289466
0.291670
0.290743
0.288939
0.290373
0.289845
0.291392
0.289384
0.289499
0.289926
0.290783
0.290170
0.291332
0.291584
0.291177
0.289932
0.289648
0.289340
0.291029
0.290017
0.290093
0.291124
0.290806
0.289523
0.289798
0.291186
0.290823
0.291191
0.291309
0.289912
0.290146
0.290049
0.290805
0.289900
0.290436
0.289770
0.290778
0.289945
0.290572
0.291420
0.289428
0.290322
0.291513
0.291840
0.289636
0.289335
0.291349
0.291365
0.290114
0.289248
0.290231
0.291300
0.290867
0.290741
0.290374
0.290195
0.291672
0.292970
0.288506
0.289988
0.291740
0.289800
0.290883
0.290803
0.290829
0.290078
0.290136
0.290402
0.291988
0.290567
0.290756
0.289851
0.290337
0.291064
0.289781
0.291273
0.289901
0.288947
0.290988
0.290632
0.291423
0.290642
0.291634
0.288750
0.290735
0.290926
0.290427
0.291267
0.290810
0.290753
0.291207
0.289811
0.289234
0.291593
0.289515
0.291307
0.290262
0.290330
0.291303
0.289872
0.290904
0.290093
0.290829
0.291324
0.290464
0.289952
0.290470
0.291193
0.290492
0.289972
0.289912
0.290834
0.290407
0.290749
0.289668
0.291278
0.289782
0.290711
0.291146
0.290113
0.290780
0.290625
0.291672
0.290654
0.290697
0.289857
0.291479
0.289572
0.290768
0.290633
0.289219
0.290964
0.290214
0.290755
0.289958
0.290594
0.291925
0.290236
0.291341
0.291170
0.291688
0.289913
0.290220
0.290085
0.290172
0.290635
0.290797
0.290768
0.289731
0.291451
0.290469
0.290061
0.290155
0.290056
0.291152
0.291177
0.290743
0.289591
0.290223
0.290909
0.290552
0.290437
0.291011
0.291850
0.290249
0.290399
0.290613
0.288856
0.290384
0.290790
0.289869
0.290633
0.291146
0.289817
0.289532
0.290662

binsize 32
0.290717
0.290290
0.290374
0.290107
0.291063
0.290434
0.290235
0.291220
0.291564
0.290434
0.290291
0.290844
0.291021
0.289448
0.289641
0.290299
0.290540
0.290386
0.290205
0.290205
0.290470
0.289633
0.290073
0.290312
0.290056
0.290524
0.290046
0.290808
0.290008
0.290193
0.289827
0.290359
0.290939
0.290192
0.290972
0.290546
0.290300
0.291348
0.289751
0.291110
0.290550
0.290358
0.290144
0.289923
0.290340
0.290352
0.291026
0.290236
0.292100
0.290109
0.290109
0.290796
0.290284
0.290686
0.289360
0.290696
0.290980
0.290714
0.290119
0.290594
0.290735
0.290289
0.291909
0.290470
0.289580
0.291069
0.290992
0.290550
0.290846
0.289844
0.290327
0.290849
0.290067
0.291081
0.290164
0.289841
0.290193
0.290357
0.290398
0.290562
0.290670
0.290048
0.290162
0.290173
0.290292
0.290675
0.290849
0.290820
0.290309
0.290964
0.289630
0.290521
0.289999
0.290735
0.289624
0.290955
0.290402
0.289451
0.290516
0.290559
0.290258
0.290414
0.290247
0.290606
0.290642
0.291014
0.291403
0.290223
0.290682
0.290214
0.289913
0.290135
0.290204
0.289714
0.290278
0.289678
0.289665
0.290583
0.290142
0.290176
0.291567
0.290199
0.289966
0.291226
0.290902
0.289919
0.290930
0.289835
0.290987
0.290335
0.290871
0.290647
0.291007
0.289966
0.291135
0.289637
0.290869
0.291465
0.289851
0.291203
0.291020
0.290037
0.290522
0.290669
0.290739
0.291120
0.290570
0.291167
0.289024
0.290846
0.289435
0.290151
0.290341
0.290924
0.289804
0.290489
0.289922
0.290951
0.290642
0.291317
0.290820
0.290913
0.291091
0.290196
0.290592
0.290052
0.290096
0.290280
0.290568
0.289841
0.290109
0.290388
0.289713
0.290477
0.291458
0.290554
0.289494
0.290523
0.290609
0.290165
0.290492
0.291007
0.290610
0.290097
0.290353
0.290103
0.290361
0.290996
0.289875
0.291677
0.289486
0.291357
0.289681
0.290765
0.290804
0.290285
0.292321
0.289247
0.290770
0.290843
0.290453
0.290269
0.291277
0.290304
0.290701
0.290527
0.289424
0.290810
0.291033
0.290192
0.290830
0.290847
0.290781
0.290509
0.290414
0.290411
0.290296
0.290588
0.290498
0.291077
0.290208
0.290832
0.290232
0.290373
0.290578
0.290473
0.290246
0.290629
0.290703
0.291163
0.290277
0.290525
0.290700
0.290092
0.290485
0.290276
0.291080
0.291256
0.290800
0.290153
0.290404
0.290782
0.290591
0.290265
0.290106
0.291165
0.290167
0.290566
0.290494
0.291430
0.290324
0.289735
0.290587
0.290251
0.290482
0.290097
