
binsize 2
1.000000
0.344247
0.072191
0.051337
0.029744
0.020400
0.005056
0.002895
0.015416
0.055717
0.023354
0.034086
0.030767
0.023033
0.015003
0.030474
0.013005
-0.033870
-0.026985
-0.052893
-0.077593
-0.067036
-0.020318
-0.016074
-0.018767
-0.021637
-0.017197
0.035525
0.003118
-0.060099
0.009347
0.031789
0.007028
0.007926
-0.010346
-0.018997
-0.027219
0.021660
0.031655
0.009322
0.009046
0.035774
0.041772
0.024881
0.022714
-0.004165
0.014416
0.028248
0.042703
0.021989
0.018532
0.028942
0.011615
0.020648
-0.050603
-0.023608
-0.059525
-0.033483
0.034570
0.057830
0.042492
0.043235
0.005577
-0.007977

binsize 4
1.000000
0.191533
0.039621
0.023999
0.028480
0.056400
0.036016
0.015742
0.015083
-0.043046
-0.100447
-0.020618
-0.040003
-0.008102
-0.021224
0.017632
-0.011482
0.006132
-0.009493
0.016700
0.022083
0.059871
0.017687
0.024910
0.062294
0.017049
0.034687
-0.046246
-0.067304
0.049542
0.070177
-0.002384
0.006713
0.034473
-0.055830
-0.034033
-0.024210
0.048312
0.148098
0.005128
-0.086238
0.027930
0.003514
0.009359
0.029307
0.073932
0.021892
0.013327
-0.066731
-0.110299
-0.016965
0.056898
0.031558
0.000123
-0.063777
-0.088004
-0.104503
-0.085892
-0.000305
-0.037514
-0.035374
0.009084
0.121570
0.048989

binsize 8
1.000000
0.124188
0.040596
0.077469
0.014663
-0.099943
-0.092277
-0.022570
-0.003083
0.032954
0.017796
0.081062
0.051824
-0.004001
-0.044547
0.089854
0.012435
-0.029381
-0.032382
0.155489
-0.062283
0.020571
0.065052
0.048797
-0.110270
-0.031642
0.062736
-0.134199
-0.116305
-0.076220
-0.018056
0.119186
0.023204
0.083810
-0.002659
-0.016650
-0.092725
-0.066292
-0.007837
-0.066364
0.070620
0.049933
0.028608
-0.023102
-0.103774
-0.025255
-0.129984
0.042168
0.086111
0.043567
0.147359
0.054021
0.184477
-0.094744
-0.009522
-0.083598
0.001796
0.007588
-0.060769
0.117259
-0.001767
0.006160
0.123054
-0.007065

binsize 16
1.000000
0.084862
-0.023111
-0.080622
-0.045765
0.109135
0.062180
0.003804
0.042122
0.041817
0.009111
0.126061
-0.162236
0.018972
-0.244588
0.040157
0.128705
0.007707
-0.130183
-0.051643
0.080326
0.027020
-0.147466
-0.106374
0.137049
0.171815
0.162270
-0.158165
0.020591
-0.034605
0.073510
0.109820
-0.049581
-0.024561
-0.041560
-0.107687
0.019087
0.034964
-0.182105
0.094047
0.005894
0.196740
-0.091006
-0.215473
-0.201666
0.074655
0.094142
-0.175592
-0.000439
-0.000498
0.138474
0.031234
-0.049031
-0.098686
-0.028928
0.099236
0.155071
0.090967
0.045323
-0.128683
-0.191372
0.176100
0.136171
-0.033895

binsize 32
1.000000
0.070625
-0.063348
0.084926
0.075529
0.103286
-0.191846
-0.174350
0.136699
-0.179763
0.032572
-0.129480
0.209581
0.159547
-0.090384
0.072787
0.128466
-0.182726
-0.111884
-0.055450
0.138082
-0.110922
-0.250182
-0.072626
0.056190
0.107677
-0.029479
-0.170357
0.335753
0.021295
-0.130438
0.179310
0.032708
0.011184
-0.047179
-0.215710
-0.020866
-0.183633
-0.124870
-0.217630
-0.182898
0.050232
-0.265625
-0.140071
0.103235
0.153402
0.243239
0.036178
-0.401612
-0.355444
-0.126241
-0.236775
-0.509014
-0.047638
-0.112583
-0.145583
0.460326
0.756638
0.484757
0.978017
0.801455
0.020062
-0.217497
0.011202
