binsize 1
1.000000
0.571419
0.288030
0.138502
0.061255
0.011972
-0.019718
-0.019052
-0.022096
-0.020572
-0.015173
-0.038452
-0.028666
-0.016941
-0.035648
-0.050575
-0.042997
-0.019129
-0.001415
0.019938
0.018023
0.036254
0.022472
0.036199
0.029773
0.018054
0.006830
-0.006405
-0.009821
0.010146
0.013659
0.022530
0.011234
-0.005686
-0.019899
-0.016099
-0.026251
-0.020162
-0.009121
-0.021942
-0.022831
-0.002802
0.010406
0.033948
0.074890
0.085262
0.068015
0.048393
0.043947
0.015510
-0.011286
-0.040012
-0.069389
-0.088577
-0.086236
-0.088374
-0.048830
-0.024022
-0.026018
-0.024304
-0.025230
-0.019041
0.006543
-0.015463
binsize 2
1.000000
0.412867
0.091254
-0.026126
-0.017260
-0.020307
-0.040957
-0.049268
-0.041774
0.002672
0.040506
0.036224
0.038741
0.005363
-0.004044
0.019974
0.024244
-0.018766
-0.027497
-0.027989
-0.007783
0.018405
0.081004
0.098978
0.052174
-0.017233
-0.089871
-0.101538
-0.068384
-0.027783
-0.031935
-0.004301
-0.019276
-0.013623
0.017723
0.017157
0.003049
-0.019813
-0.010262
0.008549
-0.004258
-0.028946
-0.048265
-0.025817
-0.022752
-0.006350
-0.015196
-0.035217
-0.003901
0.007726
-0.007172
0.008797
-0.000226
-0.051781
-0.057199
-0.004048
-0.005384
0.035153
0.034778
0.011949
-0.004079
0.000075
0.049549
0.040387
binsize 4
1.000000
0.216823
-0.049137
-0.048775
-0.042817
0.051368
0.024853
0.008725
0.010578
-0.052205
-0.001787
0.091341
0.064546
-0.110457
-0.106427
-0.031154
-0.014044
0.000733
-0.002762
-0.002787
-0.020146
-0.051033
-0.041606
-0.022953
-0.018177
-0.001126
-0.031925
-0.059171
0.014497
0.039081
-0.017763
0.041057
0.005875
0.020575
0.055013
0.078356
0.041644
0.048828
-0.031948
-0.003261
0.034492
-0.012189
0.030029
-0.016659
0.015223
0.053031
0.028325
-0.022136
0.011075
-0.026023
-0.002270
-0.017822
0.004053
0.059001
0.061745
-0.001369
-0.030983
-0.018125
-0.092983
0.066181
0.056754
0.012918
-0.010912
0.018952
binsize 8
1.000000
0.024955
-0.048713
0.067518
-0.026630
-0.007961
0.057321
-0.140107
-0.011598
0.014222
-0.057589
-0.088538
0.024849
-0.102451
0.054934
0.002461
0.057119
0.026763
0.122318
0.008781
-0.009312
0.018093
0.011575
0.023245
0.003548
-0.016762
0.013464
0.097316
-0.033789
-0.096435
0.102795
0.008832
0.057712
0.128408
0.029298
0.059501
-0.047862
-0.066895
0.059777
0.082551
-0.059496
0.016320
0.037087
0.039671
0.083565
0.007345
0.019929
0.135582
0.023472
0.083348
-0.095050
-0.030293
0.018539
-0.082543
-0.165735
-0.019896
0.003110
0.082763
-0.002444
-0.061790
0.042491
0.057973
0.042472
-0.025396
binsize 16
1.000000
0.004610
-0.024796
0.029129
-0.107938
-0.098351
-0.053451
0.011945
0.068209
0.149342
0.038555
-0.010817
-0.025265
0.083111
-0.019014
0.057855
0.097764
0.107182
-0.026166
0.085993
-0.074625
0.150747
0.034994
0.105610
0.149695
-0.057845
-0.069116
-0.211594
0.050699
-0.008670
0.088000
0.033711
-0.026359
0.029909
0.009452
-0.081046
0.019108
0.117897
0.102230
0.072637
0.110101
-0.073066
-0.240409
-0.091057
-0.250962
0.120510
0.219001
0.007265
0.088745
-0.021495
-0.199088
-0.142541
0.044171
-0.179854
-0.014295
0.098231
-0.000914
-0.041714
-0.047591
0.150893
-0.065773
0.012103
0.031376
-0.176135
binsize 32
1.000000
0.036529
-0.246302
0.022341
0.201831
-0.001306
0.075277
-0.010924
0.260061
0.152364
-0.161147
0.255026
0.280621
-0.251836
-0.103751
0.140218
-0.004999
-0.027455
0.044099
0.131406
0.207308
-0.419714
-0.212624
0.368060
0.006737
-0.393913
0.017848
-0.058243
0.007607
0.090224
-0.089149
-0.001107
-0.102056
-0.319361
0.093362
0.204233
-0.320026
-0.220927
-0.074171
0.142839
0.046615
-0.138241
-0.125122
0.203803
-0.286504
-0.292148
0.182621
0.071570
-0.083952
0.042675
-0.280359
-0.086382
0.202872
-0.176224
-0.119590
0.208375
-0.188760
-0.002654
0.235179
-0.325774
-0.297804
0.423676
0.349067
0.405756
