0.250000	-0.182899	0.133920
0.251000	-0.184152	0.155501
0.252000	-0.185409	0.177083
0.253000	-0.186671	0.198667
0.254000	-0.187938	0.220253
0.255000	-0.189208	0.241842
0.256000	-0.190484	0.263433
0.257000	-0.191764	0.285028
0.258000	-0.193049	0.306627
0.259000	-0.194339	0.328230
0.260000	-0.195633	0.349838
0.261000	-0.196932	0.371452
0.262000	-0.198236	0.393071
0.263000	-0.199545	0.414697
0.264000	-0.200859	0.436330
0.265000	-0.202177	0.457970
0.266000	-0.203501	0.479619
0.267000	-0.204830	0.501277
0.268000	-0.206164	0.522944
0.269000	-0.207502	0.544621
0.270000	-0.208847	0.566309
0.271000	-0.210196	0.588009
0.272000	-0.211551	0.609721
0.273000	-0.212911	0.631446
0.274000	-0.214276	0.653185
0.275000	-0.215647	0.674938
0.276000	-0.217023	0.696706
0.277000	-0.218404	0.718491
0.278000	-0.219792	0.740293
0.279000	-0.221184	0.762112
0.280000	-0.222583	0.783951
0.281000	-0.223987	0.805809
0.282000	-0.225397	0.827687
0.283000	-0.226813	0.849587
0.284000	-0.228234	0.871510
0.285000	-0.229662	0.893456
0.286000	-0.231096	0.915427
0.287000	-0.232535	0.937423
0.288000	-0.233981	0.959446
0.289000	-0.235433	0.981496
0.290000	-0.236891	1.003576
0.291000	-0.238355	1.025686
0.292000	-0.239826	1.047827
0.293000	-0.241303	1.070000
0.294000	-0.242786	1.092207
0.295000	-0.244276	1.114449
0.296000	-0.245773	1.136728
0.297000	-0.247276	1.159044
0.298000	-0.248786	1.181399
0.299000	-0.250303	1.203795
0.300000	-0.251826	1.226233
0.301000	-0.253357	1.248714
0.302000	-0.254894	1.271239
0.303000	-0.256439	1.293812
0.304000	-0.257991	1.316432
0.305000	-0.259549	1.339102
0.306000	-0.261116	1.361823
0.307000	-0.262689	1.384598
0.308000	-0.264270	1.407427
0.309000	-0.265858	1.430312
0.310000	-0.267455	1.453257
0.311000	-0.269058	1.476261
0.312000	-0.270670	1.499328
0.313000	-0.272289	1.522459
0.314000	-0.273916	1.545656
0.315000	-0.275551	1.568922
0.316000	-0.277195	1.592258
0.317000	-0.278846	1.615667
0.318000	-0.280506	1.639151
0.319000	-0.282174	1.662712
0.320000	-0.283850	1.686353
0.321000	-0.285535	1.710076
0.322000	-0.287229	1.733883
0.323000	-0.288931	1.757778
0.324000	-0.290642	1.781762
0.325000	-0.292362	1.805839
0.326000	-0.294091	1.830012
0.327000	-0.295829	1.854282
0.328000	-0.297577	1.878654
0.329000	-0.299333	1.903129
0.330000	-0.301099	1.927712
0.331000	-0.302875	1.952406
0.332000	-0.304660	1.977213
0.333000	-0.306455	2.002137
0.334000	-0.308260	2.027182
0.335000	-0.310075	2.052351
0.336000	-0.311900	2.077648
0.337000	-0.313736	2.103076
0.338000	-0.315581	2.128640
0.339000	-0.317437	2.154344
0.340000	-0.319304	2.180191
0.341000	-0.321181	2.206187
0.342000	-0.323070	2.232335
0.343000	-0.324969	2.258640
0.344000	-0.326879	2.285106
0.345000	-0.328801	2.311740
0.346000	-0.330734	2.338545
0.347000	-0.332679	2.365526
0.348000	-0.334635	2.392690
0.349000	-0.336604	2.420041
0.350000	-0.338584	2.447586
0.351000	-0.340576	2.475330
0.352000	-0.342581	2.503279
0.353000	-0.344598	2.531441
0.354000	-0.346628	2.559820
0.355000	-0.348671	2.588424
0.356000	-0.350727	2.617261
0.357000	-0.352796	2.646336
0.358000	-0.354878	2.675659
0.359000	-0.356974	2.705236
0.360000	-0.359083	2.735077
0.361000	-0.361207	2.765188
0.362000	-0.363345	2.795580
0.363000	-0.365497	2.826261
0.364000	-0.367663	2.857241
0.365000	-0.369844	2.888529
0.366000	-0.372041	2.920136
0.367000	-0.374252	2.952072
0.368000	-0.376479	2.984350
0.369000	-0.378722	3.016979
0.370000	-0.380980	3.049974
0.371000	-0.383255	3.083345
0.372000	-0.385546	3.117106
0.373000	-0.387853	3.151272
0.374000	-0.390178	3.185856
0.375000	-0.392520	3.220874
0.376000	-0.394879	3.256342
0.377000	-0.397256	3.292276
0.378000	-0.399652	3.328693
0.379000	-0.402065	3.365612
0.380000	-0.404498	3.403052
0.381000	-0.406949	3.441033
0.382000	-0.409420	3.479576
0.383000	-0.411911	3.518704
0.384000	-0.414421	3.558441
0.385000	-0.416953	3.598810
0.386000	-0.419505	3.639838
0.387000	-0.422078	3.681553
0.388000	-0.424673	3.723985
0.389000	-0.427290	3.767163
0.390000	-0.429930	3.811121
0.391000	-0.432592	3.855894
0.392000	-0.435279	3.901519
0.393000	-0.437989	3.948035
0.394000	-0.440723	3.995484
0.395000	-0.443483	4.043911
0.396000	-0.446269	4.093363
0.397000	-0.449080	4.143893
0.398000	-0.451919	4.195554
0.399000	-0.454784	4.248404
0.400000	-0.457678	4.302508
0.401000	-0.460601	4.357933
0.402000	-0.463553	4.414752
0.403000	-0.466536	4.473045
0.404000	-0.469550	4.532896
0.405000	-0.472596	4.594398
0.406000	-0.475674	4.657653
0.407000	-0.478787	4.722769
0.408000	-0.481934	4.789868
0.409000	-0.485118	4.859080
0.410000	-0.488338	4.930550
0.411000	-0.491596	5.004436
0.412000	-0.494894	5.080913
0.413000	-0.498233	5.160177
0.414000	-0.501615	5.242443
0.415000	-0.505040	5.327953
0.416000	-0.508510	5.416977
0.417000	-0.512029	5.509820
0.418000	-0.515596	5.606827
0.419000	-0.519215	5.708390
0.420000	-0.522888	5.814956
0.421000	-0.526618	5.927043
0.422000	-0.530406	6.045247
0.423000	-0.534257	6.170266
0.424000	-0.538174	6.302922
0.425000	-0.542161	6.444189
0.426000	-0.546221	6.595237
0.427000	-0.550361	6.757488
0.428000	-0.554585	6.932688
0.429000	-0.558900	7.123020
0.430000	-0.563315	7.331259
0.431000	-0.567837	7.561005
0.432000	-0.572478	7.817049
0.433000	-0.577252	8.105956
0.434000	-0.582175	8.437066
0.435000	-0.587270	8.824306
0.436000	-0.592567	9.289788
0.437000	-0.598109	9.871776
0.438000	-0.603962	10.645587
0.439000	-0.610247	11.795203
0.440000	-0.617247	14.040934
0.441000	-0.626228	15.979248
0.442000	-0.633707	12.282998
0.443000	-0.640225	10.804622
0.444000	-0.646245	9.858107
0.445000	-0.651926	9.158322
0.446000	-0.657348	8.601924
0.447000	-0.662563	8.139558
0.448000	-0.667602	7.743749
0.449000	-0.672493	7.397604
0.450000	-0.677252	7.089986
0.451000	-0.681894	6.813159
0.452000	-0.686432	6.561527
0.453000	-0.690875	6.330907
0.454000	-0.695231	6.118091
0.455000	-0.699507	5.920565
0.456000	-0.703709	5.736317
0.457000	-0.707842	5.563714
0.458000	-0.711910	5.401412
0.459000	-0.715918	5.248291
0.460000	-0.719869	5.103407
0.461000	-0.723766	4.965956
0.462000	-0.727613	4.835251
0.463000	-0.731411	4.710694
0.464000	-0.735163	4.591767
0.465000	-0.738872	4.478016
0.466000	-0.742539	4.369041
0.467000	-0.746167	4.264486
0.468000	-0.749756	4.164036
0.469000	-0.753308	4.067408
0.470000	-0.756826	3.974348
0.471000	-0.760310	3.884628
0.472000	-0.763761	3.798039
0.473000	-0.767181	3.714394
0.474000	-0.770571	3.633522
0.475000	-0.773932	3.555266
0.476000	-0.777265	3.479483
0.477000	-0.780570	3.406041
0.478000	-0.783850	3.334818
0.479000	-0.787104	3.265702
0.480000	-0.790333	3.198591
0.481000	-0.793539	3.133387
0.482000	-0.796721	3.070003
0.483000	-0.799881	3.008353
0.484000	-0.803019	2.948362
0.485000	-0.806136	2.889957
0.486000	-0.809232	2.833070
0.487000	-0.812309	2.777639
0.488000	-0.815366	2.723602
0.489000	-0.818403	2.670905
0.490000	-0.821423	2.619496
0.491000	-0.824424	2.569324
0.492000	-0.827408	2.520342
0.493000	-0.830375	2.472508
0.494000	-0.833325	2.425779
0.495000	-0.836259	2.380115
0.496000	-0.839177	2.335479
0.497000	-0.842080	2.291836
0.498000	-0.844967	2.249153
0.499000	-0.847840	2.207396
0.500000	-0.850698	2.166536
0.501000	-0.853542	2.126543
0.502000	-0.856373	2.087391
0.503000	-0.859189	2.049052
0.504000	-0.861993	2.011502
0.505000	-0.864784	1.974716
0.506000	-0.867563	1.938672
0.507000	-0.870328	1.903348
0.508000	-0.873082	1.868723
0.509000	-0.875825	1.834776
0.510000	-0.878555	1.801488
0.511000	-0.881274	1.768841
0.512000	-0.883983	1.736817
0.513000	-0.886680	1.705400
0.514000	-0.889366	1.674572
0.515000	-0.892043	1.644318
0.516000	-0.894709	1.614622
0.517000	-0.897365	1.585471
0.518000	-0.900011	1.556851
0.519000	-0.902647	1.528747
0.520000	-0.905275	1.501147
0.521000	-0.907892	1.474038
0.522000	-0.910501	1.447408
0.523000	-0.913101	1.421245
0.524000	-0.915692	1.395539
0.525000	-0.918275	1.370278
0.526000	-0.920849	1.345452
0.527000	-0.923415	1.321050
0.528000	-0.925973	1.297063
0.529000	-0.928523	1.273482
0.530000	-0.931065	1.250296
0.531000	-0.933599	1.227498
0.532000	-0.936126	1.205078
0.533000	-0.938645	1.183028
0.534000	-0.941157	1.161340
0.535000	-0.943662	1.140007
0.536000	-0.946160	1.119020
0.537000	-0.948652	1.098372
0.538000	-0.951136	1.078056
0.539000	-0.953614	1.058065
0.540000	-0.956085	1.038392
0.541000	-0.958550	1.019031
0.542000	-0.961009	0.999976
0.543000	-0.963461	0.981219
0.544000	-0.965907	0.962756
0.545000	-0.968348	0.944580
0.546000	-0.970782	0.926686
0.547000	-0.973211	0.909067
0.548000	-0.975634	0.891719
0.549000	-0.978051	0.874637
0.550000	-0.980463	0.857814
0.551000	-0.982869	0.841248
0.552000	-0.985271	0.824931
0.553000	-0.987667	0.808860
0.554000	-0.990058	0.793031
0.555000	-0.992443	0.777438
0.556000	-0.994824	0.762077
0.557000	-0.997200	0.746944
0.558000	-0.999572	0.732035
0.559000	-1.001938	0.717346
0.560000	-1.004300	0.702873
0.561000	-1.006657	0.688612
0.562000	-1.009010	0.674559
0.563000	-1.011359	0.660711
0.564000	-1.013703	0.647064
0.565000	-1.016042	0.633614
0.566000	-1.018378	0.620358
0.567000	-1.020710	0.607293
0.568000	-1.023037	0.594415
0.569000	-1.025360	0.581721
0.570000	-1.027680	0.569209
0.571000	-1.029996	0.556875
0.572000	-1.032307	0.544716
0.573000	-1.034615	0.532729
0.574000	-1.036920	0.520911
0.575000	-1.039221	0.509260
0.576000	-1.041518	0.497773
0.577000	-1.043812	0.486446
0.578000	-1.046102	0.475279
0.579000	-1.048389	0.464267
0.580000	-1.050672	0.453409
0.581000	-1.052952	0.442702
0.582000	-1.055229	0.432143
0.583000	-1.057503	0.421731
0.584000	-1.059774	0.411463
0.585000	-1.062041	0.401336
0.586000	-1.064306	0.391349
0.587000	-1.066568	0.381499
0.588000	-1.068826	0.371785
0.589000	-1.071082	0.362203
0.590000	-1.073335	0.352753
0.591000	-1.075585	0.343432
0.592000	-1.077832	0.334238
0.593000	-1.080077	0.325169
0.594000	-1.082319	0.316224
0.595000	-1.084558	0.307400
0.596000	-1.086795	0.298696
0.597000	-1.089030	0.290110
0.598000	-1.091261	0.281640
0.599000	-1.093491	0.273285
0.600000	-1.095717	0.265042
0.601000	-1.097942	0.256911
0.602000	-1.100164	0.248889
0.603000	-1.102384	0.240975
0.604000	-1.104602	0.233167
0.605000	-1.106817	0.225465
0.606000	-1.109030	0.217866
0.607000	-1.111241	0.210368
0.608000	-1.113450	0.202971
0.609000	-1.115657	0.195674
0.610000	-1.117862	0.188474
0.611000	-1.120065	0.181370
0.612000	-1.122265	0.174361
0.613000	-1.124464	0.167446
0.614000	-1.126661	0.160623
0.615000	-1.128856	0.153891
0.616000	-1.131049	0.147249
0.617000	-1.133240	0.140695
0.618000	-1.135430	0.134229
0.619000	-1.137618	0.127849
0.620000	-1.139804	0.121554
0.621000	-1.141988	0.115343
0.622000	-1.144170	0.109215
0.623000	-1.146351	0.103168
0.624000	-1.148531	0.097202
0.625000	-1.150708	0.091315
0.626000	-1.152885	0.085506
0.627000	-1.155059	0.079775
0.628000	-1.157232	0.074120
0.629000	-1.159404	0.068540
0.630000	-1.161574	0.063035
0.631000	-1.163743	0.057603
0.632000	-1.165910	0.052244
0.633000	-1.168076	0.046955
0.634000	-1.170240	0.041738
0.635000	-1.172403	0.036590
0.636000	-1.174565	0.031510
0.637000	-1.176725	0.026499
0.638000	-1.178885	0.021554
0.639000	-1.181042	0.016676
0.640000	-1.183199	0.011862
0.641000	-1.185355	0.007113
0.642000	-1.187509	0.002428
0.643000	-1.189662	-0.002195
0.644000	-1.191814	-0.006755
0.645000	-1.193965	-0.011255
0.646000	-1.196115	-0.015694
0.647000	-1.198263	-0.020073
0.648000	-1.200411	-0.024394
0.649000	-1.202557	-0.028656
0.650000	-1.204703	-0.032861
0.651000	-1.206847	-0.037009
0.652000	-1.208990	-0.041101
0.653000	-1.211133	-0.045138
0.654000	-1.213274	-0.049120
0.655000	-1.215415	-0.053048
0.656000	-1.217554	-0.056923
0.657000	-1.219693	-0.060745
0.658000	-1.221831	-0.064515
0.659000	-1.223968	-0.068233
0.660000	-1.226104	-0.071901
0.661000	-1.228239	-0.075519
0.662000	-1.230374	-0.079087
0.663000	-1.232507	-0.082606
0.664000	-1.234640	-0.086077
0.665000	-1.236772	-0.089501
0.666000	-1.238903	-0.092877
0.667000	-1.241034	-0.096206
0.668000	-1.243163	-0.099489
0.669000	-1.245292	-0.102727
0.670000	-1.247421	-0.105920
0.671000	-1.249548	-0.109068
0.672000	-1.251675	-0.112173
0.673000	-1.253801	-0.115234
0.674000	-1.255927	-0.118252
0.675000	-1.258052	-0.121228
0.676000	-1.260176	-0.124162
0.677000	-1.262300	-0.127055
0.678000	-1.264423	-0.129906
0.679000	-1.266545	-0.132718
0.680000	-1.268667	-0.135489
0.681000	-1.270789	-0.138221
0.682000	-1.272910	-0.140914
0.683000	-1.275030	-0.143569
0.684000	-1.277150	-0.146185
0.685000	-1.279269	-0.148764
0.686000	-1.281387	-0.151305
0.687000	-1.283506	-0.153810
0.688000	-1.285623	-0.156278
0.689000	-1.287741	-0.158711
0.690000	-1.289857	-0.161108
0.691000	-1.291974	-0.163469
0.692000	-1.294090	-0.165797
0.693000	-1.296205	-0.168089
0.694000	-1.298320	-0.170348
0.695000	-1.300435	-0.172574
0.696000	-1.302549	-0.174766
0.697000	-1.304663	-0.176925
0.698000	-1.306776	-0.179053
0.699000	-1.308889	-0.181148
0.700000	-1.311002	-0.183211
0.701000	-1.313114	-0.185243
0.702000	-1.315226	-0.187245
0.703000	-1.317338	-0.189215
0.704000	-1.319449	-0.191156
0.705000	-1.321560	-0.193066
0.706000	-1.323671	-0.194947
0.707000	-1.325781	-0.196799
0.708000	-1.327891	-0.198622
0.709000	-1.330001	-0.200416
0.710000	-1.332111	-0.202182
0.711000	-1.334220	-0.203921
0.712000	-1.336329	-0.205631
0.713000	-1.338437	-0.207315
0.714000	-1.340546	-0.208971
0.715000	-1.342654	-0.210601
0.716000	-1.344762	-0.212204
0.717000	-1.346870	-0.213781
0.718000	-1.348977	-0.215333
0.719000	-1.351085	-0.216858
0.720000	-1.353192	-0.218359
0.721000	-1.355299	-0.219835
0.722000	-1.357405	-0.221286
0.723000	-1.359512	-0.222713
0.724000	-1.361618	-0.224115
0.725000	-1.363724	-0.225494
0.726000	-1.365830	-0.226849
0.727000	-1.367936	-0.228181
0.728000	-1.370042	-0.229490
0.729000	-1.372147	-0.230776
0.730000	-1.374253	-0.232040
0.731000	-1.376358	-0.233281
0.732000	-1.378463	-0.234500
0.733000	-1.380568	-0.235698
0.734000	-1.382673	-0.236874
0.735000	-1.384777	-0.238028
0.736000	-1.386882	-0.239162
0.737000	-1.388986	-0.240274
0.738000	-1.391091	-0.241366
0.739000	-1.393195	-0.242438
0.740000	-1.395299	-0.243489
0.741000	-1.397403	-0.244521
0.742000	-1.399507	-0.245533
0.743000	-1.401611	-0.246525
0.744000	-1.403715	-0.247498
0.745000	-1.405819	-0.248452
0.746000	-1.407922	-0.249387
0.747000	-1.410026	-0.250304
0.748000	-1.412130	-0.251202
0.749000	-1.414233	-0.252082
0.750000	-1.416337	-0.252944
0.751000	-1.418440	-0.253788
0.752000	-1.420543	-0.254614
0.753000	-1.422647	-0.255423
0.754000	-1.424750	-0.256215
0.755000	-1.426853	-0.256989
0.756000	-1.428957	-0.257747
0.757000	-1.431060	-0.258488
0.758000	-1.433163	-0.259213
0.759000	-1.435266	-0.259921
0.760000	-1.437369	-0.260613
0.761000	-1.439473	-0.261289
0.762000	-1.441576	-0.261950
0.763000	-1.443679	-0.262595
0.764000	-1.445782	-0.263224
0.765000	-1.447885	-0.263838
0.766000	-1.449988	-0.264437
0.767000	-1.452092	-0.265022
0.768000	-1.454195	-0.265591
0.769000	-1.456298	-0.266146
0.770000	-1.458401	-0.266686
0.771000	-1.460504	-0.267212
0.772000	-1.462608	-0.267725
0.773000	-1.464711	-0.268223
0.774000	-1.466814	-0.268707
0.775000	-1.468918	-0.269178
0.776000	-1.471021	-0.269635
0.777000	-1.473124	-0.270079
0.778000	-1.475228	-0.270509
0.779000	-1.477331	-0.270927
0.780000	-1.479435	-0.271332
0.781000	-1.481538	-0.271724
0.782000	-1.483642	-0.272103
0.783000	-1.485746	-0.272470
0.784000	-1.487849	-0.272825
0.785000	-1.489953	-0.273167
0.786000	-1.492057	-0.273497
0.787000	-1.494161	-0.273816
0.788000	-1.496265	-0.274123
0.789000	-1.498369	-0.274418
0.790000	-1.500473	-0.274701
0.791000	-1.502577	-0.274973
0.792000	-1.504681	-0.275234
0.793000	-1.506785	-0.275484
0.794000	-1.508890	-0.275723
0.795000	-1.510994	-0.275950
0.796000	-1.513099	-0.276168
0.797000	-1.515203	-0.276374
0.798000	-1.517308	-0.276570
0.799000	-1.519412	-0.276756
0.800000	-1.521517	-0.276931
0.801000	-1.523622	-0.277096
0.802000	-1.525727	-0.277251
0.803000	-1.527832	-0.277396
0.804000	-1.529937	-0.277532
0.805000	-1.532042	-0.277657
0.806000	-1.534147	-0.277773
0.807000	-1.536253	-0.277880
0.808000	-1.538358	-0.277977
0.809000	-1.540464	-0.278065
0.810000	-1.542569	-0.278144
0.811000	-1.544675	-0.278214
0.812000	-1.546781	-0.278275
0.813000	-1.548886	-0.278327
0.814000	-1.550992	-0.278370
0.815000	-1.553098	-0.278405
0.816000	-1.555205	-0.278431
0.817000	-1.557311	-0.278448
0.818000	-1.559417	-0.278458
0.819000	-1.561523	-0.278459
0.820000	-1.563630	-0.278452
0.821000	-1.565737	-0.278436
0.822000	-1.567843	-0.278413
0.823000	-1.569950	-0.278382
0.824000	-1.572057	-0.278344
0.825000	-1.574164	-0.278297
0.826000	-1.576271	-0.278243
0.827000	-1.578378	-0.278182
0.828000	-1.580485	-0.278113
0.829000	-1.582593	-0.278037
0.830000	-1.584700	-0.277954
0.831000	-1.586808	-0.277863
0.832000	-1.588916	-0.277766
0.833000	-1.591023	-0.277661
0.834000	-1.593131	-0.277550
0.835000	-1.595239	-0.277431
0.836000	-1.597347	-0.277306
0.837000	-1.599455	-0.277175
0.838000	-1.601564	-0.277037
0.839000	-1.603672	-0.276892
0.840000	-1.605781	-0.276741
0.841000	-1.607889	-0.276584
0.842000	-1.609998	-0.276420
0.843000	-1.612107	-0.276250
0.844000	-1.614215	-0.276075
0.845000	-1.616324	-0.275893
0.846000	-1.618433	-0.275705
0.847000	-1.620543	-0.275511
0.848000	-1.622652	-0.275312
0.849000	-1.624761	-0.275107
0.850000	-1.626871	-0.274896
0.851000	-1.628980	-0.274680
0.852000	-1.631090	-0.274458
0.853000	-1.633200	-0.274230
0.854000	-1.635310	-0.273998
0.855000	-1.637420	-0.273760
0.856000	-1.639530	-0.273516
0.857000	-1.641640	-0.273268
0.858000	-1.643750	-0.273014
0.859000	-1.645861	-0.272756
0.860000	-1.647971	-0.272492
0.861000	-1.650082	-0.272224
0.862000	-1.652192	-0.271951
0.863000	-1.654303	-0.271673
0.864000	-1.656414	-0.271390
0.865000	-1.658525	-0.271103
0.866000	-1.660636	-0.270811
0.867000	-1.662747	-0.270514
0.868000	-1.664858	-0.270213
0.869000	-1.666970	-0.269908
0.870000	-1.669081	-0.269598
0.871000	-1.671192	-0.269284
0.872000	-1.673304	-0.268966
0.873000	-1.675416	-0.268644
0.874000	-1.677528	-0.268317
0.875000	-1.679639	-0.267986
0.876000	-1.681751	-0.267652
0.877000	-1.683863	-0.267313
0.878000	-1.685976	-0.266971
0.879000	-1.688088	-0.266625
0.880000	-1.690200	-0.266274
0.881000	-1.692313	-0.265921
0.882000	-1.694425	-0.265563
0.883000	-1.696538	-0.265202
0.884000	-1.698650	-0.264837
0.885000	-1.700763	-0.264469
0.886000	-1.702876	-0.264097
0.887000	-1.704989	-0.263722
0.888000	-1.707102	-0.263343
0.889000	-1.709215	-0.262961
0.890000	-1.711328	-0.262576
0.891000	-1.713441	-0.262188
0.892000	-1.715554	-0.261796
0.893000	-1.717668	-0.261402
0.894000	-1.719781	-0.261004
0.895000	-1.721895	-0.260603
0.896000	-1.724008	-0.260199
0.897000	-1.726122	-0.259792
0.898000	-1.728236	-0.259382
0.899000	-1.730350	-0.258970
0.900000	-1.732464	-0.258554
0.901000	-1.734577	-0.258136
0.902000	-1.736692	-0.257715
0.903000	-1.738806	-0.257291
0.904000	-1.740920	-0.256865
0.905000	-1.743034	-0.256436
0.906000	-1.745148	-0.256005
0.907000	-1.747263	-0.255571
0.908000	-1.749377	-0.255134
0.909000	-1.751492	-0.254695
0.910000	-1.753606	-0.254254
0.911000	-1.755721	-0.253810
0.912000	-1.757836	-0.253364
0.913000	-1.759950	-0.252916
0.914000	-1.762065	-0.252465
0.915000	-1.764180	-0.252012
0.916000	-1.766295	-0.251557
0.917000	-1.768410	-0.251100
0.918000	-1.770525	-0.250641
0.919000	-1.772640	-0.250180
0.920000	-1.774755	-0.249717
0.921000	-1.776870	-0.249251
0.922000	-1.778985	-0.248784
0.923000	-1.781101	-0.248315
0.924000	-1.783216	-0.247844
0.925000	-1.785331	-0.247371
0.926000	-1.787447	-0.246896
0.927000	-1.789562	-0.246420
0.928000	-1.791678	-0.245941
0.929000	-1.793793	-0.245461
0.930000	-1.795909	-0.244980
0.931000	-1.798025	-0.244496
0.932000	-1.800140	-0.244011
0.933000	-1.802256	-0.243525
0.934000	-1.804372	-0.243037
0.935000	-1.806488	-0.242547
0.936000	-1.808604	-0.242056
0.937000	-1.810719	-0.241564
0.938000	-1.812835	-0.241070
0.939000	-1.814951	-0.240574
0.940000	-1.817067	-0.240077
0.941000	-1.819183	-0.239579
0.942000	-1.821299	-0.239080
0.943000	-1.823415	-0.238579
0.944000	-1.825531	-0.238077
0.945000	-1.827647	-0.237574
0.946000	-1.829764	-0.237069
0.947000	-1.831880	-0.236564
0.948000	-1.833996	-0.236057
0.949000	-1.836112	-0.235549
0.950000	-1.838228	-0.235040
0.951000	-1.840345	-0.234530
0.952000	-1.842461	-0.234019
0.953000	-1.844577	-0.233507
0.954000	-1.846693	-0.232994
0.955000	-1.848810	-0.232480
0.956000	-1.850926	-0.231965
0.957000	-1.853042	-0.231449
0.958000	-1.855159	-0.230932
0.959000	-1.857275	-0.230415
0.960000	-1.859392	-0.229896
0.961000	-1.861508	-0.229377
0.962000	-1.863624	-0.228857
0.963000	-1.865741	-0.228336
0.964000	-1.867857	-0.227814
0.965000	-1.869974	-0.227292
0.966000	-1.872090	-0.226769
0.967000	-1.874206	-0.226245
0.968000	-1.876323	-0.225721
0.969000	-1.878439	-0.225196
0.970000	-1.880556	-0.224670
0.971000	-1.882672	-0.224144
0.972000	-1.884788	-0.223617
0.973000	-1.886905	-0.223090
0.974000	-1.889021	-0.222562
0.975000	-1.891138	-0.222034
0.976000	-1.893254	-0.221505
0.977000	-1.895370	-0.220976
0.978000	-1.897487	-0.220446
0.979000	-1.899603	-0.219916
0.980000	-1.901719	-0.219385
0.981000	-1.903836	-0.218854
0.982000	-1.905952	-0.218323
0.983000	-1.908068	-0.217791
0.984000	-1.910185	-0.217259
0.985000	-1.912301	-0.216727
0.986000	-1.914417	-0.216194
0.987000	-1.916533	-0.215662
0.988000	-1.918649	-0.215128
0.989000	-1.920766	-0.214595
0.990000	-1.922882	-0.214061
0.991000	-1.924998	-0.213528
0.992000	-1.927114	-0.212994
0.993000	-1.929230	-0.212460
0.994000	-1.931346	-0.211925
0.995000	-1.933462	-0.211391
0.996000	-1.935578	-0.210856
0.997000	-1.937694	-0.210322
0.998000	-1.939810	-0.209787
0.999000	-1.941926	-0.209252
1.000000	-1.944042	-0.208717
1.001000	-1.946158	-0.208182
1.002000	-1.948273	-0.207648
1.003000	-1.950389	-0.207113
1.004000	-1.952505	-0.206578
1.005000	-1.954620	-0.206043
1.006000	-1.956736	-0.205508
1.007000	-1.958852	-0.204973
1.008000	-1.960967	-0.204439
1.009000	-1.963083	-0.203904
1.010000	-1.965198	-0.203369
1.011000	-1.967314	-0.202835
1.012000	-1.969429	-0.202301
1.013000	-1.971544	-0.201766
1.014000	-1.973660	-0.201232
1.015000	-1.975775	-0.200699
1.016000	-1.977890	-0.200165
1.017000	-1.980005	-0.199631
1.018000	-1.982120	-0.199098
1.019000	-1.984235	-0.198565
1.020000	-1.986350	-0.198032
1.021000	-1.988465	-0.197500
1.022000	-1.990580	-0.196967
1.023000	-1.992695	-0.196435
1.024000	-1.994809	-0.195904
1.025000	-1.996924	-0.195372
1.026000	-1.999039	-0.194841
1.027000	-2.001153	-0.194310
1.028000	-2.003268	-0.193780
1.029000	-2.005382	-0.193249
1.030000	-2.007496	-0.192719
1.031000	-2.009611	-0.192190
1.032000	-2.011725	-0.191661
1.033000	-2.013839	-0.191132
1.034000	-2.015953	-0.190604
1.035000	-2.018067	-0.190076
1.036000	-2.020181	-0.189548
1.037000	-2.022295	-0.189021
1.038000	-2.024409	-0.188494
1.039000	-2.026522	-0.187968
1.040000	-2.028636	-0.187442
1.041000	-2.030750	-0.186917
1.042000	-2.032863	-0.186392
1.043000	-2.034977	-0.185868
1.044000	-2.037090	-0.185344
1.045000	-2.039203	-0.184821
1.046000	-2.041316	-0.184298
1.047000	-2.043429	-0.183776
1.048000	-2.045542	-0.183254
1.049000	-2.047655	-0.182733
1.050000	-2.049768	-0.182212
1.051000	-2.051881	-0.181692
1.052000	-2.053994	-0.181172
1.053000	-2.056106	-0.180653
1.054000	-2.058219	-0.180135
1.055000	-2.060331	-0.179617
1.056000	-2.062444	-0.179100
1.057000	-2.064556	-0.178583
1.058000	-2.066668	-0.178067
1.059000	-2.068780	-0.177551
1.060000	-2.070892	-0.177037
1.061000	-2.073004	-0.176523
1.062000	-2.075116	-0.176009
1.063000	-2.077227	-0.175496
1.064000	-2.079339	-0.174984
1.065000	-2.081450	-0.174473
1.066000	-2.083562	-0.173962
1.067000	-2.085673	-0.173452
1.068000	-2.087784	-0.172942
1.069000	-2.089895	-0.172433
1.070000	-2.092006	-0.171925
1.071000	-2.094117	-0.171418
1.072000	-2.096228	-0.170911
1.073000	-2.098339	-0.170405
1.074000	-2.100449	-0.169900
1.075000	-2.102560	-0.169396
1.076000	-2.104670	-0.168892
1.077000	-2.106781	-0.168389
1.078000	-2.108891	-0.167887
1.079000	-2.111001	-0.167385
1.080000	-2.113111	-0.166885
1.081000	-2.115221	-0.166385
1.082000	-2.117330	-0.165885
1.083000	-2.119440	-0.165387
1.084000	-2.121550	-0.164890
1.085000	-2.123659	-0.164393
1.086000	-2.125768	-0.163897
1.087000	-2.127877	-0.163402
1.088000	-2.129987	-0.162907
1.089000	-2.132095	-0.162414
1.090000	-2.134204	-0.161921
1.091000	-2.136313	-0.161429
1.092000	-2.138422	-0.160938
1.093000	-2.140530	-0.160448
1.094000	-2.142638	-0.159958
1.095000	-2.144747	-0.159470
1.096000	-2.146855	-0.158982
1.097000	-2.148963	-0.158495
1.098000	-2.151071	-0.158009
1.099000	-2.153179	-0.157524
1.100000	-2.155286	-0.157039
1.101000	-2.157394	-0.156556
1.102000	-2.159501	-0.156073
1.103000	-2.161608	-0.155592
1.104000	-2.163716	-0.155111
1.105000	-2.165823	-0.154631
1.106000	-2.167929	-0.154152
1.107000	-2.170036	-0.153674
1.108000	-2.172143	-0.153197
1.109000	-2.174249	-0.152720
1.110000	-2.176356	-0.152245
1.111000	-2.178462	-0.151770
1.112000	-2.180568	-0.151297
1.113000	-2.182674	-0.150824
1.114000	-2.184780	-0.150352
1.115000	-2.186886	-0.149881
1.116000	-2.188991	-0.149411
1.117000	-2.191097	-0.148942
1.118000	-2.193202	-0.148474
1.119000	-2.195307	-0.148007
1.120000	-2.197412	-0.147541
1.121000	-2.199517	-0.147076
1.122000	-2.201622	-0.146611
1.123000	-2.203727	-0.146148
1.124000	-2.205831	-0.145685
1.125000	-2.207936	-0.145224
1.126000	-2.210040	-0.144763
1.127000	-2.212144	-0.144304
1.128000	-2.214248	-0.143845
1.129000	-2.216352	-0.143388
1.130000	-2.218456	-0.142931
1.131000	-2.220559	-0.142475
1.132000	-2.222663	-0.142020
1.133000	-2.224766	-0.141567
1.134000	-2.226869	-0.141114
1.135000	-2.228972	-0.140662
1.136000	-2.231075	-0.140211
1.137000	-2.233178	-0.139761
1.138000	-2.235280	-0.139312
1.139000	-2.237383	-0.138864
1.140000	-2.239485	-0.138417
1.141000	-2.241587	-0.137972
1.142000	-2.243689	-0.137527
1.143000	-2.245791	-0.137083
1.144000	-2.247892	-0.136640
1.145000	-2.249994	-0.136198
1.146000	-2.252095	-0.135757
1.147000	-2.254197	-0.135317
1.148000	-2.256298	-0.134878
1.149000	-2.258399	-0.134440
1.150000	-2.260499	-0.134003
1.151000	-2.262600	-0.133567
1.152000	-2.264701	-0.133132
1.153000	-2.266801	-0.132698
1.154000	-2.268901	-0.132265
1.155000	-2.271001	-0.131833
1.156000	-2.273101	-0.131402
1.157000	-2.275201	-0.130972
1.158000	-2.277300	-0.130543
1.159000	-2.279400	-0.130115
1.160000	-2.281499	-0.129688
1.161000	-2.283598	-0.129262
1.162000	-2.285697	-0.128837
1.163000	-2.287796	-0.128414
1.164000	-2.289895	-0.127991
1.165000	-2.291993	-0.127569
1.166000	-2.294091	-0.127148
1.167000	-2.296190	-0.126728
1.168000	-2.298288	-0.126310
1.169000	-2.300386	-0.125892
1.170000	-2.302483	-0.125475
1.171000	-2.304581	-0.125059
1.172000	-2.306678	-0.124645
1.173000	-2.308776	-0.124231
1.174000	-2.310873	-0.123818
1.175000	-2.312970	-0.123407
1.176000	-2.315066	-0.122996
1.177000	-2.317163	-0.122587
1.178000	-2.319259	-0.122178
1.179000	-2.321356	-0.121771
1.180000	-2.323452	-0.121364
1.181000	-2.325548	-0.120959
1.182000	-2.327644	-0.120554
1.183000	-2.329739	-0.120151
1.184000	-2.331835	-0.119749
1.185000	-2.333930	-0.119347
1.186000	-2.336025	-0.118947
1.187000	-2.338120	-0.118548
1.188000	-2.340215	-0.118149
1.189000	-2.342310	-0.117752
1.190000	-2.344404	-0.117356
1.191000	-2.346499	-0.116961
1.192000	-2.348593	-0.116567
1.193000	-2.350687	-0.116174
1.194000	-2.352781	-0.115782
1.195000	-2.354875	-0.115390
1.196000	-2.356968	-0.115000
1.197000	-2.359062	-0.114611
1.198000	-2.361155	-0.114223
1.199000	-2.363248	-0.113837
1.200000	-2.365341	-0.113451
1.201000	-2.367433	-0.113066
1.202000	-2.369526	-0.112682
1.203000	-2.371618	-0.112299
1.204000	-2.373711	-0.111917
1.205000	-2.375803	-0.111536
1.206000	-2.377894	-0.111157
1.207000	-2.379986	-0.110778
1.208000	-2.382078	-0.110400
1.209000	-2.384169	-0.110023
1.210000	-2.386260	-0.109648
1.211000	-2.388351	-0.109273
1.212000	-2.390442	-0.108899
1.213000	-2.392533	-0.108527
1.214000	-2.394624	-0.108155
1.215000	-2.396714	-0.107785
1.216000	-2.398804	-0.107415
1.217000	-2.400894	-0.107047
1.218000	-2.402984	-0.106679
1.219000	-2.405074	-0.106313
1.220000	-2.407163	-0.105947
1.221000	-2.409253	-0.105583
1.222000	-2.411342	-0.105219
1.223000	-2.413431	-0.104857
1.224000	-2.415520	-0.104495
1.225000	-2.417608	-0.104135
1.226000	-2.419697	-0.103775
1.227000	-2.421785	-0.103417
1.228000	-2.423873	-0.103060
1.229000	-2.425962	-0.102703
1.230000	-2.428049	-0.102348
1.231000	-2.430137	-0.101994
1.232000	-2.432225	-0.101640
1.233000	-2.434312	-0.101288
1.234000	-2.436399	-0.100936
1.235000	-2.438486	-0.100586
1.236000	-2.440573	-0.100237
1.237000	-2.442659	-0.099888
1.238000	-2.444746	-0.099541
1.239000	-2.446832	-0.099195
1.240000	-2.448918	-0.098849
1.241000	-2.451004	-0.098505
1.242000	-2.453090	-0.098162
1.243000	-2.455176	-0.097819
1.244000	-2.457261	-0.097478
1.245000	-2.459346	-0.097137
1.246000	-2.461432	-0.096798
1.247000	-2.463517	-0.096460
1.248000	-2.465601	-0.096122
1.249000	-2.467686	-0.095786
1.250000	-2.469770	-0.095450
1.251000	-2.471855	-0.095116
1.252000	-2.473939	-0.094782
1.253000	-2.476023	-0.094450
1.254000	-2.478106	-0.094118
1.255000	-2.480190	-0.093788
1.256000	-2.482273	-0.093458
1.257000	-2.484356	-0.093130
1.258000	-2.486440	-0.092802
1.259000	-2.488522	-0.092475
1.260000	-2.490605	-0.092150
1.261000	-2.492688	-0.091825
1.262000	-2.494770	-0.091501
1.263000	-2.496852	-0.091179
1.264000	-2.498934	-0.090857
1.265000	-2.501016	-0.090536
1.266000	-2.503098	-0.090216
1.267000	-2.505179	-0.089897
1.268000	-2.507261	-0.089579
1.269000	-2.509342	-0.089262
1.270000	-2.511423	-0.088946
1.271000	-2.513503	-0.088631
1.272000	-2.515584	-0.088317
1.273000	-2.517665	-0.088004
1.274000	-2.519745	-0.087691
1.275000	-2.521825	-0.087380
1.276000	-2.523905	-0.087070
1.277000	-2.525985	-0.086760
1.278000	-2.528064	-0.086452
1.279000	-2.530144	-0.086145
1.280000	-2.532223	-0.085838
1.281000	-2.534302	-0.085532
1.282000	-2.536381	-0.085228
1.283000	-2.538460	-0.084924
1.284000	-2.540538	-0.084621
1.285000	-2.542617	-0.084319
1.286000	-2.544695	-0.084018
1.287000	-2.546773	-0.083718
1.288000	-2.548851	-0.083419
1.289000	-2.550929	-0.083121
1.290000	-2.553006	-0.082824
1.291000	-2.555084	-0.082528
1.292000	-2.557161	-0.082232
1.293000	-2.559238	-0.081938
1.294000	-2.561315	-0.081644
1.295000	-2.563391	-0.081352
1.296000	-2.565468	-0.081060
1.297000	-2.567544	-0.080769
1.298000	-2.569620	-0.080479
1.299000	-2.571696	-0.080190
1.300000	-2.573772	-0.079902
1.301000	-2.575848	-0.079615
1.302000	-2.577923	-0.079329
1.303000	-2.579999	-0.079043
1.304000	-2.582074	-0.078759
1.305000	-2.584149	-0.078475
1.306000	-2.586224	-0.078192
1.307000	-2.588298	-0.077911
1.308000	-2.590373	-0.077630
1.309000	-2.592447	-0.077350
1.310000	-2.594521	-0.077071
1.311000	-2.596595	-0.076792
1.312000	-2.598669	-0.076515
1.313000	-2.600743	-0.076239
1.314000	-2.602816	-0.075963
1.315000	-2.604890	-0.075688
1.316000	-2.606963	-0.075415
1.317000	-2.609036	-0.075142
1.318000	-2.611108	-0.074870
1.319000	-2.613181	-0.074598
1.320000	-2.615253	-0.074328
1.321000	-2.617326	-0.074059
1.322000	-2.619398	-0.073790
1.323000	-2.621470	-0.073522
1.324000	-2.623542	-0.073256
1.325000	-2.625613	-0.072990
1.326000	-2.627685	-0.072724
1.327000	-2.629756	-0.072460
1.328000	-2.631827	-0.072197
1.329000	-2.633898	-0.071934
1.330000	-2.635969	-0.071672
1.331000	-2.638039	-0.071412
1.332000	-2.640110	-0.071152
1.333000	-2.642180	-0.070892
1.334000	-2.644250	-0.070634
1.335000	-2.646320	-0.070377
1.336000	-2.648390	-0.070120
1.337000	-2.650459	-0.069864
1.338000	-2.652529	-0.069609
1.339000	-2.654598	-0.069355
1.340000	-2.656667	-0.069102
1.341000	-2.658736	-0.068849
1.342000	-2.660805	-0.068598
1.343000	-2.662873	-0.068347
1.344000	-2.664942	-0.068097
1.345000	-2.667010	-0.067848
1.346000	-2.669078	-0.067599
1.347000	-2.671146	-0.067352
1.348000	-2.673214	-0.067105
1.349000	-2.675282	-0.066859
1.350000	-2.677349	-0.066614
1.351000	-2.679416	-0.066370
1.352000	-2.681483	-0.066126
1.353000	-2.683550	-0.065884
1.354000	-2.685617	-0.065642
1.355000	-2.687684	-0.065401
1.356000	-2.689750	-0.065160
1.357000	-2.691817	-0.064921
1.358000	-2.693883	-0.064682
1.359000	-2.695949	-0.064444
1.360000	-2.698015	-0.064207
1.361000	-2.700080	-0.063971
1.362000	-2.702146	-0.063736
1.363000	-2.704211	-0.063501
1.364000	-2.706276	-0.063267
1.365000	-2.708341	-0.063034
1.366000	-2.710406	-0.062801
1.367000	-2.712471	-0.062570
1.368000	-2.714535	-0.062339
1.369000	-2.716600	-0.062109
1.370000	-2.718664	-0.061880
1.371000	-2.720728	-0.061651
1.372000	-2.722792	-0.061424
1.373000	-2.724856	-0.061197
1.374000	-2.726919	-0.060971
1.375000	-2.728983	-0.060745
1.376000	-2.731046	-0.060520
1.377000	-2.733109	-0.060297
1.378000	-2.735172	-0.060073
1.379000	-2.737235	-0.059851
1.380000	-2.739297	-0.059629
1.381000	-2.741360	-0.059409
1.382000	-2.743422	-0.059188
1.383000	-2.745484	-0.058969
1.384000	-2.747546	-0.058750
1.385000	-2.749608	-0.058533
1.386000	-2.751670	-0.058315
1.387000	-2.753731	-0.058099
1.388000	-2.755792	-0.057883
1.389000	-2.757854	-0.057668
1.390000	-2.759915	-0.057454
1.391000	-2.761976	-0.057241
1.392000	-2.764036	-0.057028
1.393000	-2.766097	-0.056816
1.394000	-2.768157	-0.056605
1.395000	-2.770218	-0.056394
1.396000	-2.772278	-0.056184
1.397000	-2.774338	-0.055975
1.398000	-2.776397	-0.055767
1.399000	-2.778457	-0.055559
1.400000	-2.780517	-0.055352
1.401000	-2.782576	-0.055146
1.402000	-2.784635	-0.054940
1.403000	-2.786694	-0.054735
1.404000	-2.788753	-0.054531
1.405000	-2.790812	-0.054328
1.406000	-2.792870	-0.054125
1.407000	-2.794929	-0.053923
1.408000	-2.796987	-0.053722
1.409000	-2.799045	-0.053521
1.410000	-2.801103	-0.053321
1.411000	-2.803161	-0.053122
1.412000	-2.805218	-0.052923
1.413000	-2.807276	-0.052725
1.414000	-2.809333	-0.052528
1.415000	-2.811390	-0.052332
1.416000	-2.813448	-0.052136
1.417000	-2.815504	-0.051941
1.418000	-2.817561	-0.051746
1.419000	-2.819618	-0.051552
1.420000	-2.821674	-0.051359
1.421000	-2.823731	-0.051167
1.422000	-2.825787	-0.050975
1.423000	-2.827843	-0.050784
1.424000	-2.829899	-0.050594
1.425000	-2.831954	-0.050404
1.426000	-2.834010	-0.050215
1.427000	-2.836065	-0.050026
1.428000	-2.838121	-0.049838
1.429000	-2.840176	-0.049651
1.430000	-2.842231	-0.049465
1.431000	-2.844285	-0.049279
1.432000	-2.846340	-0.049094
1.433000	-2.848395	-0.048909
1.434000	-2.850449	-0.048725
1.435000	-2.852503	-0.048542
1.436000	-2.854557	-0.048360
1.437000	-2.856611	-0.048178
1.438000	-2.858665	-0.047996
1.439000	-2.860719	-0.047816
1.440000	-2.862772	-0.047636
1.441000	-2.864826	-0.047456
1.442000	-2.866879	-0.047278
1.443000	-2.868932	-0.047099
1.444000	-2.870985	-0.046922
1.445000	-2.873038	-0.046745
1.446000	-2.875090	-0.046569
1.447000	-2.877143	-0.046393
1.448000	-2.879195	-0.046218
1.449000	-2.881248	-0.046044
1.450000	-2.883300	-0.045870
1.451000	-2.885352	-0.045697
1.452000	-2.887403	-0.045524
1.453000	-2.889455	-0.045352
1.454000	-2.891507	-0.045181
1.455000	-2.893558	-0.045010
1.456000	-2.895609	-0.044840
1.457000	-2.897660	-0.044671
1.458000	-2.899711	-0.044502
1.459000	-2.901762	-0.044334
1.460000	-2.903813	-0.044166
1.461000	-2.905863	-0.043999
1.462000	-2.907914	-0.043832
1.463000	-2.909964	-0.043666
1.464000	-2.912014	-0.043501
1.465000	-2.914064	-0.043336
1.466000	-2.916114	-0.043172
1.467000	-2.918164	-0.043009
1.468000	-2.920213	-0.042846
1.469000	-2.922263	-0.042683
1.470000	-2.924312	-0.042521
1.471000	-2.926361	-0.042360
1.472000	-2.928410	-0.042200
1.473000	-2.930459	-0.042040
1.474000	-2.932508	-0.041880
1.475000	-2.934556	-0.041721
1.476000	-2.936605	-0.041563
1.477000	-2.938653	-0.041405
1.478000	-2.940701	-0.041248
1.479000	-2.942750	-0.041091
1.480000	-2.944798	-0.040935
1.481000	-2.946845	-0.040779
1.482000	-2.948893	-0.040625
1.483000	-2.950941	-0.040470
1.484000	-2.952988	-0.040316
1.485000	-2.955035	-0.040163
1.486000	-2.957082	-0.040010
1.487000	-2.959129	-0.039858
1.488000	-2.961176	-0.039706
1.489000	-2.963223	-0.039555
1.490000	-2.965270	-0.039405
1.491000	-2.967316	-0.039255
1.492000	-2.969363	-0.039105
1.493000	-2.971409	-0.038956
1.494000	-2.973455	-0.038808
1.495000	-2.975501	-0.038660
1.496000	-2.977547	-0.038513
1.497000	-2.979592	-0.038366
1.498000	-2.981638	-0.038220
1.499000	-2.983683	-0.038074
1.500000	-2.985729	-0.037929
1.501000	-2.987774	-0.037784
1.502000	-2.989819	-0.037640
1.503000	-2.991864	-0.037496
1.504000	-2.993909	-0.037353
1.505000	-2.995954	-0.037211
1.506000	-2.997998	-0.037068
1.507000	-3.000043	-0.036927
1.508000	-3.002087	-0.036786
1.509000	-3.004131	-0.036645
1.510000	-3.006175	-0.036505
1.511000	-3.008219	-0.036366
1.512000	-3.010263	-0.036227
1.513000	-3.012306	-0.036088
1.514000	-3.014350	-0.035950
1.515000	-3.016393	-0.035813
1.516000	-3.018437	-0.035676
1.517000	-3.020480	-0.035539
1.518000	-3.022523	-0.035404
1.519000	-3.024566	-0.035268
1.520000	-3.026609	-0.035133
1.521000	-3.028651	-0.034999
1.522000	-3.030694	-0.034865
1.523000	-3.032736	-0.034731
1.524000	-3.034779	-0.034598
1.525000	-3.036821	-0.034465
1.526000	-3.038863	-0.034333
1.527000	-3.040905	-0.034202
1.528000	-3.042947	-0.034071
1.529000	-3.044989	-0.033940
1.530000	-3.047030	-0.033810
1.531000	-3.049072	-0.033680
1.532000	-3.051113	-0.033551
1.533000	-3.053154	-0.033423
1.534000	-3.055195	-0.033294
1.535000	-3.057236	-0.033167
1.536000	-3.059277	-0.033039
1.537000	-3.061318	-0.032913
1.538000	-3.063359	-0.032786
1.539000	-3.065399	-0.032660
1.540000	-3.067440	-0.032535
1.541000	-3.069480	-0.032410
1.542000	-3.071520	-0.032285
1.543000	-3.073560	-0.032161
1.544000	-3.075600	-0.032038
1.545000	-3.077640	-0.031915
1.546000	-3.079679	-0.031792
1.547000	-3.081719	-0.031670
1.548000	-3.083759	-0.031548
1.549000	-3.085798	-0.031427
1.550000	-3.087837	-0.031306
1.551000	-3.089876	-0.031185
1.552000	-3.091915	-0.031065
1.553000	-3.093954	-0.030946
1.554000	-3.095993	-0.030827
1.555000	-3.098032	-0.030708
1.556000	-3.100070	-0.030590
1.557000	-3.102109	-0.030472
1.558000	-3.104147	-0.030355
1.559000	-3.106185	-0.030238
1.560000	-3.108223	-0.030121
1.561000	-3.110261	-0.030005
1.562000	-3.112299	-0.029890
1.563000	-3.114337	-0.029775
1.564000	-3.116375	-0.029660
1.565000	-3.118412	-0.029546
1.566000	-3.120450	-0.029432
1.567000	-3.122487	-0.029318
1.568000	-3.124524	-0.029205
1.569000	-3.126561	-0.029092
1.570000	-3.128598	-0.028980
1.571000	-3.130635	-0.028868
1.572000	-3.132672	-0.028757
1.573000	-3.134708	-0.028646
1.574000	-3.136745	-0.028536
1.575000	-3.138781	-0.028425
1.576000	-3.140818	-0.028316
1.577000	-3.142854	-0.028206
1.578000	-3.144890	-0.028097
1.579000	-3.146926	-0.027989
1.580000	-3.148962	-0.027881
1.581000	-3.150998	-0.027773
1.582000	-3.153034	-0.027666
1.583000	-3.155069	-0.027559
1.584000	-3.157105	-0.027452
1.585000	-3.159140	-0.027346
1.586000	-3.161175	-0.027241
1.587000	-3.163210	-0.027135
1.588000	-3.165246	-0.027030
1.589000	-3.167280	-0.026926
1.590000	-3.169315	-0.026822
1.591000	-3.171350	-0.026718
1.592000	-3.173385	-0.026615
1.593000	-3.175419	-0.026512
1.594000	-3.177454	-0.026409
1.595000	-3.179488	-0.026307
1.596000	-3.181522	-0.026205
1.597000	-3.183556	-0.026104
1.598000	-3.185590	-0.026002
1.599000	-3.187624	-0.025902
1.600000	-3.189658	-0.025801
1.601000	-3.191692	-0.025702
1.602000	-3.193725	-0.025602
1.603000	-3.195759	-0.025503
1.604000	-3.197792	-0.025404
1.605000	-3.199826	-0.025306
1.606000	-3.201859	-0.025207
1.607000	-3.203892	-0.025110
1.608000	-3.205925	-0.025012
1.609000	-3.207958	-0.024915
1.610000	-3.209991	-0.024819
1.611000	-3.212023	-0.024723
1.612000	-3.214056	-0.024627
1.613000	-3.216089	-0.024531
1.614000	-3.218121	-0.024436
1.615000	-3.220153	-0.024341
1.616000	-3.222186	-0.024247
1.617000	-3.224218	-0.024153
1.618000	-3.226250	-0.024059
1.619000	-3.228282	-0.023966
1.620000	-3.230313	-0.023873
1.621000	-3.232345	-0.023780
1.622000	-3.234377	-0.023688
1.623000	-3.236408	-0.023596
1.624000	-3.238440	-0.023504
1.625000	-3.240471	-0.023413
1.626000	-3.242502	-0.023322
1.627000	-3.244534	-0.023231
1.628000	-3.246565	-0.023141
1.629000	-3.248596	-0.023051
1.630000	-3.250626	-0.022961
1.631000	-3.252657	-0.022872
1.632000	-3.254688	-0.022783
1.633000	-3.256719	-0.022695
1.634000	-3.258749	-0.022606
1.635000	-3.260779	-0.022519
1.636000	-3.262810	-0.022431
1.637000	-3.264840	-0.022344
1.638000	-3.266870	-0.022257
1.639000	-3.268900	-0.022170
1.640000	-3.270930	-0.022084
1.641000	-3.272960	-0.021998
1.642000	-3.274990	-0.021913
1.643000	-3.277019	-0.021827
1.644000	-3.279049	-0.021742
1.645000	-3.281078	-0.021658
1.646000	-3.283108	-0.021573
1.647000	-3.285137	-0.021489
1.648000	-3.287166	-0.021406
1.649000	-3.289195	-0.021322
1.650000	-3.291225	-0.021239
1.651000	-3.293253	-0.021157
1.652000	-3.295282	-0.021074
1.653000	-3.297311	-0.020992
1.654000	-3.299340	-0.020910
1.655000	-3.301368	-0.020829
1.656000	-3.303397	-0.020748
1.657000	-3.305425	-0.020667
1.658000	-3.307454	-0.020586
1.659000	-3.309482	-0.020506
1.660000	-3.311510	-0.020426
1.661000	-3.313538	-0.020347
1.662000	-3.315566	-0.020267
1.663000	-3.317594	-0.020188
1.664000	-3.319622	-0.020109
1.665000	-3.321649	-0.020031
1.666000	-3.323677	-0.019953
1.667000	-3.325705	-0.019875
1.668000	-3.327732	-0.019798
1.669000	-3.329759	-0.019720
1.670000	-3.331787	-0.019643
1.671000	-3.333814	-0.019567
1.672000	-3.335841	-0.019490
1.673000	-3.337868	-0.019414
1.674000	-3.339895	-0.019338
1.675000	-3.341922	-0.019263
1.676000	-3.343949	-0.019188
1.677000	-3.345975	-0.019113
1.678000	-3.348002	-0.019038
1.679000	-3.350029	-0.018964
1.680000	-3.352055	-0.018890
1.681000	-3.354081	-0.018816
1.682000	-3.356108	-0.018743
1.683000	-3.358134	-0.018669
1.684000	-3.360160	-0.018596
1.685000	-3.362186	-0.018524
1.686000	-3.364212	-0.018451
1.687000	-3.366238	-0.018379
1.688000	-3.368264	-0.018307
1.689000	-3.370289	-0.018236
1.690000	-3.372315	-0.018165
1.691000	-3.374341	-0.018094
1.692000	-3.376366	-0.018023
1.693000	-3.378391	-0.017952
1.694000	-3.380417	-0.017882
1.695000	-3.382442	-0.017812
1.696000	-3.384467	-0.017743
1.697000	-3.386492	-0.017673
1.698000	-3.388517	-0.017604
1.699000	-3.390542	-0.017535
1.700000	-3.392567	-0.017467
1.701000	-3.394592	-0.017398
1.702000	-3.396617	-0.017330
1.703000	-3.398641	-0.017262
1.704000	-3.400666	-0.017195
1.705000	-3.402690	-0.017128
1.706000	-3.404715	-0.017061
1.707000	-3.406739	-0.016994
1.708000	-3.408763	-0.016927
1.709000	-3.410787	-0.016861
1.710000	-3.412811	-0.016795
1.711000	-3.414835	-0.016729
1.712000	-3.416859	-0.016664
1.713000	-3.418883	-0.016598
1.714000	-3.420907	-0.016533
1.715000	-3.422931	-0.016469
1.716000	-3.424954	-0.016404
1.717000	-3.426978	-0.016340
1.718000	-3.429001	-0.016276
1.719000	-3.431025	-0.016212
1.720000	-3.433048	-0.016149
1.721000	-3.435071	-0.016085
1.722000	-3.437094	-0.016022
1.723000	-3.439117	-0.015960
1.724000	-3.441140	-0.015897
1.725000	-3.443163	-0.015835
1.726000	-3.445186	-0.015773
1.727000	-3.447209	-0.015711
1.728000	-3.449232	-0.015649
1.729000	-3.451255	-0.015588
1.730000	-3.453277	-0.015527
1.731000	-3.455300	-0.015466
1.732000	-3.457322	-0.015405
1.733000	-3.459344	-0.015345
1.734000	-3.461367	-0.015285
1.735000	-3.463389	-0.015225
1.736000	-3.465411	-0.015165
1.737000	-3.467433	-0.015105
1.738000	-3.469455	-0.015046
1.739000	-3.471477	-0.014987
1.740000	-3.473499	-0.014928
1.741000	-3.475521	-0.014870
1.742000	-3.477543	-0.014811
1.743000	-3.479564	-0.014753
1.744000	-3.481586	-0.014695
1.745000	-3.483608	-0.014638
1.746000	-3.485629	-0.014580
1.747000	-3.487650	-0.014523
1.748000	-3.489672	-0.014466
1.749000	-3.491693	-0.014409
1.750000	-3.493714	-0.014353
1.751000	-3.495735	-0.014296
1.752000	-3.497756	-0.014240
1.753000	-3.499777	-0.014184
1.754000	-3.501798	-0.014128
1.755000	-3.503819	-0.014073
1.756000	-3.505840	-0.014018
1.757000	-3.507861	-0.013963
1.758000	-3.509881	-0.013908
1.759000	-3.511902	-0.013853
1.760000	-3.513923	-0.013799
1.761000	-3.515943	-0.013744
1.762000	-3.517963	-0.013690
1.763000	-3.519984	-0.013637
1.764000	-3.522004	-0.013583
1.765000	-3.524024	-0.013530
1.766000	-3.526044	-0.013476
1.767000	-3.528064	-0.013424
1.768000	-3.530084	-0.013371
1.769000	-3.532104	-0.013318
1.770000	-3.534124	-0.013266
1.771000	-3.536144	-0.013214
1.772000	-3.538164	-0.013162
1.773000	-3.540184	-0.013110
1.774000	-3.542203	-0.013058
1.775000	-3.544223	-0.013007
1.776000	-3.546242	-0.012956
1.777000	-3.548262	-0.012905
1.778000	-3.550281	-0.012854
1.779000	-3.552300	-0.012804
1.780000	-3.554320	-0.012753
1.781000	-3.556339	-0.012703
1.782000	-3.558358	-0.012653
1.783000	-3.560377	-0.012603
1.784000	-3.562396	-0.012554
1.785000	-3.564415	-0.012504
1.786000	-3.566434	-0.012455
1.787000	-3.568453	-0.012406
1.788000	-3.570471	-0.012357
1.789000	-3.572490	-0.012309
1.790000	-3.574509	-0.012260
1.791000	-3.576527	-0.012212
1.792000	-3.578546	-0.012164
1.793000	-3.580564	-0.012116
1.794000	-3.582583	-0.012068
1.795000	-3.584601	-0.012021
1.796000	-3.586619	-0.011973
1.797000	-3.588638	-0.011926
1.798000	-3.590656	-0.011879
1.799000	-3.592674	-0.011833
1.800000	-3.594692	-0.011786
1.801000	-3.596710	-0.011739
1.802000	-3.598728	-0.011693
1.803000	-3.600746	-0.011647
1.804000	-3.602764	-0.011601
1.805000	-3.604781	-0.011556
1.806000	-3.606799	-0.011510
1.807000	-3.608817	-0.011465
1.808000	-3.610834	-0.011420
1.809000	-3.612852	-0.011375
1.810000	-3.614869	-0.011330
1.811000	-3.616887	-0.011285
1.812000	-3.618904	-0.011241
1.813000	-3.620921	-0.011196
1.814000	-3.622939	-0.011152
1.815000	-3.624956	-0.011108
1.816000	-3.626973	-0.011064
1.817000	-3.628990	-0.011021
1.818000	-3.631007	-0.010977
1.819000	-3.633024	-0.010934
1.820000	-3.635041	-0.010891
1.821000	-3.637058	-0.010848
1.822000	-3.639074	-0.010805
1.823000	-3.641091	-0.010763
1.824000	-3.643108	-0.010720
1.825000	-3.645125	-0.010678
1.826000	-3.647141	-0.010636
1.827000	-3.649158	-0.010594
1.828000	-3.651174	-0.010552
1.829000	-3.653191	-0.010511
1.830000	-3.655207	-0.010469
1.831000	-3.657223	-0.010428
1.832000	-3.659239	-0.010387
1.833000	-3.661256	-0.010346
1.834000	-3.663272	-0.010305
1.835000	-3.665288	-0.010264
1.836000	-3.667304	-0.010224
1.837000	-3.669320	-0.010183
1.838000	-3.671336	-0.010143
1.839000	-3.673352	-0.010103
1.840000	-3.675368	-0.010063
1.841000	-3.677383	-0.010024
1.842000	-3.679399	-0.009984
1.843000	-3.681415	-0.009945
1.844000	-3.683431	-0.009905
1.845000	-3.685446	-0.009866
1.846000	-3.687462	-0.009827
1.847000	-3.689477	-0.009789
1.848000	-3.691493	-0.009750
1.849000	-3.693508	-0.009711
1.850000	-3.695523	-0.009673
1.851000	-3.697539	-0.009635
1.852000	-3.699554	-0.009597
1.853000	-3.701569	-0.009559
1.854000	-3.703584	-0.009521
1.855000	-3.705599	-0.009484
1.856000	-3.707614	-0.009446
1.857000	-3.709629	-0.009409
1.858000	-3.711644	-0.009372
1.859000	-3.713659	-0.009335
1.860000	-3.715674	-0.009298
1.861000	-3.717689	-0.009261
1.862000	-3.719703	-0.009224
1.863000	-3.721718	-0.009188
1.864000	-3.723733	-0.009152
1.865000	-3.725747	-0.009116
1.866000	-3.727762	-0.009080
1.867000	-3.729776	-0.009044
1.868000	-3.731791	-0.009008
1.869000	-3.733805	-0.008972
1.870000	-3.735819	-0.008937
1.871000	-3.737834	-0.008902
1.872000	-3.739848	-0.008866
1.873000	-3.741862	-0.008831
1.874000	-3.743876	-0.008796
1.875000	-3.745891	-0.008762
1.876000	-3.747905	-0.008727
1.877000	-3.749919	-0.008693
1.878000	-3.751933	-0.008658
1.879000	-3.753947	-0.008624
1.880000	-3.755960	-0.008590
1.881000	-3.757974	-0.008556
1.882000	-3.759988	-0.008522
1.883000	-3.762002	-0.008488
1.884000	-3.764015	-0.008455
1.885000	-3.766029	-0.008421
1.886000	-3.768043	-0.008388
1.887000	-3.770056	-0.008355
1.888000	-3.772070	-0.008322
1.889000	-3.774083	-0.008289
1.890000	-3.776097	-0.008256
1.891000	-3.778110	-0.008224
1.892000	-3.780123	-0.008191
1.893000	-3.782137	-0.008159
1.894000	-3.784150	-0.008126
1.895000	-3.786163	-0.008094
1.896000	-3.788176	-0.008062
1.897000	-3.790190	-0.008030
1.898000	-3.792203	-0.007999
1.899000	-3.794216	-0.007967
1.900000	-3.796229	-0.007935
1.901000	-3.798242	-0.007904
1.902000	-3.800255	-0.007873
1.903000	-3.802267	-0.007842
1.904000	-3.804280	-0.007811
1.905000	-3.806293	-0.007780
1.906000	-3.808306	-0.007749
1.907000	-3.810318	-0.007718
1.908000	-3.812331	-0.007688
1.909000	-3.814344	-0.007657
1.910000	-3.816356	-0.007627
1.911000	-3.818369	-0.007597
1.912000	-3.820381	-0.007567
1.913000	-3.822394	-0.007537
1.914000	-3.824406	-0.007507
1.915000	-3.826418	-0.007477
1.916000	-3.828431	-0.007448
1.917000	-3.830443	-0.007418
1.918000	-3.832455	-0.007389
1.919000	-3.834468	-0.007360
1.920000	-3.836480	-0.007330
1.921000	-3.838492	-0.007301
1.922000	-3.840504	-0.007272
1.923000	-3.842516	-0.007244
1.924000	-3.844528	-0.007215
1.925000	-3.846540	-0.007186
1.926000	-3.848552	-0.007158
1.927000	-3.850564	-0.007130
1.928000	-3.852576	-0.007101
1.929000	-3.854587	-0.007073
1.930000	-3.856599	-0.007045
1.931000	-3.858611	-0.007017
1.932000	-3.860622	-0.006990
1.933000	-3.862634	-0.006962
1.934000	-3.864646	-0.006934
1.935000	-3.866657	-0.006907
1.936000	-3.868669	-0.006879
1.937000	-3.870680	-0.006852
1.938000	-3.872692	-0.006825
1.939000	-3.874703	-0.006798
1.940000	-3.876715	-0.006771
1.941000	-3.878726	-0.006744
1.942000	-3.880737	-0.006718
1.943000	-3.882748	-0.006691
1.944000	-3.884760	-0.006664
1.945000	-3.886771	-0.006638
1.946000	-3.888782	-0.006612
1.947000	-3.890793	-0.006586
1.948000	-3.892804	-0.006559
1.949000	-3.894815	-0.006533
1.950000	-3.896826	-0.006508
1.951000	-3.898837	-0.006482
1.952000	-3.900848	-0.006456
1.953000	-3.902859	-0.006431
1.954000	-3.904870	-0.006405
1.955000	-3.906881	-0.006380
1.956000	-3.908891	-0.006354
1.957000	-3.910902	-0.006329
1.958000	-3.912913	-0.006304
1.959000	-3.914924	-0.006279
1.960000	-3.916934	-0.006254
1.961000	-3.918945	-0.006229
1.962000	-3.920955	-0.006205
1.963000	-3.922966	-0.006180
1.964000	-3.924976	-0.006156
1.965000	-3.926987	-0.006131
1.966000	-3.928997	-0.006107
1.967000	-3.931008	-0.006083
1.968000	-3.933018	-0.006059
1.969000	-3.935028	-0.006035
1.970000	-3.937039	-0.006011
1.971000	-3.939049	-0.005987
1.972000	-3.941059	-0.005963
1.973000	-3.943069	-0.005939
1.974000	-3.945079	-0.005916
1.975000	-3.947089	-0.005892
1.976000	-3.949100	-0.005869
1.977000	-3.951110	-0.005846
1.978000	-3.953120	-0.005823
1.979000	-3.955130	-0.005800
1.980000	-3.957140	-0.005777
1.981000	-3.959149	-0.005754
1.982000	-3.961159	-0.005731
1.983000	-3.963169	-0.005708
1.984000	-3.965179	-0.005685
1.985000	-3.967189	-0.005663
1.986000	-3.969198	-0.005640
1.987000	-3.971208	-0.005618
1.988000	-3.973218	-0.005596
1.989000	-3.975228	-0.005574
1.990000	-3.977237	-0.005551
1.991000	-3.979247	-0.005529
1.992000	-3.981256	-0.005507
1.993000	-3.983266	-0.005486
1.994000	-3.985275	-0.005464
1.995000	-3.987285	-0.005442
1.996000	-3.989294	-0.005421
1.997000	-3.991304	-0.005399
1.998000	-3.993313	-0.005378
1.999000	-3.995322	-0.005356
2.000000	-3.997332	-0.005335
