1.000000
0.932560
0.871498
0.815646
0.761830
0.710255
0.664487
0.618697
0.579130
0.543461
0.508856
0.477793
0.450535
0.424084
0.399625
0.376749
0.355609
0.336495
0.319240
0.302841
0.288870
0.275060
0.262163
0.252413
0.243070
0.230705
0.217673
0.205402
0.190511
0.176535
0.162745
0.148984
0.136055
0.127039
0.121031
0.117753
0.114523
0.111849
0.109127
0.106057
0.101838
0.096906
0.092091
0.085835
0.079452
0.072654
0.069385
0.066342
0.063929
0.061171
0.060174
0.059736
0.059058
0.056526
0.052280
0.046464
0.044928
0.042208
0.041657
0.040689
0.039561
0.037096
0.035816
0.032921
0.029902
0.027084
0.024494
0.022024
0.018790
0.017577
0.014156
0.010483
0.005763
0.002008
0.001231
-0.001238
-0.003578
-0.006718
-0.009153
-0.011947
-0.014090
-0.016033
-0.015345
-0.013577
-0.012550
-0.014142
-0.015498
-0.015861
-0.015382
-0.014316
-0.013764
-0.012963
-0.013622
-0.016792
-0.021651
-0.027633
-0.032629
-0.036319
-0.040338
-0.045050
-0.048864
-0.052814
-0.057212
-0.059987
-0.062519
-0.065864
-0.069651
-0.072757
-0.075430
-0.076663
-0.078560
-0.081235
-0.084522
-0.086098
-0.086357
-0.085993
-0.086638
-0.085191
-0.081600
-0.079941
-0.076955
-0.076228
-0.075836
-0.074446
-0.072468
-0.072003
-0.071370
-0.069434
-0.068229
-0.067004
-0.067097
-0.067613
-0.067649
-0.068195
-0.068518
-0.068625
-0.069904
-0.069529
-0.069428
-0.069324
-0.069734
-0.069995
-0.070690
-0.069275
-0.067198
-0.066516
-0.064401
-0.061480
-0.062007
-0.061987
-0.062785
-0.063801
-0.064348
-0.063763
-0.062788
-0.061528
-0.060927
-0.062410
-0.063068
-0.063776
-0.062262
-0.061381
-0.061360
-0.061482
-0.062706
-0.065348
-0.066139
-0.066239
-0.068187
-0.070409
-0.070787
-0.069656
-0.069391
-0.070127
-0.071644
-0.071490
-0.071841
-0.072805
-0.072860
-0.072615
-0.072626
-0.070119
-0.067725
-0.065040
-0.062389
-0.058680
-0.055808
-0.053304
-0.051307
-0.047888
-0.044375
-0.041745
-0.039006
-0.035127
-0.032176
-0.028865
-0.025288
-0.021839
-0.016955
-0.014401
-0.014494
-0.014836
-0.013787
-0.013524
-0.015086
-0.015750
-0.015899
-0.016139
-0.016925
-0.017413
-0.020125
-0.022634
-0.025295
-0.025668
-0.028328
-0.030438
-0.032682
-0.034237
-0.033556
-0.032744
-0.030397
-0.026406
-0.021170
-0.016895
-0.013312
-0.010155
-0.009246
-0.007689
-0.006189
-0.004169
-0.001854
0.000221
0.004331
0.007850
0.010927
0.015759
0.021129
0.027924
0.034651
0.037864
0.039975
0.042806
0.046172
0.048662
0.048624
0.049094
0.048417
0.048296
0.050737
0.054229
0.056993
0.058229
0.057429
0.058682
0.058511
0.057709
0.057470
0.056656
0.056271
0.054988
0.054530
0.054028
0.054475
0.054737
0.054389
0.049770
0.046430
0.044938
0.042927
0.042940
0.041386
0.037196
0.033996
0.033163
0.032215
0.031760
0.032269
0.032623
0.034065
0.035702
0.037186
0.038684
0.038554
0.036965
0.036363
0.034815
0.030551
0.026462
0.023394
0.019877
0.016795
0.015267
0.013463
0.009095
0.005976
0.004112
0.000655
-0.002245
-0.006752
-0.007508
-0.008345
-0.008637
-0.008588
-0.009245
-0.009089
-0.006340
-0.006281
-0.008761
-0.012156
-0.014637
-0.015462
-0.015963
-0.016181
-0.018019
-0.018141
-0.017023
-0.015279
-0.014236
-0.014619
-0.015628
-0.012954
-0.008338
-0.004525
-0.002541
0.000653
0.004568
0.009340
0.014572
0.020725
0.026296
0.029485
0.029714
0.029229
0.029124
0.027552
0.028168
0.029329
0.030021
0.031447
0.032837
0.036031
0.039446
0.041332
0.042765
0.045795
0.049069
0.052424
0.055052
0.056762
0.058103
0.059832
0.060911
0.061090
0.060826
0.060313
0.060142
0.059876
0.056308
0.053997
0.052380
0.050813
0.049785
0.047203
0.043112
0.038358
0.034036
0.028450
0.022902
0.021109
0.021672
0.022610
0.024790
0.026698
0.029497
0.030936
0.029809
0.027049
0.022851
0.018976
0.016107
0.013037
0.011168
0.007806
0.004413
0.001488
-0.001554
-0.004031
-0.004872
-0.005259
-0.005241
-0.007190
-0.009362
-0.009445
-0.010106
-0.011884
-0.013544
-0.015654
-0.018041
-0.019061
-0.020436
-0.024312
-0.027231
-0.030280
-0.031782
-0.032275
-0.030984
-0.029736
-0.028443
-0.025164
-0.020735
-0.018774
-0.017489
-0.014299
-0.013343
-0.012610
-0.012613
-0.013434
-0.014933
-0.016700
-0.017651
-0.017082
-0.017175
-0.017905
-0.019393
-0.019944
-0.020810
-0.021930
-0.023934
-0.026377
-0.025767
-0.024830
-0.024869
-0.022194
-0.020374
-0.017063
-0.014672
-0.012548
-0.011982
-0.011340
-0.010724
-0.012270
-0.014179
-0.015767
-0.014769
-0.016043
-0.017335
-0.020224
-0.019896
-0.019987
-0.016816
-0.017459
-0.017674
-0.019347
-0.019387
-0.019015
-0.018343
-0.017981
-0.015307
-0.014689
-0.014562
-0.015008
-0.015373
-0.013839
-0.015282
-0.015857
-0.014839
-0.013365
-0.011873
-0.010764
-0.011898
-0.011536
-0.011721
-0.013168
-0.011331
-0.011151
-0.012604
-0.015252
-0.016398
-0.016065
-0.016868
-0.018634
-0.018613
-0.018224
-0.016119
-0.013739
-0.012652
-0.010698
-0.008546
-0.004759
0.000985
0.008767
0.014423
0.020710
0.025398
0.029307
0.031782
0.034389
0.037138
0.039582
0.043944
0.047956
0.050068
0.052244
0.057454
0.059718
0.061969
0.063315
0.065329
0.067399
0.067354
0.065682
0.064441
0.066108
0.068019
0.067070
0.064777
0.063745
0.062342
0.062106
0.061741
0.060531
0.059692
0.058454
0.059290
0.060399
0.058162
0.055702
0.054535
0.051849
0.048496
0.044666
0.042165
0.040076
0.038373
0.036094
0.033632
0.033266
0.032918
0.030556
0.029540
0.028156
0.027570
0.026596
0.026768
0.024385
0.021234
0.021005
0.017766
0.015003
0.012715
0.007595
0.003059
-0.001324
-0.005563
-0.010139
-0.013259
-0.017433
-0.020807
-0.021981
-0.023058
-0.023614
-0.022901
-0.021814
-0.018787
-0.012931
-0.007143
-0.002183
0.000543
0.003699
0.005653
0.009863
0.012490
0.015837
0.018851
0.023289
0.027534
0.032696
0.037991
0.040986
0.043830
0.043437
0.044175
0.044193
0.044464
0.044007
0.042458
0.041420
0.039984
0.038586
0.039964
0.042200
0.044002
0.045679
0.048099
0.050202
0.050878
0.050521
0.050134
0.049553
0.048889
0.048933
0.049176
0.048778
0.049356
0.048876
0.047792
0.044971
0.041367
0.035876
0.031424
0.027594
0.026016
0.024502
0.024488
0.023932
0.025129
0.024474
0.021517
0.020142
0.017202
0.013522
0.012073
0.011640
0.008993
0.008554
0.006195
0.002769
0.000379
-0.003427
-0.004294
-0.006089
-0.009782
-0.014933
-0.018652
-0.023139
-0.026530
-0.029849
-0.030550
-0.031471
-0.034814
-0.036893
-0.038116
-0.038351
-0.038995
-0.039738
-0.041806
-0.041388
-0.040860
-0.041898
-0.042935
-0.044278
-0.044917
-0.044826
-0.045534
-0.048083
-0.051153
-0.052640
-0.052172
-0.052514
-0.053071
-0.053060
-0.053778
-0.054097
-0.052855
-0.049659
-0.046226
-0.044145
-0.045370
-0.048461
-0.051103
-0.052588
-0.053685
-0.055911
-0.058134
-0.059574
-0.061316
-0.063026
-0.064914
-0.068212
-0.072203
-0.074339
-0.075376
-0.075210
-0.073594
-0.070791
-0.068832
-0.066563
-0.063576
-0.060166
-0.055087
-0.048695
-0.044861
-0.039476
-0.033103
-0.027215
-0.022559
-0.019655
-0.018175
-0.016385
-0.015216
-0.016138
-0.017289
-0.016636
-0.017049
-0.017114
-0.018507
-0.020163
-0.020820
-0.021245
-0.021844
-0.020441
-0.016231
-0.014523
-0.010995
-0.007785
-0.007144
-0.006785
-0.005967
-0.004395
-0.003920
-0.002828
-0.000593
-0.001025
-0.003037
-0.005732
-0.007860
-0.009586
-0.009071
-0.010881
-0.011999
-0.014001
-0.013706
-0.013737
-0.013515
-0.013227
-0.011261
-0.009398
-0.006984
-0.004393
-0.003171
-0.000384
0.004327
0.006133
0.006985
0.008006
0.011119
0.014759
0.017622
0.018962
0.022789
0.028482
0.035314
0.040700
0.046160
0.051376
0.055545
0.058568
0.060538
0.060873
0.061124
0.058866
0.058869
0.060865
0.059190
0.056629
0.054828
0.050740
0.050900
0.049863
0.045225
0.041823
0.038093
0.034560
0.030911
0.027070
0.022473
0.021098
0.018339
0.017180
0.018204
0.019281
0.019898
0.019488
0.017552
0.017192
0.017636
0.019295
0.020442
0.018785
0.017970
0.016979
0.015106
0.011532
0.009409
0.006705
0.004651
0.002262
0.000701
0.000515
0.002288
0.002950
0.003730
0.004590
0.004709
0.003828
0.004176
0.003567
0.004504
0.004738
0.003801
0.003190
0.003519
0.003529
0.004883
0.006973
0.008102
0.007485
0.004751
0.004404
0.005087
0.004582
0.003312
0.000832
-0.002004
-0.003221
-0.005031
-0.006722
-0.008597
-0.009933
-0.012927
-0.015921
-0.018299
-0.020061
-0.020324
-0.019283
-0.021165
-0.020858
-0.020035
-0.019512
-0.018187
-0.019968
-0.018598
-0.018033
-0.015956
-0.014633
-0.013180
-0.010308
-0.009438
-0.008044
-0.005306
-0.003799
0.000843
0.003934
0.007856
0.010063
0.009554
0.008709
0.004150
-0.000638
-0.006082
-0.010631
-0.014718
-0.018484
-0.022688
-0.026539
-0.030240
-0.032148
-0.034114
-0.035881
-0.036018
-0.038879
-0.040226
-0.042174
-0.044125
-0.045721
-0.049372
-0.050315
-0.052720
-0.056383
-0.059086
-0.061342
-0.065725
-0.068706
-0.072651
-0.076069
-0.077280
-0.076942
-0.076280
-0.074571
-0.072115
-0.068916
-0.065138
-0.061016
-0.057988
-0.056569
-0.053459
-0.051273
-0.047554
-0.043731
-0.038976
-0.034943
-0.032465
-0.027482
-0.023669
-0.020420
-0.017427
-0.013333
-0.008632
-0.003736
-0.000170
0.003840
0.008561
0.014822
0.020193
0.020976
0.020778
0.020349
0.020070
0.020082
0.021156
0.024582
0.025632
0.025450
0.024690
0.022420
0.021072
0.020133
0.022877
0.024445
0.026527
0.026253
0.024217
0.023071
0.022035
0.021703
0.021324
0.023151
0.023065
0.023629
0.022874
0.020992
0.019240
0.016574
0.013189
0.009520
0.007617
0.004232
0.000869
-0.001266
-0.003814
-0.005370
-0.003403
-0.001594
0.000203
0.003856
0.004659
0.006268
0.007321
0.007320
0.007873
0.007237
0.007156
0.008990
0.011486
0.012815
0.013412
0.014202
0.013911
0.012215
0.010135
0.006377
0.003617
-0.000608
-0.006456
-0.008674
-0.009684
-0.011209
-0.012986
-0.013854
-0.016605
-0.020782
-0.022883
-0.024928
-0.026431
-0.026572
-0.026667
-0.026262
-0.026932
-0.028252
-0.027103
-0.024322
-0.023451
-0.021149
-0.019547
-0.016670
-0.014845
-0.014022
-0.013460
-0.012196
-0.011979
-0.009929
-0.008781
-0.005673
-0.001022
0.004886
0.009450
0.010441
0.009553
0.008255
0.005810
0.002674
0.001739
0.001005
0.001706
0.000837
0.000602
0.002203
0.001724
0.001411
0.001216
0.001638
0.002805
0.002307
0.005348
0.010591
0.015467
0.019126
0.022508
0.022931
0.021712
0.022113
0.021906
0.021834
0.018797
0.017944
0.017767
0.019539
0.020148
0.021647
0.023970
0.027388
0.029334
0.031860
0.034150
0.035282
0.035767
0.037256
0.038543
0.037567
0.037633
0.036438
0.034571
0.031600
0.028124
0.025266
0.022661
0.022575
0.021090
0.018103
0.016081
0.012773
0.009239
0.006955
0.003885
0.001357
-0.000935
-0.005291
-0.007061
-0.007584
-0.007707
-0.011641
-0.012624
-0.011983
-0.011831
-0.012142
-0.012082
-0.010155
-0.006779
-0.004886
-0.002990
-0.004798
-0.006764
-0.004446
0.000459
0.004854
0.007013
0.008130
0.009507
0.010775
0.013258
0.013087
0.011341
0.009855
0.006624
0.003905
0.002809
0.002617
0.004619
0.005722
0.005220
0.005727
0.007066
0.010587
0.011560
0.011369
0.009722
0.007598
0.005103
0.004761
0.004943
0.005860
0.005686
0.005135
0.004607
0.004263
0.004296
0.004824
0.004438
0.005571
0.007261
0.008084
0.008724
0.010361
0.012794
0.016069
0.019711
0.023175
0.025742
0.027188
0.028307
0.029395
0.028822
0.026888
0.024825
0.020225
0.016074
0.012435
0.008094
0.002893
-0.000946
-0.003975
-0.008100
-0.011576
-0.014688
-0.018183
-0.021536
-0.026612
-0.030951
-0.034725
-0.037511
-0.039981
-0.040935
-0.041716
-0.043247
-0.043562
-0.043170
-0.043619
-0.043297
-0.043966
-0.047039
-0.046845
-0.043486
-0.040419
-0.039167
-0.036444
-0.036112
-0.036213
-0.035051
-0.035213
-0.035815
-0.033654
-0.033644
-0.035372
-0.036256
-0.037552
-0.039488
-0.040025
-0.040438
-0.042461
-0.045269
-0.046944
-0.049393
-0.052384
-0.054261
-0.056283
-0.058615
-0.060234
-0.062862
-0.064279
-0.063532
-0.063480
-0.064721
-0.064189
-0.065884
-0.064878
-0.063612
-0.062853
-0.061653
-0.060089
-0.058210
-0.056010
-0.053106
-0.049158
-0.047151
-0.047061
-0.046763
-0.047000
-0.046590
-0.046466
-0.047953
-0.048240
-0.049330
-0.049475
-0.048730
-0.050546
-0.050223
-0.047660
-0.044023
-0.039978
-0.036559
-0.034407
-0.032887
-0.030010
-0.026032
-0.024322
-0.022506
-0.022207
-0.020454
-0.018357
-0.016904
-0.017211
-0.017318
-0.018160
-0.019379
-0.021368
-0.022426
-0.021189
-0.020158
-0.019760
-0.018633
-0.016603
-0.014594
-0.013047
-0.008706
-0.004140
0.003215
0.010591
0.015401
0.020740
0.023175
0.025862
0.024982
0.023341
0.023578
0.026284
0.029276
0.029617
0.030550
0.034467
0.038206
0.042654
0.046091
0.048812
0.053948
0.058477
0.063017
0.066776
0.069598
0.070172
0.071528
0.072022
0.070461
0.067224
0.065437
0.066139
0.064399
0.060171
0.056553
0.054031
0.049804
0.049256
0.050433
0.049947
0.052508
0.058221
0.062393
0.069405
0.072288
0.072581
0.074397
0.075431
0.077897
0.080869
0.080083
0.078467
0.075316
0.069670
0.061734
0.055196
0.048476
0.044305
0.041081
0.032936
0.025185
0.019558
0.014900
0.011119
0.009315
0.009062
0.007484
0.004322
0.000436
-0.002845
-0.007682
-0.013041
-0.015577
-0.016712
-0.016452
-0.017569
-0.019454
-0.021626
-0.022348
-0.023200
-0.024393
-0.026317
-0.027094
-0.028368
-0.027865
-0.026524
-0.025883
-0.024530
-0.021929
-0.017671
-0.014611
-0.012188
-0.009511
-0.007574
-0.006394
-0.007230
-0.010993
-0.009665
-0.007475
-0.004945
-0.004357
-0.004316
-0.005213
-0.005222
-0.004587
-0.001107
-0.000650
0.001739
0.003576
0.005082
0.006296
0.010540
0.013496
0.019301
0.024001
0.027650
0.030569
0.033499
0.033062
0.033445
0.032603
0.030104
0.026689
0.025299
0.023602
0.025561
0.024643
0.024469
0.023017
0.020825
0.018748
0.016135
0.012941
0.012766
0.012845
0.012855
0.013287
0.013394
0.011484
0.009408
0.009343
0.009976
0.010519
0.009840
0.006609
0.004434
0.001030
-0.001017
-0.004738
-0.005609
-0.005496
-0.003641
-0.004072
-0.007407
-0.011704
-0.015625
-0.018811
-0.022498
-0.026888
-0.029218
-0.031707
-0.034735
-0.037048
-0.038228
-0.039275
-0.040551
-0.040307
-0.040148
-0.039800
-0.038685
-0.036355
-0.034301
-0.032163
-0.029487
-0.028569
-0.027312
-0.024946
-0.020747
-0.018638
-0.016244
-0.016661
-0.017435
-0.016814
-0.015789
-0.016050
-0.013638
-0.011945
-0.010465
-0.006688
-0.002695
0.000778
0.001728
0.004384
0.006272
0.007764
0.009148
0.010723
0.012249
0.014033
0.014745
0.013141
0.011961
0.012457
0.011184
0.008648
0.008129
0.006769
0.004419
0.003999
0.004583
0.003177
0.001410
0.000016
-0.001692
-0.002269
-0.003439
-0.005762
-0.008549
-0.009402
-0.011828
-0.011470
-0.010897
-0.010961
-0.010428
-0.011904
-0.013175
-0.016475
-0.019248
-0.022927
-0.023969
-0.026871
-0.029976
-0.033459
-0.036756
-0.040208
-0.041700
-0.041832
-0.039909
-0.040325
-0.039232
-0.039039
-0.037885
-0.036844
-0.038210
-0.041739
-0.045032
-0.047955
-0.050332
-0.049895
-0.049139
-0.049305
-0.048028
-0.047645
-0.046262
-0.043678
-0.041318
-0.038790
-0.034677
-0.032130
-0.029948
-0.025787
-0.021464
-0.019525
-0.017537
-0.014827
-0.014086
-0.012054
-0.012151
-0.013593
-0.013980
-0.013368
-0.011454
-0.009083
-0.005600
-0.000560
0.005593
0.011059
0.014034
0.015509
0.016643
0.016470
0.015613
0.013505
0.012944
0.011105
0.009077
0.006606
0.005582
0.005697
0.006246
0.008123
0.009744
0.010059
0.012255
0.016168
0.017188
0.020779
0.024573
0.025528
0.024693
0.024432
0.022818
0.019705
0.017931
0.016311
0.015589
0.017118
0.017615
0.017444
0.014908
0.013410
0.012722
0.012389
0.012383
0.012558
0.011893
0.011849
0.013084
0.012324
0.008755
0.008437
0.007562
0.005550
0.002958
0.000487
-0.002903
-0.003186
-0.003372
-0.005939
-0.007738
-0.011044
-0.016424
-0.021506
-0.026646
-0.034138
-0.040952
-0.044589
-0.047299
-0.047789
-0.049363
-0.051566
-0.054664
-0.056400
-0.057776
-0.057733
-0.056252
-0.054886
-0.053033
-0.051564
-0.050756
-0.050196
-0.049650
-0.046668
-0.044355
-0.042288
-0.039935
-0.037607
-0.032000
-0.024720
-0.018157
-0.013145
-0.008981
-0.004833
-0.000279
0.003082
0.004045
0.004502
0.005262
0.006909
0.007600
0.007576
0.007703
0.007793
0.006148
0.003332
0.002648
0.004867
0.007614
0.009728
0.012086
0.015049
0.017688
0.020916
0.022642
0.023183
0.023127
0.022622
0.021457
0.021410
0.021906
0.022235
0.022553
0.024068
0.024637
0.027187
0.032148
0.036022
0.040222
0.044638
0.047552
0.049862
0.051326
0.050161
0.049155
0.049297
0.050346
0.052747
0.054021
0.055358
0.055118
0.054350
0.053111
0.052094
0.049075
0.046609
0.044956
0.040810
0.036880
0.031434
0.025892
0.022849
0.019682
0.017462
0.009914
0.005069
0.000750
-0.004568
-0.007234
-0.010271
-0.010199
-0.008990
-0.007706
-0.007640
-0.005726
-0.005994
-0.003561
0.000462
0.003352
0.005950
0.008328
0.006748
0.002685
0.001671
0.000556
-0.000196
0.002478
0.006529
0.011754
0.015520
0.017872
0.020377
0.024001
0.026500
0.025459
0.025220
0.024658
0.023899
0.022599
0.020882
0.021284
0.019826
0.016873
0.014759
0.014765
0.014339
0.013117
0.013849
0.014748
0.014009
0.014933
0.017278
0.018493
0.023058
0.027451
0.030725
0.035620
0.039310
0.040432
0.045456
0.050874
0.054925
0.057759
0.060131
0.060161
0.062130
0.060090
0.058748
0.056765
0.054563
0.050841
0.045902
0.042523
0.039076
0.034951
0.029325
0.023202
0.018513
0.013721
0.011463
0.010626
0.011579
0.011547
0.010339
0.008586
0.006314
0.006966
0.007194
0.004885
0.000996
-0.004232
-0.009571
-0.012548
-0.015165
-0.019569
-0.023479
-0.027934
-0.031318
-0.033743
-0.036448
-0.038567
-0.041029
-0.043163
-0.045324
-0.044012
-0.043795
-0.042479
-0.041592
-0.043956
-0.045806
-0.045273
-0.045253
-0.043338
-0.041102
-0.036856
-0.032368
-0.027411
-0.022790
-0.021000
-0.018788
-0.015919
-0.012241
-0.009091
-0.006732
-0.003910
-0.002361
-0.000875
0.001676
0.003922
0.008894
0.013362
0.017714
0.022039
0.024684
0.023661
0.020795
0.017360
0.013748
0.010951
0.007882
0.005760
0.003676
0.002710
0.001054
-0.001847
-0.003969
-0.007017
-0.010498
-0.014011
-0.018898
-0.024726
-0.028742
-0.031836
-0.036138
-0.040649
-0.042989
-0.043461
-0.043976
-0.044565
-0.046990
-0.049633
-0.052104
-0.053407
-0.054446
-0.053489
-0.052019
-0.050114
-0.048013
-0.046056
-0.044548
-0.041578
-0.038430
-0.036147
-0.036349
-0.035710
-0.036141
-0.035430
-0.035506
-0.034990
-0.032896
-0.030252
-0.027541
-0.025141
-0.021510
-0.020339
-0.018310
-0.016321
-0.016006
-0.014551
-0.014417
-0.012284
-0.011337
-0.010720
-0.010002
-0.008511
-0.008634
-0.008059
-0.007695
-0.006578
-0.004570
-0.002499
-0.000427
0.001551
0.006907
0.011220
0.012301
0.013776
0.016148
0.021391
0.024410
0.024128
0.022120
0.020583
0.019707
0.019840
0.021267
0.022240
0.021028
0.021243
0.022475
0.022794
0.023289
0.025573
0.027012
0.027622
0.029191
0.031164
0.033774
0.034013
0.033087
0.033347
0.034420
0.033195
0.031654
0.031310
0.030220
0.028414
0.026083
0.023510
0.020476
0.016778
0.012400
0.007304
0.003060
-0.000753
-0.004596
-0.007348
-0.011385
-0.012903
-0.014592
-0.014632
-0.012898
-0.012462
-0.010573
-0.009300
-0.008072
-0.007937
-0.008446
-0.009300
-0.009439
-0.010368
-0.009087
-0.008768
-0.010032
-0.013902
-0.017805
-0.022921
-0.024570
-0.026020
-0.025939
-0.023654
-0.022299
-0.020242
-0.018543
-0.016701
-0.017966
-0.020251
-0.022814
-0.025195
-0.026130
-0.027755
-0.028573
-0.028223
-0.027419
-0.027516
-0.027022
-0.025588
-0.025112
-0.024732
-0.023050
-0.021327
-0.020383
-0.018246
-0.018234
-0.017192
-0.014729
-0.014127
-0.016156
-0.017271
-0.016301
-0.017447
-0.017097
-0.014644
-0.014501
-0.015979
-0.016995
-0.019576
-0.020221
-0.021386
-0.021894
-0.019549
-0.016625
-0.015035
-0.011702
-0.007838
-0.003888
0.000310
0.006240
0.011590
0.017566
0.023900
0.026815
0.031849
0.039809
0.043502
0.045049
0.050097
0.049592
0.048117
0.045960
0.042586
0.039596
0.035204
0.027765
0.020226
0.015561
0.011171
0.007676
0.004134
0.001805
-0.000616
-0.002300
-0.004600
-0.007762
-0.010784
-0.012903
-0.015837
-0.018309
-0.020244
-0.023341
-0.026849
-0.028634
-0.030932
-0.031503
-0.031327
-0.030803
-0.030129
-0.030302
-0.033084
-0.033798
-0.034185
-0.033293
-0.031681
-0.029814
-0.025685
-0.020656
-0.014498
-0.010278
-0.004982
0.000308
0.005104
0.008152
0.011648
0.014086
0.015850
0.019506
0.023777
0.028443
0.033170
0.035639
0.038334
0.041953
0.046396
0.050968
0.055650
0.059032
0.059075
0.057765
0.057597
0.057029
0.054551
0.050937
0.046108
0.042016
0.040196
0.038064
0.035237
0.031371
0.028193
0.026315
0.024554
0.024404
0.022122
0.019214
0.016132
0.011071
0.006971
0.004420
0.002254
-0.000084
-0.001814
-0.000632
0.001639
0.001837
0.000691
0.000063
-0.001737
-0.001783
-0.001652
-0.001201
-0.002126
-0.004250
-0.005305
-0.005532
-0.008219
-0.008491
-0.009242
-0.010932
-0.012654
-0.015324
-0.018168
-0.021889
-0.024734
-0.025770
-0.028741
-0.029671
-0.031690
-0.033293
-0.034892
-0.036928
-0.038482
-0.036198
-0.034859
-0.034874
-0.034596
-0.034519
-0.032199
-0.032494
-0.033564
-0.035722
-0.034649
-0.035304
-0.034720
-0.032792
-0.030191
-0.029110
-0.027896
-0.024818
-0.023841
-0.019011
-0.014757
-0.010819
-0.008859
-0.006577
-0.006211
-0.005131
-0.003724
-0.002917
-0.001358
0.001170
0.004057
0.006669
0.009564
0.012990
0.014009
0.017134
0.019836
0.022558
0.025690
0.027479
0.029343
0.030254
0.031717
0.032413
0.031338
0.032124
0.033189
0.033962
0.032714
0.032440
0.031344
0.029550
0.028631
0.029222
0.032601
0.035041
0.032833
0.030369
0.026885
0.023305
0.019380
0.014995
0.010430
0.005738
0.003375
-0.001209
-0.005205
-0.009210
-0.015111
-0.021035
-0.027637
-0.033272
-0.037064
-0.042006
-0.046636
-0.049615
-0.052557
-0.054760
-0.057642
-0.058854
-0.060266
-0.060063
-0.059716
-0.058168
-0.055807
-0.052302
-0.049434
-0.047806
-0.046348
-0.045151
-0.044399
-0.043590
-0.042434
-0.042918
-0.044114
-0.048607
-0.051740
-0.052051
-0.055039
-0.055892
-0.056213
-0.055289
-0.053424
-0.052006
-0.050910
-0.050372
-0.051013
-0.050904
-0.052359
-0.053468
-0.052334
-0.049368
-0.047724
-0.044926
-0.043313
-0.041112
-0.038630
-0.038021
-0.038222
-0.036416
-0.033453
-0.034564
-0.034908
-0.036023
-0.035985
-0.036408
-0.035184
-0.033833
-0.032553
-0.029406
-0.029745
-0.031009
-0.032363
-0.035873
-0.039715
-0.042271
-0.045273
-0.047246
-0.048369
-0.048369
-0.047306
-0.047674
-0.049365
-0.049434
-0.051340
-0.055595
-0.056254
-0.057111
-0.057736
-0.059773
-0.059779
-0.057511
-0.054510
-0.051291
-0.048167
-0.046031
-0.044125
-0.041672
-0.040631
-0.039917
-0.039501
-0.039523
-0.037643
-0.039115
-0.038292
-0.036421
-0.032370
-0.027900
-0.026656
-0.024478
-0.022330
-0.023356
-0.025957
-0.028551
-0.032883
-0.037527
-0.041641
-0.043553
-0.045210
-0.046787
-0.046788
-0.045658
-0.042936
-0.038571
-0.033211
-0.028429
-0.025332
-0.021813
-0.019434
-0.017082
-0.012470
-0.006830
-0.002101
0.003782
0.007340
0.008481
0.010386
0.008755
0.004595
0.000414
-0.004332
-0.011054
-0.016464
-0.019607
-0.021094
-0.021360
-0.021552
-0.021008
-0.019173
-0.020487
-0.021018
-0.020727
-0.020239
-0.019758
-0.019725
-0.020526
-0.021720
-0.021883
-0.022307
-0.025153
-0.025666
-0.025677
-0.026687
-0.027253
-0.028109
-0.027994
-0.030310
-0.034864
-0.038921
-0.042431
-0.043063
-0.044246
-0.046810
-0.049513
-0.051905
-0.053022
-0.052627
-0.051353
-0.050374
-0.049864
-0.049698
-0.049301
-0.050279
-0.051385
-0.051952
-0.054258
-0.054256
-0.056658
-0.059562
-0.059799
-0.058981
-0.057383
-0.056481
-0.054564
-0.051682
-0.050543
-0.048442
-0.047587
-0.047953
-0.048341
-0.048217
-0.047869
-0.050358
-0.053314
-0.055853
-0.059079
-0.061550
-0.062580
-0.064217
-0.067106
-0.066713
-0.067181
-0.067386
-0.065800
-0.064055
-0.061225
-0.055795
-0.052607
-0.050195
-0.050377
-0.051718
-0.051519
-0.050193
-0.050303
-0.049005
-0.047027
-0.044619
-0.041136
-0.037547
-0.033827
-0.027496
-0.022415
-0.017329
-0.014227
-0.009964
-0.006111
-0.001911
0.002593
0.006717
0.009410
0.015525
0.019494
0.021073
0.022975
0.020316
0.019015
0.019078
0.018918
0.018659
0.018853
0.017536
0.017620
0.018039
0.017068
0.015621
0.013601
0.010721
0.006737
0.007845
0.006403
0.003584
-0.001001
-0.006326
-0.009835
-0.011997
-0.013220
-0.017711
-0.021884
-0.024225
-0.026254
-0.026564
-0.028014
-0.030882
-0.031425
-0.032255
-0.033317
-0.036037
-0.037634
-0.040239
-0.042963
-0.044432
-0.045273
-0.043959
-0.044488
-0.043403
-0.042569
-0.043075
-0.044343
-0.046052
-0.046205
-0.045374
-0.044045
-0.042454
-0.040924
-0.038211
-0.035946
-0.033687
-0.029869
-0.024928
-0.019428
-0.014643
-0.010633
-0.008476
-0.010874
-0.011385
-0.012748
-0.012017
-0.010469
-0.006906
-0.002092
0.002918
0.005983
0.006359
0.008017
0.008653
0.010455
0.012282
0.014416
0.016703
0.019497
0.021528
0.023577
0.024028
0.027058
0.028757
0.030769
0.032582
0.035014
0.037037
0.036013
0.034324
0.034289
0.036559
0.039235
0.040673
0.042843
0.044870
0.046747
0.048018
0.049720
0.049279
0.049925
0.051378
0.052499
0.053638
0.052031
0.051405
0.050605
0.048944
0.048432
0.049283
0.048993
0.046985
0.044435
0.041127
0.040542
0.041448
0.041337
0.040823
0.041069
0.039790
0.038460
0.039291
0.038976
0.036664
0.034691
0.033091
0.031605
0.032663
0.036454
0.038189
0.038426
0.042725
0.046930
0.051618
0.055321
0.056787
0.060887
0.064574
0.068011
0.071209
0.069876
0.068064
0.066519
0.068795
0.069796
0.071594
0.072746
0.075542
0.078706
0.077522
0.077696
0.080158
0.084791
0.088938
0.093332
0.094988
0.096079
0.096537
0.096219
0.097088
0.099340
0.102011
0.103648
0.102657
0.098993
0.093061
0.086737
0.081360
0.073845
0.064291
0.055128
0.048565
0.044946
0.041983
0.040713
0.041464
0.038195
0.035474
0.035241
0.031858
0.029434
0.024616
0.018221
0.013205
0.009306
0.006461
0.001283
-0.004582
-0.008929
-0.013279
-0.016023
-0.019973
-0.021515
-0.024527
-0.026513
-0.027268
-0.025083
-0.023195
-0.020085
-0.019262
-0.017229
-0.015852
-0.016085
-0.014732
-0.014989
-0.014920
-0.012436
-0.010909
-0.009535
-0.006169
-0.004031
-0.003886
0.000049
0.005772
0.011214
0.013755
0.015193
0.011800
0.009969
0.011003
0.011639
0.011447
0.010451
0.010207
0.008936
0.011208
0.013123
0.012386
0.013018
0.011213
0.008361
0.008023
0.007957
0.005039
0.002964
0.001016
0.001174
0.001094
0.002038
0.005883
0.011318
0.016920
0.023244
0.026299
0.030913
0.035511
0.035718
0.035355
0.036218
0.035689
0.037134
0.038997
0.041407
0.041537
0.041435
0.043605
0.045104
0.045585
0.046355
0.046139
0.046433
0.049662
0.053055
0.055407
0.057397
0.059323
0.060957
0.060101
0.059661
0.056901
0.054700
0.052889
0.047810
0.040953
0.036253
0.031406
0.026193
0.023809
0.020770
0.019378
0.019506
0.023886
0.026922
0.028857
0.031019
0.032795
0.032780
0.029052
0.024343
0.019234
0.016330
0.012617
0.010226
0.007139
0.004950
0.002857
0.001049
-0.004304
-0.010167
-0.015211
-0.017496
-0.018540
-0.022087
-0.025954
-0.028104
-0.029140
-0.030391
-0.031745
-0.033983
-0.036266
-0.038718
-0.039740
-0.040868
-0.042672
-0.044696
-0.046500
-0.048131
-0.051492
-0.051823
-0.051192
-0.052504
-0.053770
-0.054555
-0.052809
-0.048609
-0.044096
-0.045270
-0.044041
-0.042172
-0.039935
-0.038530
-0.035783
-0.035282
-0.037333
-0.038765
-0.037726
-0.036066
-0.035345
-0.034750
-0.032328
-0.030395
-0.028248
-0.026851
-0.025865
-0.025314
-0.026088
-0.026633
-0.027697
-0.027936
-0.028621
-0.028218
-0.028987
-0.029056
-0.030198
-0.029827
-0.029692
-0.029114
-0.031291
-0.031936
-0.032927
-0.031350
-0.030134
-0.030296
-0.030030
-0.029156
-0.028602
-0.028489
-0.029481
-0.030922
-0.031536
-0.031700
-0.033079
-0.035537
-0.037238
-0.038293
-0.037067
-0.037092
-0.039192
-0.042033
-0.046376
-0.050333
-0.052825
-0.056170
-0.059641
-0.062872
-0.064399
-0.068866
-0.071268
-0.073211
-0.071561
-0.069672
-0.069924
-0.070020
-0.072188
-0.073952
-0.075291
-0.076332
-0.075733
-0.072987
-0.069193
-0.067873
-0.066430
-0.064529
-0.064420
-0.064680
-0.064179
-0.064470
-0.063612
-0.063518
-0.062902
-0.062820
-0.063227
-0.061928
-0.059408
-0.056783
-0.052770
-0.049364
-0.045329
-0.040175
-0.035977
-0.034103
-0.032441
-0.029774
-0.026367
-0.024973
-0.024919
-0.025297
-0.028082
-0.029240
-0.028875
-0.028573
-0.024590
-0.021412
-0.020409
-0.018085
-0.017769
-0.018454
-0.018563
-0.018577
-0.020692
-0.023016
-0.024842
-0.025564
-0.027920
-0.028594
-0.029612
-0.031857
-0.033199
-0.031156
-0.029331
-0.027087
-0.025613
-0.023335
-0.017377
-0.010342
-0.005668
-0.001434
0.003941
0.009979
0.013517
0.014055
0.014638
0.012768
0.010839
0.008848
0.007176
0.004401
0.001446
-0.002489
-0.005727
-0.009848
-0.014477
-0.016576
-0.020103
-0.022553
-0.025872
-0.027190
-0.028304
-0.026668
-0.023101
-0.019876
-0.019066
-0.018586
-0.015915
-0.014036
-0.011504
-0.010151
-0.009525
-0.007329
-0.002186
0.004158
0.011350
0.017905
0.022408
0.027596
0.032313
0.035726
0.036435
0.038592
0.039046
0.038746
0.038996
0.041787
0.044010
0.046036
0.047422
0.048628
0.052176
0.056279
0.058530
0.060426
0.059490
0.056961
0.054933
0.054138
0.051363
0.048245
0.045883
0.043662
0.037773
0.033136
0.029441
0.025935
0.023206
0.022645
0.021913
0.019282
0.016792
0.013943
0.010389
0.009957
0.009101
0.006560
0.005142
0.002939
0.002892
0.003587
0.003275
0.000550
-0.000239
-0.003728
-0.005689
-0.007619
-0.010311
-0.012773
-0.014234
-0.012806
-0.011250
-0.010113
-0.008819
-0.010256
-0.011616
-0.013821
-0.014259
-0.012420
-0.010998
-0.008905
-0.006805
-0.006818
-0.009370
-0.011481
-0.013532
-0.014408
-0.012433
-0.012812
-0.012795
-0.011371
-0.010674
-0.008154
-0.003361
0.001775
0.004168
0.004739
0.005384
0.005356
0.003431
0.002038
0.002283
0.002574
0.002781
0.001481
-0.001215
-0.001152
-0.000483
-0.001515
-0.001618
-0.001277
0.000726
0.001692
0.002964
0.003616
0.004148
0.004025
0.003447
0.001925
-0.000048
-0.002380
-0.006393
-0.010551
-0.013997
-0.016480
-0.018236
-0.020828
-0.024772
-0.027174
-0.027379
-0.029410
-0.032568
-0.035976
-0.037560
-0.039757
-0.042124
-0.043394
-0.044865
-0.045141
-0.049110
-0.053524
-0.055454
-0.057174
-0.057205
-0.056947
-0.054643
-0.054008
-0.055414
-0.057694
-0.061621
-0.064678
-0.066646
-0.067522
-0.068080
-0.067985
-0.068156
-0.068774
-0.067634
-0.065261
-0.065219
-0.065721
-0.065568
-0.065527
-0.064392
-0.062444
-0.062435
-0.063194
-0.062662
-0.061449
-0.060707
-0.058702
-0.055484
-0.054319
-0.056546
-0.057826
-0.057628
-0.057388
-0.057495
-0.059765
-0.058863
-0.057799
-0.055528
-0.055421
-0.056979
-0.056827
-0.055988
-0.056308
-0.055377
-0.054469
-0.053187
-0.051555
-0.049932
-0.048279
-0.049175
-0.046010
-0.042418
-0.039414
-0.037711
-0.035550
-0.034525
-0.034697
-0.036605
-0.036484
-0.036075
-0.035600
-0.034222
-0.031551
-0.027026
-0.021329
-0.017690
-0.014577
-0.009665
-0.003915
-0.000562
0.003763
0.007978
0.010843
0.012448
0.013239
0.013471
0.013245
0.014321
0.014906
0.015554
0.015899
0.017670
0.017132
0.016230
0.016225
0.015252
0.013788
0.012447
0.013408
0.016016
0.018870
0.020272
0.020477
0.020101
0.020591
0.019966
0.019401
0.019391
0.019351
0.019133
0.019639
0.021002
0.021774
0.022062
0.019413
0.016526
0.015005
0.014470
0.012582
0.011664
0.009971
0.009488
0.010946
0.011994
0.012689
0.010785
0.009363
0.012210
0.014401
0.019672
0.025285
0.028993
0.028770
0.029994
0.029264
0.029487
0.028618
0.028858
0.031038
0.034981
0.040144
0.044422
0.049645
0.054813
0.061006
0.068232
0.073997
0.079238
0.087852
0.094482
0.103018
0.111157
0.116480
0.118185
0.119373
0.117906
0.115094
0.113523
0.111322
0.109420
0.104493
0.100656
0.095739
0.090428
0.087522
0.084894
0.080859
0.075997
0.071097
0.068126
0.064492
0.059612
0.053357
0.044353
0.034786
0.027901
0.022077
0.016066
0.010161
0.007980
0.007025
0.006216
0.004566
0.002319
-0.001427
-0.004873
-0.009924
-0.013387
-0.013599
-0.012316
-0.015109
-0.020094
-0.025804
-0.027327
-0.025958
-0.024864
-0.024808
-0.024907
-0.023403
-0.018778
-0.013020
-0.009473
-0.005814
-0.001430
0.001115
0.001599
-0.000484
-0.005193
-0.009366
-0.012204
-0.015537
-0.020832
-0.025257
-0.029592
-0.033749
-0.035619
-0.039886
-0.041928
-0.042276
-0.043790
-0.044892
-0.045811
-0.046107
-0.045474
-0.047931
-0.052495
-0.056025
-0.058897
-0.059770
-0.060451
-0.060758
-0.061346
-0.062075
-0.060314
-0.058580
-0.056975
-0.055493
-0.050907
-0.047576
-0.044020
-0.041665
-0.039641
-0.036422
-0.034748
-0.035319
-0.034658
-0.033529
-0.034573
-0.034223
-0.036784
-0.040649
-0.045702
-0.050497
-0.053966
-0.056816
-0.058214
-0.058228
-0.058629
-0.057566
-0.058111
-0.058405
-0.057821
-0.056545
-0.052874
-0.049338
-0.045206
-0.043244
-0.043125
-0.044346
-0.046124
-0.049194
-0.050808
-0.052915
-0.054645
-0.055249
-0.057960
-0.061398
-0.064661
-0.066233
-0.064762
-0.062574
-0.061520
-0.060797
-0.060675
-0.062382
-0.063227
-0.065123
-0.066649
-0.066840
-0.066406
-0.068435
-0.067849
-0.067847
-0.067822
-0.066355
-0.066600
-0.068919
-0.068825
-0.065518
-0.062093
-0.056095
-0.050237
-0.047039
-0.044142
-0.041087
-0.035568
-0.031752
-0.027609
-0.023928
-0.021382
-0.019296
-0.013509
-0.009359
-0.003928
-0.000156
0.003706
0.007179
0.010078
0.013963
0.018892
0.025010
0.032074
0.037333
0.040442
0.046100
0.049633
0.054635
0.056455
0.058028
0.058331
0.059778
0.059107
0.060223
0.061002
0.063300
0.065691
0.066437
0.068194
0.068802
0.067547
0.065331
0.062527
0.059183
0.055398
0.052069
0.049424
0.044771
0.039626
0.038002
0.037128
0.034267
0.032415
0.029209
0.027659
0.026946
0.025956
0.026128
0.026722
0.026188
0.023359
0.020849
0.019643
0.017315
0.016940
0.016234
0.017191
0.014770
0.012278
0.010538
0.010598
0.010854
0.008966
0.010844
0.011229
0.011604
0.014006
0.013801
0.012402
0.011387
0.009963
0.009459
0.011329
0.015546
0.019766
0.026033
0.031129
0.035775
0.040013
0.042338
0.049027
0.054399
0.061554
0.067404
0.073668
0.078599
0.082569
0.084649
0.084973
0.084002
0.082105
0.079237
0.075803
0.076113
0.078977
0.082072
0.084865
0.088172
0.091236
0.094414
0.098110
0.099091
0.100392
0.098446
0.095936
0.093203
0.090341
0.088107
0.085870
0.084362
0.080379
0.076564
0.075250
0.072618
0.067968
0.065027
0.061747
0.059724
0.058938
0.060627
0.065373
0.069910
0.071936
0.075696
0.078783
0.078646
0.076015
0.072729
0.069070
0.063520
0.057215
0.051114
0.047458
0.041359
0.035969
0.034079
0.032924
0.031426
0.029729
0.024180
0.018286
0.010317
0.004157
0.002323
0.003315
0.005842
0.007677
0.012117
0.015794
0.021531
0.026983
0.031212
0.033765
0.035917
0.038058
0.040862
0.043099
0.044146
0.045536
0.046759
0.052313
0.056205
0.061773
0.070308
0.079059
0.087288
0.093411
0.095233
0.096370
0.094372
0.090001
0.085094
0.079329
0.071487
0.061016
0.051789
0.044077
0.038462
0.032033
0.023638
0.013100
0.003519
-0.005987
-0.013205
-0.019545
-0.024871
-0.028289
-0.030510
-0.031052
-0.029923
-0.028642
-0.026096
-0.023881
-0.023448
-0.024283
-0.024640
-0.026726
-0.027329
-0.026966
-0.027288
-0.029839
-0.031520
-0.032219
-0.032310
-0.035227
-0.039019
-0.042245
-0.041743
-0.042537
-0.045750
-0.049778
-0.051512
-0.053017
-0.053459
-0.053525
-0.052056
-0.050174
-0.048917
-0.047909
-0.045831
-0.045802
-0.044290
-0.045292
-0.046301
-0.048054
-0.048194
-0.048935
-0.048748
-0.049019
-0.048602
-0.047752
-0.049624
-0.053610
-0.058828
-0.061930
-0.064140
-0.067032
-0.070480
-0.071408
-0.071731
-0.073289
-0.071618
-0.068584
-0.064918
-0.061981
-0.056956
-0.053389
-0.050675
-0.048675
-0.046896
-0.042638
-0.039627
-0.037409
-0.033895
-0.029183
-0.024763
-0.019017
-0.016102
-0.013723
-0.012243
-0.013181
-0.014161
-0.015600
-0.016990
-0.019623
-0.020025
-0.017704
-0.015001
-0.012542
-0.006373
-0.004852
-0.005091
-0.003924
-0.005569
-0.007691
-0.008692
-0.012320
-0.013774
-0.016232
-0.015025
-0.012211
-0.008430
-0.005214
-0.001630
0.002325
0.006731
0.011286
0.015791
0.018891
0.020447
0.022393
0.022411
0.020774
0.020528
0.019380
0.015776
0.009770
0.003205
-0.002262
-0.008726
-0.016156
-0.021183
-0.023848
-0.022959
-0.018421
-0.011940
-0.006295
0.000690
0.007032
0.012423
0.019156
0.022219
0.026093
0.027330
0.028521
0.031027
0.032755
0.037616
0.041303
0.039978
0.039200
0.040249
0.040881
0.039175
0.036980
0.034281
0.031094
0.027349
0.024495
0.021108
0.017480
0.015253
0.014757
0.014038
0.012719
0.010416
0.007953
0.005064
0.002676
0.000529
-0.002093
-0.003547
-0.002548
-0.001798
0.001812
0.006914
0.014851
0.022587
0.030600
0.037230
0.046091
0.055295
0.063883
0.073259
0.082542
0.086746
0.092446
0.101918
0.110824
0.118226
0.127280
0.134825
0.143010
0.153171
0.161620
0.166427
0.172984
0.176985
0.179617
0.184209
0.186865
0.188889
0.188026
0.189172
0.189054
0.190385
0.189897
0.185959
0.184361
0.184358
0.181583
0.180041
0.177166
0.170894
0.168314
0.164739
0.162809
0.162652
0.164217
0.161679
0.159875
0.156025
0.150942
0.143807
0.135067
0.123765
0.115179
0.104370
0.097094
0.088819
0.080899
0.073819
0.067835
0.058305
0.054397
0.051659
0.049351
0.047284
0.044166
0.039894
0.034854
0.031675
0.028871
0.028239
0.027452
0.026009
0.028284
0.025862
0.023743
0.021256
0.017555
0.012943
0.009896
0.006375
0.002446
-0.000198
-0.001706
-0.002405
-0.003604
-0.007583
-0.007676
-0.006426
-0.007459
-0.010330
-0.013500
-0.015279
-0.015825
-0.014108
-0.017253
-0.018526
-0.018493
-0.017049
-0.012790
-0.010062
-0.007593
-0.004342
-0.000958
-0.000029
0.004975
0.012486
0.015087
0.014790
0.015118
0.012512
0.013868
0.016193
0.014905
0.013983
0.011945
0.008741
0.005302
0.001885
0.000020
-0.004902
-0.009584
-0.011090
-0.012007
-0.013005
-0.014139
-0.018097
-0.023138
-0.025188
-0.024546
-0.023359
-0.026354
-0.025866
-0.029147
-0.031793
-0.034221
-0.037144
-0.039743
-0.044824
-0.048618
-0.051738
-0.053456
-0.056453
-0.060931
-0.068067
-0.072866
-0.075823
-0.076159
-0.078267
-0.079183
-0.078351
-0.076471
-0.076505
-0.073535
-0.070510
-0.066052
-0.062653
-0.060970
-0.058936
-0.057772
-0.056187
-0.053384
-0.049368
-0.044189
-0.037596
-0.033107
-0.027975
-0.024375
-0.022405
-0.021168
-0.020795
-0.019910
-0.018370
-0.016941
-0.019621
-0.018989
-0.017965
-0.017769
-0.020681
-0.023590
-0.025115
-0.027335
-0.027986
-0.028334
-0.026993
-0.023655
-0.019825
-0.018193
-0.014542
-0.013191
-0.012286
-0.013583
-0.013247
-0.011492
-0.009691
-0.009785
-0.009371
-0.007909
-0.005360
-0.001859
0.001154
0.004914
0.006937
0.006724
0.007133
0.003798
0.002406
-0.000900
-0.004244
-0.006357
-0.008713
-0.013170
-0.016593
-0.020297
-0.022074
-0.024348
-0.027891
-0.030804
-0.034021
-0.038150
-0.042927
-0.049789
-0.056050
-0.062170
-0.064372
-0.067376
-0.069563
-0.070293
-0.071344
-0.070018
-0.071700
-0.072578
-0.072829
-0.071323
-0.069366
-0.066182
-0.062320
-0.059712
-0.055414
-0.054378
-0.049611
-0.047246
-0.043359
-0.035516
-0.026323
-0.020683
-0.013912
-0.004816
0.001924
0.008155
0.014154
0.019100
0.027647
0.034255
0.042264
0.046584
0.050076
0.053912
0.054738
0.055991
0.057722
0.062267
0.066439
0.069843
0.074841
0.075329
0.078929
0.081525
0.086194
0.092036
0.098026
0.101916
0.105594
0.105089
0.105788
0.105282
0.102355
0.098793
0.099108
0.099345
0.102754
0.101526
0.097572
0.092450
0.087479
0.083471
0.082886
0.080791
0.079067
0.076176
0.074252
0.068152
0.062171
0.057775
0.052957
0.049069
0.045020
0.037978
0.034470
0.029387
0.023540
0.018683
0.013393
0.008170
0.002405
-0.000811
-0.002884
-0.004661
-0.005263
-0.008030
-0.013594
-0.017686
-0.018947
-0.020830
-0.021882
-0.022312
-0.020326
-0.019675
-0.017215
-0.014237
-0.010557
-0.006772
-0.002291
0.001572
0.003895
0.006156
0.009886
0.011122
0.012864
0.013022
0.014912
0.015391
0.017654
0.019061
0.018948
0.018238
0.018928
0.017777
0.020191
0.022157
0.022626
0.020190
0.017934
0.019132
0.021574
0.022152
0.021264
0.021411
0.019537
0.019127
0.022671
0.024929
0.028502
0.031505
0.035265
0.035385
0.038009
0.039524
0.041243
0.043265
0.043783
0.043839
0.045752
0.046752
0.047942
0.046531
0.043693
0.039568
0.038254
0.035172
0.033615
0.031858
0.032354
0.032950
0.032461
0.030046
0.027479
0.022919
0.017421
0.012312
0.004382
-0.003380
-0.013760
-0.026445
-0.038718
-0.047612
-0.055952
-0.064956
-0.071697
-0.076307
-0.078665
-0.079670
-0.079704
-0.080384
-0.078868
-0.076398
-0.072086
-0.066559
-0.061884
-0.054602
-0.050236
-0.048432
-0.046776
-0.046411
-0.044113
-0.043828
-0.043988
-0.045871
-0.048641
-0.053555
-0.054079
-0.052684
-0.050045
-0.045979
-0.039867
-0.032244
-0.026076
-0.021252
-0.018081
-0.014685
-0.013685
-0.014272
-0.015284
-0.016016
-0.015102
-0.016248
-0.017320
-0.019576
-0.022615
-0.023212
-0.024593
-0.027796
-0.031393
-0.036596
-0.041548
-0.044840
-0.047181
-0.047720
-0.048958
-0.050225
-0.051271
-0.049551
-0.047861
-0.047300
-0.047836
-0.049351
-0.049080
-0.050041
-0.049739
-0.050853
-0.049253
-0.050940
-0.052263
-0.053397
-0.053041
-0.053827
-0.052865
-0.052972
-0.053334
-0.053456
-0.052822
-0.052459
-0.049270
-0.046015
-0.043524
-0.039306
-0.039055
-0.037323
-0.037412
-0.039043
-0.038966
-0.040854
-0.044014
-0.042971
-0.044121
-0.046171
-0.051027
-0.053430
-0.056689
-0.059511
-0.063873
-0.069380
-0.070787
-0.070636
-0.072882
-0.072333
-0.072025
-0.072083
-0.068444
-0.066667
-0.067506
-0.067361
-0.067107
-0.067758
-0.064957
-0.063223
-0.062313
-0.059935
-0.057559
-0.056346
-0.056882
-0.058263
-0.058207
-0.058432
-0.057316
-0.054280
-0.051480
-0.049531
-0.047668
-0.048287
-0.045992
-0.043216
-0.041497
-0.036567
-0.029573
-0.020527
-0.010224
0.001956
0.012824
0.023663
0.036318
0.047504
0.061009
0.077036
0.093829
0.106741
0.119445
0.127009
0.133439
0.139044
0.144040
0.149457
0.154489
0.158894
0.162784
0.167507
0.170323
0.170614
0.171572
0.177262
0.179854
0.183025
0.186610
0.188859
0.190447
0.192531
0.192372
0.187427
0.185127
0.184237
0.179036
0.174477
0.167282
0.158754
0.154350
0.150215
0.144215
0.138554
0.135851
0.135342
0.133203
0.129195
0.125226
0.119767
0.111125
0.101630
0.093636
0.083947
0.077139
0.067982
0.056186
0.047637
0.040604
0.036597
0.035254
0.033641
0.034195
0.032963
0.032321
0.033815
0.032843
0.033910
0.034771
0.033306
0.033057
0.034454
0.033795
0.034790
0.037576
0.038707
0.040091
0.040109
0.040499
0.039809
0.038585
0.035649
0.036047
0.036994
0.038146
0.036824
0.036361
0.037816
0.041514
0.044730
0.045615
0.046280
0.044098
0.043958
0.047338
0.048516
0.050463
0.051359
0.053056
0.054469
0.055336
0.055697
0.054889
0.051258
0.046212
0.039356
0.033950
0.028413
0.022683
0.018282
0.016119
0.014312
0.011075
0.009578
0.006751
0.003096
-0.001580
-0.005363
-0.010046
-0.013508
-0.016937
-0.018097
-0.022130
-0.023639
-0.025335
-0.025086
-0.026072
-0.026118
-0.030376
-0.033224
-0.037893
-0.040597
-0.046372
-0.055755
-0.062403
-0.064274
-0.065881
-0.067730
-0.068955
-0.071613
-0.072640
-0.073225
-0.076189
-0.081690
-0.084939
-0.086403
-0.087569
-0.088431
-0.089615
-0.089629
-0.091446
-0.092691
-0.095044
-0.097254
-0.095388
-0.090456
-0.089006
-0.084017
-0.078627
-0.073082
-0.069197
-0.066337
-0.060994
-0.053340
-0.045723
-0.039170
-0.030974
-0.024742
-0.017811
-0.012202
-0.009614
-0.007488
-0.005531
-0.006597
-0.004926
-0.004870
-0.009406
-0.011860
-0.014295
-0.016714
-0.017266
-0.016659
-0.014634
-0.012916
-0.013738
-0.013640
-0.014762
-0.010774
-0.007108
-0.005462
-0.005171
-0.007570
-0.009194
-0.012409
-0.016143
-0.019040
-0.021150
-0.022280
-0.020843
-0.020533
-0.018344
-0.012631
-0.008961
-0.004121
0.003614
0.010038
0.014669
0.020913
0.025218
0.028499
0.028887
0.033569
0.037178
0.039951
0.043136
0.043633
0.044203
0.043379
0.043310
0.043849
0.044603
0.046001
0.048013
0.052638
0.055167
0.053839
0.054923
0.055682
0.056278
0.059787
0.062147
0.062053
0.061325
0.060387
0.057822
0.053310
0.045730
0.036390
0.030419
0.024394
0.017815
0.013845
0.009582
0.004647
0.000297
-0.001808
-0.003170
-0.001628
0.003520
0.008946
0.013031
0.016239
0.020311
0.022655
0.024814
0.027385
0.032300
0.039518
0.049358
0.056282
0.061518
0.065858
0.070961
0.079277
0.087585
0.096764
0.104084
0.109394
0.113919
0.120073
0.127991
0.129038
0.131913
0.135805
0.137870
0.138705
0.140428
0.139751
0.133729
0.130280
0.126179
0.120390
0.112756
0.106510
0.101187
0.096386
0.094756
0.093062
0.089541
0.083681
0.076424
0.068264
0.061676
0.052521
0.042595
0.033201
0.023912
0.019411
0.014468
0.011809
0.007348
0.003447
0.000093
-0.001810
-0.003606
-0.005303
-0.010036
-0.014499
-0.018459
-0.019765
-0.021101
-0.023915
-0.022786
-0.021449
-0.021541
-0.021993
-0.023358
-0.025120
-0.026503
-0.027104
-0.026479
-0.022771
-0.019171
-0.016050
-0.014613
-0.016682
-0.018231
-0.018993
-0.022591
-0.026758
-0.031266
-0.037151
-0.038824
-0.040152
-0.041120
-0.041490
-0.039184
-0.036996
-0.034244
-0.031565
-0.029227
-0.029087
-0.031476
-0.031861
-0.032894
-0.031096
-0.029710
-0.028460
-0.026621
-0.025701
-0.024404
-0.022939
-0.022349
-0.023101
-0.024471
-0.024496
-0.024432
-0.022126
-0.021445
-0.020253
-0.016779
-0.016475
-0.016149
-0.014972
-0.015157
-0.014912
-0.014168
-0.014298
-0.013253
-0.014404
-0.013929
-0.013900
-0.013819
-0.013413
-0.016124
-0.018497
-0.018106
-0.017034
-0.018042
-0.019782
-0.021965
-0.027098
-0.033277
-0.038260
-0.044819
-0.051088
-0.058843
-0.066704
-0.074091
-0.080115
-0.086139
-0.089275
-0.093229
-0.097142
-0.100082
-0.099154
-0.099664
-0.098897
-0.097068
-0.094542
-0.091483
-0.089598
-0.089205
-0.089091
-0.086956
-0.082122
-0.077353
-0.072319
-0.067983
-0.065522
-0.062665
-0.065301
-0.067194
-0.068744
-0.068832
-0.068578
-0.067844
-0.067508
-0.067091
-0.064521
-0.060976
-0.057997
-0.054596
-0.049902
-0.044630
-0.039729
-0.033323
-0.029475
-0.025431
-0.018880
-0.010811
-0.001051
0.006933
0.017232
0.021759
0.019680
0.019046
0.020297
0.020017
0.017466
0.013272
0.010270
0.009439
0.008037
0.005332
0.001171
-0.004335
-0.008572
-0.013249
-0.016506
-0.019701
-0.019613
-0.018119
-0.016143
-0.013271
-0.013640
-0.015438
-0.016378
-0.017267
-0.018150
-0.018958
-0.018287
-0.018891
-0.020863
-0.021315
-0.023193
-0.023985
-0.024589
-0.023848
-0.022469
-0.023019
-0.022714
-0.021661
-0.021058
-0.022724
-0.023161
-0.024694
-0.022878
-0.025489
-0.027606
-0.032982
-0.038778
-0.043034
-0.041932
-0.038725
-0.036743
-0.035797
-0.033274
-0.031191
-0.029589
-0.028794
-0.031763
-0.034051
-0.034480
-0.037199
-0.036653
-0.036582
-0.036424
-0.036025
-0.035704
-0.036078
-0.036489
-0.036625
-0.035644
-0.035562
-0.034664
-0.035351
-0.034236
-0.032917
-0.031097
-0.028618
-0.024059
-0.017916
-0.012699
-0.007143
-0.001503
0.005403
0.009906
0.014779
0.019967
0.022719
0.025069
0.026878
0.028664
0.029218
0.032894
0.034657
0.037367
0.042454
0.045033
0.045657
0.045430
0.042523
0.043077
0.043170
0.041501
0.043100
0.046466
0.050229
0.051226
0.051041
0.047704
0.043789
0.040581
0.036654
0.031430
0.025794
0.021653
0.020925
0.022408
0.024904
0.027363
0.031757
0.039113
0.050567
0.059950
0.069762
0.076099
0.081151
0.083672
0.083346
0.085012
0.081960
0.078286
0.075974
0.070429
0.065045
0.059332
0.053315
0.047343
0.040985
0.032810
0.026414
0.021597
0.018395
0.015905
0.014482
0.015660
0.016631
0.017418
0.018978
0.020699
0.020599
0.017954
0.015127
0.009435
0.004451
0.004270
0.001411
-0.001091
-0.002623
-0.003881
-0.004732
-0.001063
0.003964
0.007432
0.007933
0.008860
0.009616
0.010305
0.010954
0.011977
0.013512
0.015095
0.018461
0.019651
0.019695
0.018137
0.015616
0.011931
0.007274
0.001733
-0.002458
-0.006333
-0.011542
-0.016614
-0.021433
-0.024683
-0.029502
-0.031613
-0.033502
-0.034395
-0.036985
-0.040212
-0.042826
-0.043991
-0.043281
-0.044145
-0.042399
-0.041456
-0.039444
-0.037703
-0.038142
-0.038470
-0.040378
-0.043491
-0.047882
-0.052700
-0.056123
-0.057981
-0.057576
-0.058902
-0.060426
-0.062109
-0.063234
-0.064530
-0.062775
-0.060864
-0.058902
-0.056282
-0.053837
-0.049595
-0.044600
-0.040455
-0.040325
-0.040464
-0.040103
-0.040341
-0.038434
-0.038475
-0.040881
-0.040770
-0.038807
-0.034739
-0.032313
-0.028826
-0.029948
-0.028502
-0.029002
-0.028839
-0.028069
-0.025553
-0.024497
-0.021916
-0.020148
-0.018980
-0.019895
-0.019737
-0.019278
-0.018917
-0.022871
-0.025869
-0.028176
-0.032655
-0.036102
-0.041492
-0.042739
-0.043451
-0.043208
-0.045678
-0.051471
-0.054229
-0.052594
-0.054943
-0.056705
-0.055025
-0.054190
-0.052658
-0.051097
-0.049445
-0.048702
-0.046840
-0.045552
-0.045874
-0.043542
-0.041914
-0.037849
-0.036390
-0.033992
-0.031197
-0.029136
-0.026446
-0.026902
-0.028425
-0.030702
-0.031544
-0.031074
-0.031566
-0.030321
-0.027547
-0.026884
-0.025465
-0.022599
-0.021868
-0.020623
-0.019003
-0.018872
-0.018590
-0.018638
-0.018446
-0.017749
-0.017404
-0.018028
-0.020713
-0.023308
-0.027933
-0.031010
-0.032668
-0.034783
-0.036085
-0.036452
-0.036617
-0.035704
-0.035277
-0.035554
-0.036873
-0.039871
-0.040290
-0.041527
-0.044901
-0.046098
-0.045144
-0.046227
-0.044492
-0.042222
-0.038666
-0.034867
-0.033881
-0.029232
-0.023945
-0.017858
-0.011447
-0.004678
-0.000850
0.001657
0.004783
0.008066
0.010153
0.011190
0.012197
0.013950
0.016837
0.024864
0.032524
0.035285
0.039687
0.044601
0.051001
0.060459
0.070692
0.079673
0.091459
0.100439
0.106638
0.111314
0.113698
0.110368
0.107469
0.106189
0.104742
0.101603
0.096105
0.093556
0.093259
0.092686
0.091155
0.090073
0.087195
0.084230
0.082521
0.080699
0.075771
0.074792
0.073045
0.070602
0.073833
0.076087
0.077646
0.078767
0.076807
0.076186
0.076765
0.080994
0.084402
0.087281
0.090720
0.091922
0.092425
0.091075
0.089138
0.083279
