1.000000
0.803809
0.654655
0.526096
0.426198
0.343763
0.271925
0.207275
0.149773
0.103091
0.068617
0.035639
0.012745
-0.002186
-0.012782
-0.014720
-0.017901
-0.021600
-0.022821
-0.017728
-0.005538
0.001299
0.005542
0.009409
0.016044
0.016388
0.013243
0.012761
0.008983
0.012964
0.020387
0.023045
0.020166
0.016835
0.011396
0.011104
0.003030
0.002665
-0.005142
-0.004196
0.003875
0.004692
0.009808
0.012492
0.010299
0.006519
0.003354
0.001554
-0.001617
-0.007216
-0.006330
0.000217
0.000819
0.006391
0.012343
0.013580
0.011624
0.014560
0.012627
0.014141
0.013447
0.012995
0.010362
0.007182
0.007267
0.008033
0.011906
0.013841
0.013247
0.014758
0.020468
0.020326
0.020845
0.018524
0.018429
0.014338
0.010874
0.012880
0.009919
0.010832
0.017544
0.020830
0.024133
0.028506
0.028997
0.024620
0.019485
0.017327
0.019575
0.019995
0.021076
0.026185
0.026602
0.028109
0.032446
0.028414
0.027694
0.026569
0.026931
0.025666
0.027636
0.029991
0.028991
0.034741
0.038882
0.034853
0.029922
0.026190
0.022184
0.017831
0.012719
0.006714
0.008349
0.011115
0.014270
0.016174
0.015207
0.014488
0.014621
0.010995
0.008704
0.004475
-0.000442
0.000232
-0.003907
-0.006818
-0.014211
-0.020187
-0.021878
-0.022762
-0.023264
-0.030623
-0.031900
-0.033311
-0.030616
-0.029658
-0.015212
-0.004754
0.001305
0.008695
0.014161
0.015937
0.022276
0.024507
0.024162
0.019564
0.015831
0.011564
0.009426
0.006280
0.000665
-0.010193
-0.018577
-0.026248
-0.029351
-0.025730
-0.021666
-0.012293
-0.010359
-0.003273
-0.004316
-0.002111
-0.003813
-0.003342
0.007150
0.019263
0.027874
0.027102
0.020680
0.018209
0.022367
0.018576
0.012043
0.010952
0.005366
0.001927
-0.003523
-0.005122
-0.002361
-0.000757
0.002427
0.005021
0.007045
0.006716
0.010340
0.013385
0.006539
0.005589
0.003048
0.006745
0.011359
0.016007
0.021106
0.017178
0.017830
0.013908
0.021997
0.027753
0.032213
0.029417
0.028410
0.026186
0.024588
0.025816
0.017028
0.015218
0.008508
0.005059
0.004713
0.007615
0.009032
0.008114
0.003325
-0.000087
-0.009920
-0.019839
-0.026719
-0.027185
-0.026468
-0.025408
-0.021185
-0.018578
-0.016847
-0.016011
-0.016848
-0.020056
-0.024609
-0.021992
-0.017139
-0.013991
-0.011105
-0.010569
-0.008752
-0.009287
-0.010288
-0.009882
-0.004715
-0.001033
0.000136
-0.001409
0.001050
0.003234
0.005312
0.002433
0.001380
0.000404
-0.004258
-0.006166
-0.006667
-0.009226
-0.012818
-0.010790
-0.009207
-0.005915
-0.008462
-0.008681
-0.010359
-0.007923
-0.002459
-0.008531
-0.013308
-0.015552
-0.009969
-0.012947
-0.013487
-0.017262
-0.011454
-0.005027
0.000333
0.008371
0.013545
0.013804
0.011489
0.010460
0.003669
-0.001655
-0.005115
-0.010931
-0.012891
-0.008775
-0.008616
-0.006761
-0.000831
0.003699
-0.003481
-0.008482
-0.008929
-0.009332
-0.006383
-0.000676
-0.003748
-0.005418
-0.012133
-0.013180
-0.011315
-0.007160
-0.001002
0.002103
0.003216
0.004681
0.003675
0.000680
-0.004174
-0.009115
-0.007396
-0.007707
-0.009929
-0.014694
-0.018748
-0.013817
-0.009168
-0.008996
-0.015807
-0.015337
-0.012879
-0.012493
-0.011683
-0.014572
-0.015835
-0.012421
-0.015747
-0.013178
-0.011997
-0.004723
0.003462
0.006128
0.011554
0.012425
0.014166
0.018868
0.021776
0.027664
0.024969
0.027142
0.031275
0.034940
0.030033
0.027271
0.014448
0.006437
-0.000974
-0.011322
-0.015895
-0.023747
-0.028938
-0.031438
-0.026227
-0.025759
-0.024485
-0.020033
-0.016275
-0.005120
0.001538
0.007396
0.009334
0.015016
0.020359
0.025824
0.028929
0.034659
0.034066
0.037128
0.037951
0.036853
0.028121
0.021884
0.016990
0.010604
0.007052
0.006446
0.006077
0.008018
0.008449
0.005580
-0.000999
-0.005211
-0.007771
-0.005869
-0.004626
-0.000626
0.000261
-0.002982
-0.000824
0.002695
-0.000323
0.003199
0.003319
0.000965
0.000924
-0.002836
0.002414
0.005577
0.008264
0.005557
0.003500
0.003507
0.000995
-0.004595
-0.014295
-0.020889
-0.023391
-0.020507
-0.020507
-0.019095
-0.021118
-0.026270
-0.027155
-0.026688
-0.026044
-0.027729
-0.024232
-0.021678
-0.014301
-0.004455
0.004209
0.005741
0.005774
0.009949
0.007741
0.007339
0.008373
0.007382
0.011932
0.016307
0.017397
0.020774
0.017867
0.012352
0.009786
0.007245
0.004357
0.001049
0.002862
0.000882
0.003510
0.007135
0.012441
0.017962
0.018594
0.018127
0.018634
0.019193
0.016335
0.009275
0.006533
0.006570
0.013596
0.017380
0.019343
0.018461
0.015981
0.014820
0.020538
0.021219
0.023480
0.022551
0.022260
0.024501
0.019414
0.008241
-0.000863
-0.001682
-0.004546
-0.010803
-0.013655
-0.007819
-0.005035
-0.002929
-0.013205
-0.021137
-0.028392
-0.034191
-0.038435
-0.037337
-0.038419
-0.036573
-0.038498
-0.035496
-0.035662
-0.039554
-0.039698
-0.039583
-0.041508
-0.042812
-0.040410
-0.038162
-0.035943
-0.026780
-0.020984
-0.012345
-0.002752
-0.002962
-0.001333
-0.003994
-0.000615
0.002206
0.002633
0.002596
-0.004195
-0.002436
-0.001108
-0.002219
-0.003481
-0.005386
-0.005416
-0.007811
-0.006625
-0.002386
0.002698
-0.003600
-0.004143
-0.005089
0.001207
0.002201
-0.000815
-0.004362
-0.007137
-0.006581
-0.004483
-0.000815
0.004593
0.009552
0.014286
0.017040
0.022902
0.022047
0.029236
0.039414
0.044272
0.046515
0.039006
0.035811
0.034806
0.033180
0.024469
0.015840
0.005912
-0.002304
-0.012412
-0.015518
-0.022886
-0.034789
-0.037881
-0.041326
-0.044402
-0.044816
-0.043502
-0.036980
-0.034538
-0.027469
-0.020322
-0.016584
-0.014471
-0.015184
-0.008879
0.003069
0.019302
0.026811
0.038939
0.053020
0.057411
0.060606
0.057280
0.054651
0.049670
0.044334
0.036661
0.022929
0.011571
0.008525
0.004950
0.008097
0.008123
0.013524
0.015727
0.017936
0.013892
0.006572
0.002259
0.003141
0.003262
0.003839
-0.000206
0.001604
-0.002768
-0.007203
-0.010743
-0.011795
-0.011200
-0.007809
0.002488
0.010430
0.014764
0.024988
0.029991
0.034795
0.033626
0.027349
0.028062
0.030863
0.035178
0.040396
0.047539
0.054969
0.060607
0.064058
0.060220
0.063715
0.065908
0.065803
0.056850
0.050921
0.039240
0.035918
0.031834
0.029749
0.026720
0.022407
0.019440
0.018046
0.021085
0.016277
0.012061
0.016248
0.018168
0.015399
0.017519
0.020894
0.018797
0.017485
0.019017
0.019531
0.023593
0.027727
0.025623
0.023170
0.022996
0.026854
0.022611
0.012872
0.006576
-0.000192
-0.004502
-0.005663
-0.005351
-0.006650
-0.010336
-0.015201
-0.019951
-0.025548
-0.028209
-0.032386
-0.035265
-0.036559
-0.032416
-0.034592
-0.035453
-0.033446
-0.031625
-0.025370
-0.022919
-0.018737
-0.012003
0.001036
0.004816
0.005532
0.003182
0.006785
0.005990
0.003711
0.002936
-0.005648
-0.004925
-0.001986
0.002723
0.002907
-0.002640
-0.003486
-0.004286
-0.005442
-0.011282
-0.019702
-0.025669
-0.029857
-0.028595
-0.028553
-0.028753
-0.030338
-0.026615
-0.024740
-0.015185
-0.013632
-0.013446
-0.014513
-0.020401
-0.026251
-0.027807
-0.034189
-0.038817
-0.042999
-0.053039
-0.061149
-0.054104
-0.043964
-0.035934
-0.031155
-0.025931
-0.018577
-0.004871
0.007906
0.011165
0.021437
0.021938
0.022048
0.022678
0.025399
0.026996
0.033972
0.038836
0.043003
0.047581
0.050203
0.048923
0.049230
0.044294
0.036624
0.025307
0.017666
0.010980
0.005035
0.000199
0.003144
0.002079
-0.000958
0.001230
-0.004583
-0.002425
0.001853
0.010493
0.015049
0.021695
0.026306
0.027487
0.026021
0.030326
0.035979
0.040791
0.045227
0.046382
0.042036
0.040417
0.039635
0.045269
0.045277
0.052071
0.055804
0.059779
0.064675
0.057452
0.056698
0.054788
0.042082
0.031155
0.023741
0.018094
0.012023
0.008369
0.007180
0.009775
0.010551
0.011600
0.010413
0.012353
0.016423
0.016440
0.018985
0.015629
0.011356
0.007267
0.001912
-0.007180
-0.013150
-0.019199
-0.023115
-0.020936
-0.016789
-0.016113
-0.017037
-0.015807
-0.014802
-0.013338
-0.011930
-0.013843
-0.009631
-0.012561
-0.019797
-0.025291
-0.026557
-0.027612
-0.018838
-0.009472
-0.002323
0.003156
0.001969
-0.000827
-0.002460
-0.006954
-0.008538
-0.008094
-0.002432
0.001440
0.005784
0.008143
0.006686
0.006918
0.009762
0.017183
0.021434
0.027863
0.022893
0.019001
0.018429
0.013817
0.014416
0.017343
0.015738
0.015990
0.017956
0.021872
0.024832
0.026955
0.023846
0.026038
0.026679
0.025499
0.025819
0.023499
0.025223
0.020257
0.015690
0.008282
0.002750
0.003130
0.003311
-0.002680
-0.006253
-0.009767
-0.008955
-0.006481
-0.001459
-0.002422
-0.009209
-0.012088
-0.008988
-0.007158
-0.007781
-0.010366
-0.009092
-0.004440
-0.005091
0.002165
0.008842
0.009362
0.010144
0.009582
0.003513
-0.004422
-0.013907
-0.019675
-0.024073
-0.025377
-0.028526
-0.028485
-0.032416
-0.030694
-0.026171
-0.025061
-0.017995
-0.013864
-0.014701
-0.015256
-0.013688
-0.007472
-0.001166
0.006538
0.007284
0.008855
0.005565
0.003028
-0.001033
-0.002018
-0.007724
-0.010693
-0.013742
-0.017221
-0.026159
-0.028741
-0.036359
-0.033751
-0.028616
-0.020459
-0.014946
-0.014319
-0.008869
-0.008393
-0.006917
-0.009768
-0.008661
-0.011706
-0.011961
-0.018676
-0.024501
-0.034230
-0.042858
-0.044287
-0.046160
-0.038165
-0.029735
-0.024751
-0.015376
-0.004924
0.004246
0.012356
0.016776
0.016075
0.020018
0.017413
0.014326
0.009104
0.003871
0.000962
-0.004927
-0.006434
-0.008655
-0.007893
-0.007354
-0.006171
-0.007047
-0.006701
-0.008881
-0.013576
-0.020732
-0.022994
-0.023268
-0.022768
-0.024575
-0.025031
-0.023405
-0.026770
-0.023000
-0.021241
-0.016670
-0.015201
-0.018264
-0.018749
-0.021307
-0.018640
-0.014846
-0.015092
-0.017826
-0.016955
-0.013286
-0.008658
-0.009121
-0.008167
-0.011091
-0.004494
-0.003242
-0.002784
-0.004497
-0.009139
-0.008388
-0.007231
-0.000657
0.003707
0.001359
-0.003632
-0.009740
-0.016640
-0.019966
-0.025959
-0.034624
-0.043288
-0.053327
-0.054697
-0.051944
-0.045178
-0.038288
-0.034015
-0.028519
-0.020571
-0.013911
-0.010955
-0.006996
0.000635
-0.000676
0.001658
0.004150
0.004639
0.002744
-0.001141
-0.002731
0.001676
0.006959
0.010389
0.015973
0.012396
0.006586
0.008430
0.008378
0.008482
0.002481
0.001546
0.003476
0.001608
0.006024
0.006889
0.011048
0.014158
0.019740
0.018271
0.020554
0.017185
0.016199
0.013486
0.009404
0.002848
-0.003451
-0.005487
-0.004584
-0.001954
0.002853
0.000779
-0.002147
-0.005426
-0.009967
-0.011993
-0.008303
-0.006035
0.001056
0.007194
0.007621
0.007431
0.003062
-0.000872
-0.005468
-0.002137
-0.007107
-0.006990
-0.006905
-0.001761
0.001017
0.003659
0.002019
-0.005793
-0.005138
-0.006881
-0.004256
-0.003662
-0.006453
-0.007240
-0.003881
0.002433
0.007074
0.004440
0.005046
-0.000494
-0.005016
-0.010276
-0.007040
-0.006449
0.003960
0.005686
0.016953
0.020515
0.024852
0.020622
0.020942
0.019924
0.013912
0.009316
0.004232
-0.001083
-0.001923
-0.004415
-0.004134
-0.003658
-0.007998
-0.012731
-0.011323
-0.006179
-0.005557
-0.003615
-0.004586
-0.000998
0.000343
0.000283
0.000554
-0.001512
-0.001176
-0.000673
-0.002956
-0.001030
0.003770
0.009415
0.015087
0.014687
0.010092
0.010811
0.012082
0.011898
0.002455
-0.007375
-0.009874
-0.018309
-0.019933
-0.016499
-0.020432
-0.021845
-0.027309
-0.027999
-0.023774
-0.023233
-0.025108
-0.027747
-0.029796
-0.036891
-0.040910
-0.037864
-0.033884
-0.025363
-0.018764
-0.013950
-0.014781
-0.014174
-0.012448
-0.013015
-0.009993
-0.010194
-0.007392
-0.004648
0.002191
0.005951
0.009263
0.010396
0.009086
0.005910
0.003398
-0.006270
-0.009372
-0.017552
-0.017861
-0.017460
-0.017004
-0.012970
-0.007369
-0.009277
-0.011161
-0.011501
-0.008991
-0.002189
0.001756
0.000039
-0.002342
0.001875
0.003681
0.002976
0.006178
0.003605
0.005153
0.004627
0.002395
0.004824
0.005977
0.007203
0.006003
0.004150
0.002556
0.004456
0.005016
0.009173
0.008647
0.009581
0.008736
0.008733
0.010639
0.012524
0.010731
0.006052
0.004793
-0.001942
-0.009617
-0.010870
-0.021104
-0.021484
-0.020641
-0.014604
-0.015007
-0.010237
-0.004867
-0.002107
-0.000243
-0.004747
-0.006101
-0.006102
-0.007346
-0.007278
-0.006284
-0.002506
0.002648
0.005567
0.012867
0.011110
0.008760
0.005738
0.006757
-0.001827
-0.007214
-0.010360
-0.007403
-0.013998
-0.018647
-0.022565
-0.028491
-0.043949
-0.055795
-0.061901
-0.065692
-0.070200
-0.070104
-0.064596
-0.059204
-0.044518
-0.037434
-0.031736
-0.020594
-0.007961
-0.002049
0.009094
0.014263
0.021784
0.018971
0.015806
0.015384
0.013773
0.011150
0.006871
0.004301
0.000789
-0.003832
-0.006966
-0.007178
-0.010825
-0.013138
-0.018188
-0.012450
-0.010616
-0.007853
-0.006016
-0.002986
-0.007333
-0.008349
-0.012163
-0.015777
-0.016994
-0.018594
-0.019650
-0.016893
-0.006621
-0.006442
-0.003164
-0.006246
-0.011590
-0.019536
-0.025657
-0.027845
-0.033004
-0.041776
-0.046712
-0.046613
-0.043916
-0.045639
-0.049905
-0.050363
-0.050944
-0.049699
-0.047503
-0.047356
-0.043818
-0.044210
-0.043013
-0.041392
-0.040463
-0.039679
-0.037972
-0.030852
-0.027360
-0.024041
-0.023054
-0.019659
-0.016315
-0.004126
0.006300
0.016695
0.022425
0.022708
0.017163
0.013518
0.014501
0.006895
-0.003268
-0.009199
-0.013890
-0.020509
-0.028279
-0.033207
-0.040227
-0.048908
-0.053491
-0.045731
-0.043203
-0.047174
-0.047881
-0.050677
-0.053271
-0.051174
-0.049519
-0.049761
-0.049874
-0.039566
-0.033773
-0.025362
-0.021067
-0.022731
-0.016277
-0.015282
-0.014628
-0.015097
-0.012561
-0.008260
-0.007952
-0.001512
0.005741
0.007520
0.007381
0.001887
-0.000199
-0.005195
-0.008071
-0.006222
-0.001791
0.003656
0.007499
0.009274
0.003400
0.003252
0.006472
0.012808
0.022978
0.028719
0.034361
0.035419
0.039659
0.041783
0.038890
0.037180
0.036615
0.031630
0.028082
0.020576
0.010522
-0.003806
-0.011318
-0.012169
-0.005126
-0.004893
-0.000238
-0.000911
-0.003953
-0.003561
-0.003049
-0.005583
-0.006861
-0.011886
-0.013148
-0.019514
-0.025445
-0.035795
-0.040380
-0.042905
-0.047097
-0.051753
-0.051371
-0.050543
-0.054840
-0.056365
-0.053341
-0.050805
-0.046033
-0.043099
-0.037687
-0.032856
-0.032306
-0.032691
-0.029953
-0.032562
-0.033448
-0.038301
-0.044366
-0.046332
-0.048443
-0.042509
-0.042487
-0.032601
-0.027257
-0.023059
-0.016872
-0.010199
-0.003541
0.001114
0.008310
0.009862
0.016566
0.020313
0.016095
0.018956
0.021980
0.018785
0.016852
0.012680
0.009145
0.005934
0.007719
0.007154
0.006399
0.006147
0.005595
0.004899
0.006540
0.000164
-0.001479
-0.008043
-0.013058
-0.010886
-0.009061
-0.011950
-0.014348
-0.014071
-0.011207
-0.011127
-0.008821
-0.007523
-0.007437
0.000192
0.003383
0.009305
0.019227
0.028940
0.033037
0.033598
0.024207
0.017018
0.007869
0.004234
0.000957
0.002755
0.001514
0.002835
0.010996
0.015388
0.017010
0.018002
0.014397
0.008626
0.004110
0.002239
-0.005324
-0.007440
-0.006257
-0.008971
-0.004898
0.000139
-0.005488
-0.008049
-0.016517
-0.026809
-0.030838
-0.025073
-0.023004
-0.029154
-0.031051
-0.030687
-0.036847
-0.037591
-0.034882
-0.030324
-0.027122
-0.027095
-0.026974
-0.027886
-0.024664
-0.025575
-0.026528
-0.031124
-0.026658
-0.022179
-0.017382
-0.009566
-0.002602
0.006315
0.016633
0.020930
0.021317
0.018441
0.014882
0.005251
0.000803
-0.002719
-0.007758
-0.013266
-0.016165
-0.022380
-0.019503
-0.012168
-0.008872
-0.008248
-0.009704
-0.009378
-0.011234
-0.009246
-0.008050
-0.001216
0.002238
0.004115
0.004462
-0.000728
-0.004365
-0.010425
-0.011733
-0.009924
-0.009181
-0.011069
-0.014750
-0.014139
-0.015021
-0.007577
-0.002202
0.002458
0.001264
0.001601
0.001663
0.000748
0.001122
0.006818
0.005325
0.005395
0.004621
0.003676
0.004958
0.002919
0.001272
0.000384
0.000904
-0.001842
0.006467
0.008328
0.015155
0.014729
0.006582
0.007609
0.014694
0.020907
0.021347
0.013454
0.014447
0.011391
0.003813
0.003547
0.007116
0.011132
0.017197
0.023140
0.016037
0.007393
0.006785
0.005650
0.004505
-0.000154
-0.008329
-0.008881
-0.008624
-0.011568
-0.013994
-0.012669
-0.011705
-0.008566
-0.009992
-0.014726
-0.006106
0.002113
0.002839
0.003192
0.006159
0.007749
0.005702
0.011416
0.009336
0.010268
0.013036
0.011542
0.011121
0.009034
0.012562
0.011185
0.013126
0.010019
0.004778
0.003778
-0.000195
-0.008088
-0.012823
-0.014501
-0.007571
-0.005383
-0.004585
-0.004148
-0.001509
0.000099
0.002939
0.009196
0.020183
0.030288
0.038071
0.039225
0.042679
0.038109
0.037686
0.036954
0.035310
0.031740
0.028581
0.023983
0.017286
0.005615
-0.004176
-0.011200
-0.012408
-0.012603
-0.007323
-0.004099
-0.002893
-0.002729
-0.000444
0.005648
0.014180
0.022008
0.026518
0.030944
0.038448
0.041515
0.046241
0.046979
0.046771
0.042415
0.040875
0.036947
0.032902
0.034804
0.029407
0.025812
0.020835
0.015775
0.009854
0.005898
0.005062
0.001180
0.006351
0.010507
0.012547
0.014690
0.014555
0.013793
0.018563
0.015674
0.014972
0.014794
0.013844
0.007349
0.009038
0.008342
-0.001630
-0.017448
-0.025089
-0.022180
-0.018530
-0.014882
-0.017044
-0.021491
-0.019797
-0.022708
-0.022541
-0.019978
-0.013958
-0.015903
-0.016111
-0.016442
-0.016452
-0.013897
-0.011529
-0.007727
-0.009639
-0.010036
-0.010828
-0.011685
-0.015557
-0.019392
-0.019873
-0.010923
-0.010793
-0.008103
-0.007771
-0.005550
0.000143
-0.000205
-0.006893
-0.006972
-0.005317
-0.004804
-0.003917
-0.008154
-0.009060
-0.018129
-0.016185
-0.009029
-0.008099
-0.004130
0.003400
0.007370
-0.000703
-0.005918
-0.009943
-0.014794
-0.013411
-0.009442
-0.009214
-0.007353
-0.004565
-0.003606
0.000181
0.000436
0.005168
0.006781
0.002309
0.001928
0.002933
0.003365
0.007934
0.009437
0.006730
0.011129
0.013502
0.014387
0.017808
0.018914
0.023249
0.026347
0.026552
0.030503
0.035243
0.042099
0.048743
0.045750
0.039942
0.039978
0.034552
0.035914
0.041970
0.044404
0.049514
0.044133
0.039609
0.030697
0.031991
0.032957
0.031587
0.024602
0.024416
0.023133
0.021992
0.022011
0.027750
0.023840
0.026462
0.021860
0.020234
0.013846
0.013129
0.007546
0.006578
0.008293
0.001903
-0.005744
-0.008927
-0.007606
-0.007231
-0.004103
-0.005749
-0.007235
-0.012038
-0.018044
-0.022852
-0.022154
-0.020575
-0.022102
-0.021738
-0.017477
-0.015358
-0.018471
-0.018599
-0.015825
-0.012579
-0.007525
-0.004379
-0.001903
-0.003119
-0.000908
0.006472
0.013704
0.016951
0.016595
0.019163
0.023025
0.019426
0.019517
0.018734
0.018446
0.014752
0.009352
-0.000832
-0.004618
-0.003750
-0.000356
0.002466
0.004595
0.004005
-0.002016
-0.001771
0.004538
0.007464
0.011871
0.020092
0.026909
0.031496
0.029604
0.023718
0.022204
0.020399
0.016797
0.014294
0.018307
0.018281
0.018827
0.020813
0.023368
0.021154
0.014894
0.015028
0.013406
0.012444
0.011859
0.018227
0.019865
0.008873
0.001442
-0.001419
-0.002889
0.000294
0.001919
0.005932
0.008134
0.006938
0.006214
0.011548
0.011868
0.011682
0.011401
0.005173
-0.003856
-0.014415
-0.022585
-0.023721
-0.023620
-0.024737
-0.022930
-0.016907
-0.009396
-0.007349
-0.014545
-0.023540
-0.028750
-0.035633
-0.038054
-0.041792
-0.039393
-0.040387
-0.039119
-0.032902
-0.027323
-0.026722
-0.025508
-0.021583
-0.024212
-0.019858
-0.017263
-0.016029
-0.019217
-0.023620
-0.031332
-0.025117
-0.026647
-0.029223
-0.028753
-0.025923
-0.023686
-0.014398
-0.002561
0.008069
0.018473
0.015592
0.014887
0.011097
-0.002155
-0.004880
-0.003581
0.001307
0.006634
0.006378
0.004830
-0.002547
-0.010889
-0.013067
-0.014546
-0.018623
-0.019623
-0.021541
-0.027086
-0.030873
-0.031168
-0.028800
-0.022136
-0.021613
-0.022289
-0.023973
-0.021306
-0.020943
-0.015208
-0.013760
-0.003046
0.003515
0.013624
0.022051
0.026083
0.027739
0.025741
0.030325
0.036526
0.037585
0.041642
0.041333
0.040335
0.030267
0.023036
0.013645
0.005085
-0.000753
0.003084
0.005715
0.007382
0.011494
0.011361
0.007905
0.006405
-0.001475
-0.003830
-0.009351
-0.016374
-0.019656
-0.022749
-0.024180
-0.030941
-0.035411
-0.041744
-0.041967
-0.045660
-0.054856
-0.060595
-0.070808
-0.073704
-0.070839
-0.064975
-0.054558
-0.049131
-0.049293
-0.048741
-0.041212
-0.038362
-0.038943
-0.036338
-0.034035
-0.033278
-0.032741
-0.035866
-0.041284
-0.042855
-0.039209
-0.032332
-0.019838
-0.010128
-0.000546
0.000287
-0.004589
-0.008678
-0.005977
0.001048
0.003387
0.005619
0.007364
0.008880
0.011679
0.009085
0.012223
0.017412
0.013836
0.023641
0.024126
0.024237
0.018464
0.014758
0.004854
-0.001256
-0.005999
-0.004761
-0.005565
0.002997
0.001778
-0.006007
-0.008805
-0.011753
-0.005476
-0.003645
0.001021
-0.000332
-0.002717
-0.006216
-0.017876
-0.029238
-0.030542
-0.030704
-0.027050
-0.018525
-0.015604
-0.009963
-0.014118
-0.018674
-0.022642
-0.017979
-0.009636
-0.015555
-0.019072
-0.025710
-0.031059
-0.034597
-0.035353
-0.031772
-0.026329
-0.025361
-0.027325
-0.026290
-0.026549
-0.022784
-0.015045
-0.012890
-0.008279
-0.004814
-0.001904
-0.003498
-0.004833
-0.006979
-0.008607
-0.003291
0.001528
0.002299
0.007717
0.011996
0.012979
0.010577
0.008466
0.012708
0.012396
0.007700
-0.006233
-0.015490
-0.020286
-0.023286
-0.026062
-0.024237
-0.023524
-0.017402
-0.011871
-0.012330
-0.010483
-0.010327
-0.012548
-0.004772
0.006440
0.010641
0.011574
0.019454
0.023210
0.024834
0.022235
0.024633
0.022311
0.015021
0.005971
0.001390
0.000276
-0.001008
-0.001934
-0.004983
-0.007227
-0.007948
-0.005883
-0.007057
-0.004497
-0.007372
-0.007313
-0.002976
0.001310
0.002238
0.012877
0.018480
0.015078
0.012610
0.012345
0.009257
0.011362
0.011271
0.009886
0.007262
0.003049
0.003077
-0.003409
-0.012691
-0.021231
-0.028944
-0.037828
-0.038276
-0.033863
-0.025401
-0.013311
-0.000098
0.004733
0.005513
0.008302
0.003134
-0.004089
-0.011914
-0.016990
-0.023829
-0.027014
-0.030346
-0.032748
-0.032473
-0.024138
-0.019033
-0.013578
-0.007595
-0.009179
-0.013726
-0.017311
-0.019999
-0.020867
-0.019312
-0.015580
-0.007317
0.005485
0.009958
0.023647
0.027436
0.033295
0.039209
0.046370
0.050532
0.048591
0.050689
0.050192
0.047532
0.042829
0.031782
0.025421
0.023356
0.021970
0.016459
0.008069
0.003757
0.004487
0.014048
0.023148
0.030207
0.030690
0.027358
0.024680
0.027995
0.022545
0.024668
0.029063
0.031676
0.040321
0.040232
0.036849
0.034308
0.036383
0.041312
0.043943
0.049005
0.049846
0.045975
0.047846
0.042349
0.034334
0.028883
0.020236
0.012228
0.007511
0.002495
-0.004021
-0.007756
-0.010750
-0.014980
-0.018806
-0.020285
-0.024719
-0.027623
-0.027573
-0.024785
-0.016622
-0.015198
-0.009966
-0.015200
-0.014306
-0.014522
-0.023845
-0.028255
-0.029967
-0.029587
-0.031765
-0.034088
-0.036870
-0.034188
-0.037056
-0.036986
-0.039009
-0.035860
-0.033911
-0.033870
-0.030416
-0.026890
-0.019905
-0.010726
-0.007569
-0.006715
-0.008649
-0.013021
-0.018204
-0.024899
-0.020948
-0.018818
-0.013325
-0.011602
-0.006566
-0.001290
-0.000352
0.001970
0.000870
-0.000395
0.001670
-0.000272
0.002659
0.007890
0.005722
0.000126
0.001601
0.001173
-0.000767
0.001631
0.009040
0.011891
0.019488
0.027616
0.027474
0.027991
0.029638
0.033228
0.037119
0.033987
0.031903
0.033020
0.029328
0.027673
0.026260
0.018196
0.013838
0.008947
0.001145
-0.013499
-0.019718
-0.026172
-0.027289
-0.026536
-0.020701
-0.011473
-0.007392
-0.011260
-0.011314
-0.012471
-0.007583
-0.001251
0.004032
-0.000524
-0.000944
-0.004596
-0.006389
-0.017287
-0.027575
-0.034313
-0.039626
-0.035268
-0.034852
-0.024815
-0.017868
-0.008842
-0.003184
0.006315
0.009609
0.010047
0.011019
0.012976
0.011697
0.012932
0.013548
0.011418
0.013172
0.016631
0.017866
0.019081
0.015548
0.013965
0.009284
0.008696
0.015653
0.020880
0.028335
0.031962
0.029365
0.025503
0.020242
0.019144
0.015548
0.008230
0.007665
0.013417
0.020198
0.029497
0.038810
0.039453
0.040954
0.045565
0.054181
0.061356
0.066332
0.066695
0.068098
0.068703
0.064577
0.055557
0.046027
0.041345
0.033757
0.028914
0.022254
0.018185
0.018952
0.015342
0.014709
0.010563
0.015770
0.018699
0.020213
0.020618
0.016536
0.013992
0.013308
0.010898
0.004428
0.002101
-0.000251
0.008436
0.014114
0.018533
0.021107
0.023367
0.021263
0.026548
0.031871
0.030133
0.030947
0.030515
0.027086
0.029302
0.029689
0.033939
0.041889
0.043804
0.037801
0.031777
0.026707
0.022836
0.024099
0.026129
0.033212
0.037376
0.037946
0.039599
0.042596
0.037375
0.032749
0.024116
0.012663
0.002295
-0.007981
-0.012308
-0.018840
-0.020865
-0.016328
-0.012397
-0.010021
-0.010281
-0.011810
-0.009911
-0.004000
-0.000001
-0.004926
-0.004203
0.004581
0.009372
0.011217
0.017675
0.017966
0.016328
0.016474
0.010029
0.001008
-0.011073
-0.012620
-0.016039
-0.015338
-0.016515
-0.016479
-0.021232
-0.021277
-0.022036
-0.017662
-0.012797
-0.003438
0.006265
0.010993
0.015017
0.011544
0.018409
0.022874
0.025345
0.024257
0.025099
0.023486
0.028691
0.030403
0.038899
0.043184
0.041865
0.041043
0.039768
0.036550
0.028336
0.022406
0.019602
0.019653
0.022358
0.024321
0.021309
0.017532
0.016484
0.009695
0.001300
-0.010627
-0.018931
-0.022426
-0.025008
-0.026027
-0.026680
-0.029208
-0.028504
-0.023895
-0.024307
-0.014380
-0.014438
-0.007054
0.002452
0.010167
0.017632
0.018433
0.025526
0.034624
0.042792
0.045889
0.039260
0.031094
0.026132
0.018868
0.007778
0.002458
-0.002067
-0.007689
-0.009366
-0.012217
-0.017535
-0.023707
-0.025572
-0.020187
-0.010639
-0.007924
-0.004177
-0.007379
-0.005741
0.002910
0.004761
0.003868
0.003191
-0.001219
-0.001605
-0.004536
-0.006575
-0.008624
-0.015698
-0.016899
-0.024536
-0.026256
-0.028077
-0.029166
-0.026829
-0.023883
-0.015819
-0.010881
-0.009886
0.000319
0.009221
0.011503
0.009917
0.010427
0.008832
0.008232
0.008395
0.004363
0.003860
0.001183
0.001523
-0.010582
-0.021410
-0.026739
-0.026695
-0.018547
-0.017585
-0.022834
-0.021406
-0.021405
-0.015766
-0.010046
-0.006776
0.000081
0.003569
0.004166
0.000597
0.004824
0.005006
0.005254
0.003593
-0.002092
-0.004030
-0.003672
0.000818
0.007411
0.013070
0.015073
0.015222
0.016326
0.017269
0.016037
0.011822
0.005006
-0.003818
-0.006618
-0.008505
-0.007023
-0.014332
-0.015358
-0.013386
-0.010764
-0.011132
-0.008037
-0.011366
-0.016051
-0.022047
-0.026353
-0.031679
-0.036347
-0.038706
-0.043956
-0.044622
-0.048242
-0.048020
-0.047075
-0.045816
-0.041973
-0.039689
-0.037535
-0.036885
-0.037491
-0.037847
-0.034516
-0.031788
-0.026132
-0.020020
-0.015232
-0.013214
-0.010418
-0.002134
-0.004553
-0.011091
-0.022200
-0.028972
-0.033432
-0.035482
-0.033721
-0.030375
-0.022189
-0.017446
-0.011739
-0.016702
-0.021261
-0.026439
-0.026463
-0.020260
-0.016083
-0.013610
-0.015435
-0.019398
-0.020365
-0.012399
-0.001060
0.003411
0.007739
0.016568
0.024058
0.033130
0.034576
0.035990
0.035348
0.033579
0.024994
0.016470
0.011568
0.009433
0.008757
0.010611
0.012565
0.007056
-0.000357
-0.005462
-0.006191
-0.006045
-0.004912
-0.004459
-0.005825
-0.005801
-0.006109
-0.003309
0.001370
0.003457
0.011365
0.009611
0.008565
0.002627
-0.007724
-0.004692
-0.005460
-0.004952
-0.005009
-0.007411
-0.006249
-0.010457
-0.019313
-0.018504
-0.009708
-0.000213
-0.000994
-0.000590
-0.002112
-0.005710
-0.008086
-0.005435
-0.003582
0.000594
0.000959
0.003080
0.008627
0.011795
0.012730
0.018963
0.015604
0.010747
0.004374
-0.000861
-0.005672
-0.006726
-0.010751
-0.006141
-0.004566
-0.007324
-0.006091
-0.002301
-0.002532
-0.002886
-0.001870
-0.004528
-0.011768
-0.013304
-0.016226
-0.018861
-0.024142
-0.032922
-0.034477
-0.029018
-0.031825
-0.039691
-0.040833
-0.041513
-0.030737
-0.021037
-0.012678
-0.002991
0.001657
0.005672
0.001387
-0.008229
-0.013775
-0.012819
-0.014654
-0.009862
-0.005334
-0.003971
-0.006218
-0.011239
-0.019178
-0.025894
-0.032629
-0.036679
-0.034685
-0.036612
-0.035926
-0.035210
-0.028963
-0.020038
-0.010618
-0.008365
-0.007458
-0.001045
0.002205
-0.006181
-0.006320
-0.010472
-0.014256
-0.014553
-0.009474
0.000392
-0.000248
0.000096
-0.008123
-0.013544
-0.022977
-0.024321
-0.026829
-0.023873
-0.020452
-0.020921
-0.016899
-0.015880
-0.004563
0.010762
0.018937
0.022878
0.029720
0.042799
0.053048
0.060086
0.057774
0.054362
0.049989
0.045283
0.041041
0.035756
0.022670
0.012842
0.007563
0.001246
-0.004131
-0.007523
-0.006678
-0.005443
-0.007016
-0.012772
-0.016514
-0.022498
-0.019954
-0.015443
-0.010229
-0.004517
0.003304
0.009420
0.014250
0.022247
0.021607
0.021390
0.020903
0.021117
0.012473
0.007327
-0.003776
-0.009359
-0.017260
-0.018144
-0.016971
-0.016120
-0.010524
-0.000360
0.006806
0.005958
-0.006302
-0.015495
-0.024897
-0.030036
-0.031273
-0.030229
-0.033570
-0.033577
-0.033663
-0.028136
-0.023991
-0.015884
-0.004427
0.012296
0.027044
0.029934
0.033484
0.039601
0.047121
0.049815
0.053705
0.055313
0.053366
0.045183
0.038995
0.032589
0.023521
0.017215
0.010647
0.000728
-0.003361
-0.007536
-0.014278
-0.020055
-0.017598
-0.013834
-0.014755
-0.013518
-0.010943
-0.012171
-0.017065
-0.019839
-0.016615
-0.021034
-0.015535
-0.006585
-0.011356
-0.012722
-0.009721
-0.005907
-0.005683
-0.014148
-0.016886
-0.015594
-0.012227
-0.007241
-0.004621
-0.000100
-0.003560
-0.002142
-0.001966
-0.004700
-0.007951
-0.013370
-0.014881
-0.006198
0.002069
0.009885
0.017989
0.023092
0.027115
0.033558
0.028359
0.031064
0.025794
0.025943
0.024308
0.023131
0.024456
0.030283
0.038674
0.050199
0.051333
0.050585
0.046591
0.046388
0.045338
0.034647
0.029484
0.025759
0.017460
0.011329
0.006101
0.003389
0.003010
0.000566
-0.001422
-0.002649
-0.002491
0.000191
0.001455
0.003311
0.007880
0.011526
0.008733
0.001715
-0.006173
-0.012124
-0.012810
-0.009762
-0.006102
-0.003091
0.003384
0.005346
0.013291
0.019719
0.030721
0.039277
0.040458
0.043974
0.053748
0.064213
0.071982
0.074903
0.076599
0.072009
0.070432
0.058210
0.047375
0.035890
0.022604
0.017452
0.009419
0.006573
0.001459
0.003446
0.004508
0.004300
-0.001535
-0.009639
-0.009164
-0.003515
-0.002771
-0.012306
-0.019930
-0.023274
-0.027488
-0.029521
-0.032309
-0.039378
-0.042231
-0.043346
-0.044344
-0.037298
-0.026769
-0.021022
-0.010116
-0.000705
0.008882
0.015796
0.023512
0.032940
0.040142
0.040867
0.037116
0.026483
0.020633
0.013039
0.006097
-0.000254
-0.007379
-0.009464
-0.015784
-0.021254
-0.017823
-0.019951
-0.030172
-0.038942
-0.039479
-0.038275
-0.035978
-0.030253
-0.020743
-0.013134
-0.004614
-0.001582
-0.004847
-0.001463
-0.004561
-0.007358
-0.007654
-0.008550
-0.003098
-0.002322
-0.003024
0.003087
0.008479
0.007008
0.004949
0.001003
-0.004140
-0.008289
-0.007903
-0.018965
-0.022135
-0.026298
-0.026914
-0.031920
-0.034111
-0.037361
-0.041975
-0.040143
-0.041113
-0.039812
-0.032223
-0.018688
-0.020655
-0.026119
-0.024891
-0.030340
-0.031011
-0.030931
-0.028703
-0.025287
-0.023817
-0.019697
-0.021198
-0.026215
-0.026781
-0.027458
-0.022424
-0.025620
-0.032639
-0.042271
-0.046347
-0.045795
-0.048594
-0.051361
-0.051476
-0.044156
-0.037300
-0.030630
-0.026385
-0.021575
-0.024995
-0.030844
-0.033510
-0.034448
-0.035474
-0.035544
-0.037474
-0.038092
-0.034519
-0.036805
-0.039978
-0.036379
-0.033816
-0.027828
-0.017954
-0.013741
-0.012778
-0.015655
-0.011658
-0.009085
-0.003114
0.007742
0.016912
0.025799
0.032912
0.035026
0.034940
0.031484
0.023885
0.014059
0.010458
0.002602
0.000013
-0.008479
-0.010948
-0.016184
-0.022818
-0.028770
-0.030836
-0.024376
-0.022338
-0.019348
-0.014867
-0.021285
-0.024183
-0.027553
-0.025112
-0.021643
-0.011612
-0.009153
-0.015150
-0.015385
-0.015768
-0.012411
-0.013084
-0.015542
-0.017296
-0.026965
-0.028285
-0.030044
-0.034644
-0.032200
-0.033181
-0.030488
-0.027037
-0.022475
-0.018370
-0.017013
-0.022237
-0.031098
-0.028430
-0.029210
-0.025536
-0.022181
-0.018144
-0.019879
-0.023579
-0.028616
-0.023833
-0.018286
-0.013975
-0.009365
0.002779
0.006671
0.010391
0.009888
0.004520
-0.000608
-0.003120
-0.006058
-0.001631
0.007508
0.005303
0.005410
0.004120
0.009919
0.011742
0.009455
0.009329
0.007001
0.007198
0.004862
0.002867
0.003739
0.001738
0.004018
-0.001757
0.000913
0.006528
0.006093
0.013453
0.017045
0.013383
0.010985
0.007682
0.008190
0.004224
0.000598
-0.001506
-0.000445
0.001639
0.010917
0.015027
0.022869
0.024918
0.025263
0.020732
0.016281
0.013529
0.007076
0.000504
-0.002641
-0.000944
0.004371
0.006743
0.011707
0.017085
0.014692
0.011592
0.007503
0.000978
-0.003665
-0.011138
-0.014416
-0.022858
-0.027527
-0.023533
-0.013525
-0.001486
0.002421
-0.000878
-0.003118
-0.010130
-0.016634
-0.022823
-0.025738
-0.025740
-0.033819
-0.040903
-0.041254
-0.039763
-0.036381
-0.033036
-0.024803
-0.011753
-0.002079
0.001352
-0.002905
-0.005230
-0.007564
-0.004044
0.000626
-0.001902
0.001905
-0.001813
-0.007915
-0.014700
-0.019664
-0.014566
-0.007297
-0.000771
0.005297
0.004107
0.002823
0.003888
-0.002845
-0.000422
-0.005801
-0.009340
-0.019613
-0.029596
-0.035098
-0.040367
-0.043610
-0.043344
-0.040109
-0.033090
-0.025818
-0.016949
-0.009432
-0.000042
0.014917
0.016177
0.023793
0.017344
0.011692
0.010616
0.009520
0.011886
0.004814
-0.002176
-0.005922
-0.014085
-0.029415
-0.035705
-0.038825
-0.038840
-0.034958
-0.022251
-0.017807
-0.012761
-0.010726
-0.016293
-0.019794
-0.018378
-0.018011
-0.021280
-0.022763
-0.018713
-0.014489
-0.012030
-0.004990
-0.000722
-0.003406
-0.008787
-0.010214
-0.007635
-0.008487
-0.006824
-0.006657
-0.006301
-0.008004
-0.015145
-0.018932
-0.022894
-0.026986
-0.041665
-0.048137
-0.047831
-0.049522
-0.045681
-0.040351
-0.032552
-0.033976
-0.036901
-0.038620
-0.040831
-0.036023
-0.031087
-0.026211
-0.024975
-0.018437
-0.012642
-0.018381
-0.024725
-0.031371
-0.031644
-0.027265
-0.025400
-0.021456
-0.022965
-0.023335
-0.017383
-0.012385
-0.015539
-0.014807
-0.011506
-0.005151
-0.003849
-0.014242
-0.015713
-0.015541
-0.006381
-0.000303
0.005474
0.010884
0.008894
0.011522
0.011724
0.008151
0.007930
0.004764
-0.000940
0.002888
0.010826
0.014350
0.009062
0.010706
-0.002238
-0.009432
-0.012773
-0.006245
0.009734
0.013737
0.015526
0.015005
0.009021
0.002132
-0.002754
-0.008532
-0.008981
-0.017440
-0.016123
-0.019703
-0.020534
-0.018253
-0.018150
-0.009456
-0.006114
-0.008685
-0.011822
-0.020830
-0.026720
-0.027137
-0.024863
-0.023286
-0.019309
-0.021909
-0.018414
-0.016857
-0.007773
-0.002653
0.003087
0.010588
0.014338
0.017290
0.018727
0.021721
0.019131
0.013211
0.009156
-0.001475
-0.006339
-0.009890
-0.010970
-0.004874
-0.002778
-0.001527
-0.001503
0.005387
0.015764
0.012192
0.015801
0.018115
0.016121
0.016032
0.016496
0.015792
0.008256
-0.000465
0.002594
0.001314
-0.002358
-0.003046
-0.008825
-0.009640
-0.005567
-0.007879
-0.014493
-0.020795
-0.022831
-0.023281
-0.019999
-0.013419
-0.008638
-0.009995
-0.002786
-0.003695
-0.003502
-0.007043
-0.004130
0.002441
0.009047
0.012975
0.020307
0.028590
0.029137
0.024494
0.020030
0.010438
0.004882
0.002762
0.000339
-0.001290
-0.008317
-0.013345
-0.015686
-0.012397
-0.009136
-0.002529
0.007004
0.006809
-0.002665
-0.005104
-0.005827
-0.001244
0.007683
0.008388
0.008984
0.010635
0.010824
0.007194
0.000671
-0.012194
-0.015366
-0.017346
-0.018151
-0.013661
-0.006784
-0.008992
-0.006641
-0.007346
-0.011309
-0.014285
-0.011350
-0.007645
-0.011835
-0.011583
-0.011633
-0.008339
-0.002061
0.005750
0.016350
0.030309
0.035077
0.039318
0.042867
0.050268
0.052243
0.053611
0.056326
0.054016
0.053122
0.051587
0.048154
0.040070
0.035015
0.029496
0.024171
0.017538
0.012712
0.003714
0.004306
0.010603
0.020086
0.016205
0.013558
0.007021
0.009481
0.015080
0.023330
0.020960
0.021443
0.020433
0.015477
0.006446
-0.000468
-0.002743
-0.003123
-0.002517
0.002778
-0.002960
-0.002366
-0.002452
-0.000958
-0.000692
-0.002562
-0.000902
0.004920
0.011537
0.020556
0.016484
0.013343
0.016950
0.017336
0.020617
0.024737
0.017237
0.015601
0.016167
0.018792
0.016347
0.010360
0.001893
-0.006751
-0.010963
-0.009549
-0.001286
0.004763
0.004740
0.004870
0.003094
0.002067
0.004555
0.007411
0.007435
0.004977
0.002211
-0.003437
-0.009620
-0.019406
-0.027863
-0.030515
-0.033808
-0.029893
-0.029470
-0.040442
-0.037790
-0.039109
-0.032450
-0.027035
-0.023049
-0.018771
-0.022655
-0.020928
-0.022318
-0.021555
-0.020077
-0.022689
-0.021349
-0.016633
-0.016495
-0.016769
-0.023071
-0.031181
-0.030789
-0.038521
-0.047706
-0.051887
-0.049743
-0.047091
-0.043954
-0.040334
-0.036951
-0.029424
-0.023331
-0.006307
0.010036
0.022662
0.023331
0.021668
0.016238
0.011279
-0.001861
-0.012936
-0.014340
-0.019095
-0.020177
-0.026967
-0.032136
-0.031957
-0.031172
-0.029133
-0.027149
-0.028300
-0.030073
-0.029612
-0.039558
-0.047094
-0.044080
-0.038834
-0.036424
-0.032886
-0.034264
-0.036386
-0.035907
-0.031415
-0.025319
-0.018221
-0.017334
-0.018658
-0.013368
-0.012109
-0.003265
0.003017
0.002497
0.009207
0.016564
0.019472
0.021060
0.024867
0.025959
0.017986
0.015417
0.013811
0.011071
0.008089
0.005513
0.002530
-0.004593
-0.009378
-0.015903
-0.017362
-0.015478
-0.012436
-0.008028
-0.008041
-0.015887
-0.021195
-0.028107
-0.036463
-0.039833
-0.044034
-0.042652
-0.044261
-0.045704
-0.051957
-0.048821
-0.045809
-0.040264
-0.032450
-0.025795
-0.022587
-0.013263
-0.006808
0.006804
0.006881
0.010662
0.013189
0.018458
0.019312
0.018474
0.015449
0.013520
0.006193
0.008646
0.009682
0.002953
-0.003576
-0.008534
-0.015807
-0.021128
-0.024367
-0.021843
-0.022228
-0.019835
-0.016281
-0.017038
-0.018166
-0.027831
-0.034340
-0.038860
-0.043465
-0.046686
-0.047553
-0.047993
-0.044756
-0.045836
-0.049254
-0.051678
-0.049991
-0.047808
-0.044322
-0.038502
-0.033703
-0.030127
-0.023151
-0.013666
-0.012168
-0.005088
-0.001265
-0.000733
0.002507
0.005950
0.001912
0.004264
0.014664
0.020337
0.027227
0.027914
0.024842
0.021775
0.022470
0.016482
0.009877
0.001321
-0.001167
-0.005063
-0.010975
-0.018951
-0.027358
-0.031813
-0.036573
-0.044901
-0.044727
-0.049162
-0.047222
-0.045254
-0.039052
-0.035378
-0.029658
-0.025312
-0.022570
-0.022349
-0.017644
-0.007122
-0.003781
-0.005736
-0.005033
0.000351
0.006926
0.008601
0.016012
0.016230
0.018710
0.024132
0.029782
0.030423
0.028845
0.030750
0.036392
0.031333
0.020777
0.008687
-0.005231
-0.012504
-0.007988
-0.008592
-0.007431
-0.006438
-0.002322
-0.004554
-0.000400
0.000970
-0.001547
-0.001681
-0.005878
-0.008943
-0.011415
-0.010947
-0.014516
-0.023237
-0.025551
-0.026131
-0.020586
-0.013421
-0.015247
-0.010365
-0.009323
-0.008214
-0.002123
0.006098
0.009477
0.010280
0.012419
0.017372
0.019046
0.020942
0.024030
0.027481
0.033143
0.025050
0.024599
0.021766
0.023781
0.015161
0.003451
0.000619
-0.005991
-0.012923
-0.010152
-0.007307
-0.003160
-0.004017
-0.005569
-0.010113
-0.013295
-0.016662
-0.027850
-0.029509
-0.030200
-0.035080
-0.039047
-0.045143
-0.042464
-0.035769
-0.022086
-0.012495
-0.013473
-0.009974
-0.010225
-0.014347
-0.015800
-0.012729
-0.010540
-0.005097
-0.008720
-0.006483
-0.013569
-0.014207
-0.015764
-0.008278
-0.001027
0.006865
0.013714
0.014299
0.011849
0.006740
0.004476
0.005980
0.008273
0.010298
0.005758
0.012094
0.018650
0.022713
0.024761
0.026184
0.025565
0.020498
0.012727
0.001226
-0.014439
-0.027686
-0.036456
-0.046705
-0.050008
-0.048868
-0.048049
-0.047483
-0.042757
-0.042768
-0.035167
-0.026283
-0.017448
-0.007280
0.000890
-0.000170
-0.004693
-0.004033
-0.010001
-0.012195
-0.007125
-0.001537
0.007087
0.016543
0.023085
0.024005
0.032621
0.032910
0.029478
0.023739
0.018582
0.016750
0.015987
0.019328
0.021186
0.021795
0.023114
0.026972
0.033049
0.040752
0.050386
0.060627
0.057082
0.050195
0.039355
0.032075
0.030204
0.026944
0.030940
0.031115
0.025225
0.012737
0.000599
0.000190
0.005700
0.010720
0.023701
0.029455
0.031231
0.032009
0.026296
0.030100
0.034377
0.036353
0.035308
0.034441
0.037965
0.032012
0.030159
0.024131
0.020228
0.014954
0.005121
-0.001096
-0.005002
-0.009248
-0.018092
-0.020241
-0.026594
-0.033314
-0.033195
-0.031216
-0.025648
-0.020339
-0.018920
-0.013320
-0.008365
-0.005044
-0.002441
0.000440
0.002215
-0.001367
-0.000579
0.001924
0.001985
-0.000088
-0.000453
-0.000200
0.000675
0.002927
-0.000429
-0.003851
-0.007830
-0.003196
-0.000516
-0.006344
-0.004212
-0.004997
-0.009991
-0.009494
-0.002498
0.000923
0.004789
0.012141
0.011439
0.011043
0.007909
0.003916
0.000641
-0.000548
0.000084
-0.000195
0.001698
0.010176
0.009259
0.013707
0.012153
0.017709
0.018222
0.021331
0.022686
0.023352
0.023158
0.025625
0.031834
0.031729
0.036387
0.038017
0.043335
0.039914
0.033576
0.027791
0.017328
0.012889
0.014236
0.014429
0.011537
0.002676
-0.003677
-0.009791
-0.006054
0.002084
0.005998
0.015266
0.021165
0.019846
0.008772
-0.004165
-0.007508
-0.007083
-0.006300
-0.008795
-0.009398
-0.008822
-0.006300
-0.005575
-0.006486
-0.007954
-0.012740
-0.019189
-0.019805
-0.019512
-0.027392
-0.032829
-0.037191
-0.037188
-0.037222
-0.040952
-0.043343
-0.040427
-0.038462
-0.040252
-0.039290
-0.035973
-0.033470
-0.034196
-0.032797
-0.033938
-0.034129
-0.035410
-0.034951
-0.028849
-0.028317
-0.021313
-0.016424
-0.013879
-0.012506
-0.013387
-0.017473
-0.018686
-0.019912
-0.019105
-0.015143
-0.005260
0.001278
0.006593
0.012880
0.017634
0.010565
0.006798
0.002373
0.000461
-0.009274
-0.009949
-0.004022
-0.005255
-0.006467
-0.012912
-0.017450
-0.020643
-0.023930
-0.020728
-0.019494
-0.017098
-0.016232
-0.008380
-0.004791
0.003889
0.001916
0.003792
0.006989
0.006566
0.007456
0.010424
0.012472
0.019646
0.025065
0.026442
0.017658
0.018093
0.012227
0.004802
0.004511
-0.004718
-0.017752
-0.028409
-0.031325
-0.029667
-0.034969
-0.033486
-0.029535
-0.016149
-0.005146
-0.004733
0.000499
0.000743
0.012119
0.017893
0.011759
0.008521
0.004616
0.000451
0.002628
0.000860
0.002995
0.002402
0.002227
0.002313
0.004847
0.002134
0.000412
-0.003965
-0.003179
0.001474
0.002720
-0.000984
-0.008051
-0.012209
-0.015203
-0.018551
-0.015554
-0.010081
-0.010484
-0.006698
-0.003557
-0.006442
-0.005989
-0.008486
-0.002610
-0.004013
-0.003511
-0.008859
-0.026365
-0.038489
-0.049004
-0.050506
-0.053404
-0.058874
-0.059617
-0.059439
-0.058863
-0.047179
-0.036841
-0.025863
-0.014585
-0.002221
0.010148
0.019906
0.021035
0.011614
0.007102
0.007200
0.005341
0.002543
-0.003239
-0.007650
-0.008203
-0.009995
-0.014000
-0.015741
-0.009179
-0.006824
-0.006952
-0.004906
-0.007245
-0.012885
-0.012454
-0.012684
-0.005494
-0.009948
-0.011140
-0.007847
-0.002997
-0.002431
-0.006804
-0.007761
-0.006007
-0.006522
-0.013384
-0.013637
-0.013437
-0.020642
-0.022800
-0.024424
-0.021106
-0.010325
-0.002726
0.002720
0.002885
0.004539
0.014298
0.016568
0.017867
0.017844
0.017466
0.015007
0.014100
0.009131
-0.000055
-0.004168
-0.005308
-0.010770
-0.013955
-0.006965
-0.001849
0.006334
0.010628
0.009456
0.015596
0.013709
0.016048
0.016461
0.024016
0.019149
0.012284
0.009234
0.003057
-0.005429
-0.011502
-0.017320
-0.019696
-0.024006
-0.018618
-0.014986
-0.011030
-0.005899
0.002565
0.007356
0.005507
0.008760
0.006816
-0.001145
0.000989
-0.000967
0.001301
0.003837
0.005944
0.003760
0.001181
0.002271
0.004836
0.012847
0.015671
0.018688
0.020708
0.022509
0.029637
0.036298
0.030809
0.026093
0.023436
0.019767
0.016410
0.011539
0.002721
-0.001219
0.004439
0.002729
0.000293
0.001401
-0.001020
0.000170
-0.001375
-0.003073
-0.003298
-0.010121
-0.010004
-0.005299
-0.000131
0.004264
0.004949
-0.001135
-0.002576
-0.000862
0.004039
0.009282
0.004265
0.001177
-0.001981
-0.006609
-0.010954
-0.017644
-0.027522
-0.030288
-0.024079
-0.021710
-0.021900
-0.019473
-0.021593
-0.017655
-0.007927
-0.006701
-0.006833
-0.012168
-0.022084
-0.033260
-0.035034
-0.040041
-0.046781
-0.047613
-0.042802
-0.038543
-0.033459
-0.028582
-0.028670
-0.029870
-0.032729
-0.036785
-0.044852
-0.033891
-0.022353
-0.011333
0.000733
0.004170
0.000640
-0.002033
-0.006304
-0.010043
-0.011526
-0.010636
-0.012861
-0.015278
-0.020733
-0.019954
-0.013096
-0.004513
0.001586
0.009379
0.023712
0.030392
0.028594
0.030103
0.041085
0.047553
0.047489
0.049589
0.043691
0.032977
0.024614
0.013417
-0.000665
-0.004061
-0.014949
-0.024261
-0.039068
-0.052277
-0.064767
-0.067761
-0.065207
-0.062444
-0.047893
-0.035680
-0.020077
-0.010828
0.002455
0.012802
0.018565
0.017600
0.018886
0.021255
0.023360
0.017980
0.014612
0.012637
0.017157
0.021873
0.030145
0.021938
0.020309
0.016624
0.013359
0.011897
0.011066
0.009714
0.003480
0.001386
-0.001951
-0.002784
-0.004930
-0.011077
-0.006584
0.003225
0.005636
0.010560
0.013933
0.020710
0.024978
0.021691
0.011557
0.001894
0.001157
-0.000963
-0.003463
0.005412
0.006982
0.001915
-0.001487
-0.007654
-0.016443
-0.026686
-0.027846
-0.030094
-0.031343
-0.032480
-0.041539
-0.038529
-0.032984
-0.017490
-0.005701
0.003818
0.005818
0.006717
0.005555
0.009592
0.010233
0.010281
0.013572
0.017418
0.017838
0.008028
0.006703
-0.001525
-0.007882
-0.015406
-0.018893
-0.014804
-0.009152
-0.012849
-0.012331
-0.012694
-0.010361
-0.016846
-0.023547
-0.033313
-0.035908
-0.041137
-0.046788
-0.049291
-0.052056
-0.049401
-0.043630
-0.030658
-0.018323
-0.007499
-0.000567
0.003579
0.005907
0.012693
0.024211
0.021064
0.019765
0.014603
0.007741
0.004724
-0.001487
-0.003504
-0.007114
-0.000053
0.005086
0.012462
0.016283
0.016313
0.011914
0.000160
-0.010094
-0.008205
-0.004891
0.007468
0.011202
0.014877
0.011733
0.007914
0.015438
0.025529
0.029989
0.036048
0.039570
0.048872
0.038680
0.026467
0.022529
0.023070
0.025855
0.021100
0.014913
0.014911
0.016631
0.013965
0.009413
0.011385
0.022606
0.023687
0.028863
0.033269
0.036967
0.031822
0.031461
0.031058
0.031941
0.030564
0.038587
0.048953
0.049732
0.045410
0.030790
0.015951
-0.002749
-0.008800
-0.016473
-0.016748
-0.015366
-0.010210
-0.006980
-0.007353
-0.003497
-0.001584
0.003717
0.018011
0.027275
0.033175
0.036311
0.041683
0.047865
0.052705
0.054308
0.055499
0.053259
0.051796
0.048311
0.043489
0.038719
0.032484
0.027225
0.022642
0.016061
0.008079
-0.002146
-0.007574
-0.005979
-0.003513
-0.002637
0.004745
0.010561
0.022469
0.026719
0.029116
0.032828
0.032874
0.034565
0.032322
0.029032
0.027978
0.024017
0.022037
0.018443
0.015856
0.020720
0.023971
0.023574
0.025870
0.024557
0.020086
0.018124
0.017072
0.014359
0.009456
0.007028
0.013687
0.009238
0.008285
0.004936
0.007156
0.007008
0.012731
0.019848
0.020004
0.017597
0.018520
0.021445
0.024417
0.025336
0.030189
0.020255
0.017314
0.012466
0.008791
0.003055
-0.003306
-0.004082
-0.014908
-0.022308
-0.031316
-0.037493
-0.041205
-0.045929
-0.046678
-0.051237
-0.052707
-0.047728
-0.042527
-0.032594
-0.028710
-0.024597
-0.013454
0.001171
0.008934
0.017707
0.026303
0.034613
0.047613
0.061405
0.066629
0.068884
0.069520
0.075302
0.071606
0.067115
0.066976
0.071427
0.067643
0.062981
0.057838
0.051673
0.045415
0.036056
0.035906
0.033240
0.015913
0.001422
-0.019272
-0.026835
-0.031716
-0.037650
-0.037501
-0.033933
-0.029266
-0.023175
-0.008365
0.005398
0.027852
0.037350
0.045511
0.048777
0.048306
0.042167
0.036620
0.029507
0.035859
0.029885
0.024851
0.015576
0.010928
0.006888
0.001117
-0.004982
-0.002754
-0.004070
-0.003244
0.001211
0.002834
0.003720
0.004984
0.005372
0.001489
0.001382
-0.004002
-0.005750
-0.016623
-0.026529
-0.028192
-0.023902
-0.017544
-0.016467
-0.015649
-0.006582
0.000876
0.003833
0.001442
0.003841
0.002259
-0.003041
-0.008207
-0.011035
-0.018893
-0.017709
-0.026304
-0.029051
-0.020000
-0.018088
-0.011775
-0.003153
0.001284
0.006200
0.009126
0.008764
0.006720
-0.000692
-0.005841
-0.008129
-0.003872
0.004012
0.000109
-0.002657
0.003234
0.009739
0.014465
0.024908
0.027637
0.026693
0.023584
0.026628
0.039118
0.057960
0.073445
0.082400
0.081428
0.083725
0.087014
0.085550
0.080895
0.078612
0.078154
0.076663
0.075271
0.080376
0.079965
0.078774
0.070309
0.054353
0.037172
0.016753
0.009816
-0.002510
-0.010303
-0.016302
-0.022690
-0.027853
-0.032012
-0.036821
-0.043474
-0.044882
-0.054450
-0.065219
-0.066598
-0.058558
-0.049269
-0.038284
-0.032419
-0.019689
-0.010786
-0.005890
0.008428
0.014389
0.020912
0.028608
0.032383
0.033304
0.019421
0.013870
0.021050
0.029558
0.028231
0.029356
0.019446
0.016344
0.012784
0.011578
0.011833
0.007566
-0.001505
-0.010748
-0.013721
-0.026125
-0.035028
-0.044119
-0.055798
-0.055070
-0.050722
-0.047359
-0.035707
-0.024841
-0.016894
-0.013052
-0.006864
-0.013071
-0.018683
-0.024048
-0.024718
-0.023810
-0.029029
-0.025712
-0.024651
-0.030350
-0.032909
-0.041449
-0.053795
-0.056948
-0.057703
-0.057024
-0.055339
-0.047289
-0.031828
-0.019420
-0.004041
0.002955
0.007002
0.012429
0.014671
0.014065
0.016729
0.020668
0.017755
0.006181
0.004421
-0.002750
-0.001598
0.006120
0.015197
0.019520
0.018635
0.016317
0.008833
0.003799
0.008547
0.006104
0.003078
0.001083
-0.000558
0.004408
0.009126
0.004735
0.000040
-0.009477
-0.025958
-0.034940
-0.043832
-0.043054
-0.047006
-0.055085
-0.061190
-0.071170
-0.071542
-0.070437
-0.062731
-0.055999
-0.052178
-0.044515
-0.036331
-0.026443
-0.017966
-0.015116
-0.013110
-0.013193
-0.012111
-0.004838
0.000547
-0.001945
-0.015499
-0.025225
-0.028456
-0.025626
-0.024891
-0.018669
-0.021298
-0.026305
-0.029276
-0.032109
-0.036470
-0.041546
-0.044527
-0.043358
-0.035198
-0.025897
-0.017833
-0.006388
0.003025
0.008536
0.010548
0.009791
0.001610
-0.006219
-0.014953
-0.012685
-0.005066
0.008746
0.016890
0.011779
0.000587
-0.008754
-0.022597
-0.019337
-0.024851
-0.028660
-0.030094
-0.031586
-0.037708
-0.034811
-0.033874
-0.029383
-0.023692
-0.022936
-0.027497
-0.026673
-0.026643
-0.026915
-0.025692
-0.019815
-0.009641
0.003062
0.007697
0.010143
0.015178
0.021580
0.031891
0.037541
0.043799
0.047800
0.042475
