x	l	dc
-9.900000e-01	0	1.696071e+00
-9.900000e-01	1	2.032797e+00
-9.900000e-01	2	2.259512e-02
-9.900000e-01	3	4.653016e-01
-9.900000e-01	4	1.779968e-01
-9.900000e-01	5	2.763203e-01
-9.900000e-01	6	2.354267e-01
-9.800000e-01	0	1.696071e+00
-9.800000e-01	1	1.973072e+00
-9.800000e-01	2	2.611597e-02
-9.800000e-01	3	4.442441e-01
-9.800000e-01	4	1.882643e-01
-9.800000e-01	5	2.714862e-01
-9.800000e-01	6	2.398874e-01
-9.700000e-01	0	1.696071e+00
-9.700000e-01	1	1.914496e+00
-9.700000e-01	2	3.061712e-02
-9.700000e-01	3	4.246009e-01
-9.700000e-01	4	1.982573e-01
-9.700000e-01	5	2.673410e-01
-9.700000e-01	6	2.440344e-01
-9.600000e-01	0	1.696071e+00
-9.600000e-01	1	1.857069e+00
-9.600000e-01	2	3.604544e-02
-9.600000e-01	3	4.063047e-01
-9.600000e-01	4	2.079538e-01
-9.600000e-01	5	2.638399e-01
-9.600000e-01	6	2.478910e-01
-9.500000e-01	0	1.696071e+00
-9.500000e-01	1	1.800792e+00
-9.500000e-01	2	4.234892e-02
-9.500000e-01	3	3.892909e-01
-9.500000e-01	4	2.173356e-01
-9.500000e-01	5	2.609414e-01
-9.500000e-01	6	2.514807e-01
-9.400000e-01	0	1.696071e+00
-9.400000e-01	1	1.745665e+00
-9.400000e-01	2	4.947670e-02
-9.400000e-01	3	3.734986e-01
-9.400000e-01	4	2.263883e-01
-9.400000e-01	5	2.586074e-01
-9.400000e-01	6	2.548272e-01
-9.300000e-01	0	1.696071e+00
-9.300000e-01	1	1.691687e+00
-9.300000e-01	2	5.737907e-02
-9.300000e-01	3	3.588695e-01
-9.300000e-01	4	2.351012e-01
-9.300000e-01	5	2.568026e-01
-9.300000e-01	6	2.579538e-01
-9.200000e-01	0	1.696071e+00
-9.200000e-01	1	1.638858e+00
-9.200000e-01	2	6.600743e-02
-9.200000e-01	3	3.453483e-01
-9.200000e-01	4	2.434667e-01
-9.200000e-01	5	2.554943e-01
-9.200000e-01	6	2.608840e-01
-9.100000e-01	0	1.696071e+00
-9.100000e-01	1	1.587179e+00
-9.100000e-01	2	7.531437e-02
-9.100000e-01	3	3.328826e-01
-9.100000e-01	4	2.514800e-01
-9.100000e-01	5	2.546523e-01
-9.100000e-01	6	2.636403e-01
-9.000000e-01	0	1.696071e+00
-9.000000e-01	1	1.536649e+00
-9.000000e-01	2	8.525359e-02
-9.000000e-01	3	3.214224e-01
-9.000000e-01	4	2.591393e-01
-9.000000e-01	5	2.542485e-01
-9.000000e-01	6	2.662450e-01
-8.900000e-01	0	1.696071e+00
-8.900000e-01	1	1.487269e+00
-8.900000e-01	2	9.577992e-02
-8.900000e-01	3	3.109206e-01
-8.900000e-01	4	2.664451e-01
-8.900000e-01	5	2.542567e-01
-8.900000e-01	6	2.687197e-01
-8.800000e-01	0	1.696071e+00
-8.800000e-01	1	1.439039e+00
-8.800000e-01	2	1.068494e-01
-8.800000e-01	3	3.013324e-01
-8.800000e-01	4	2.734003e-01
-8.800000e-01	5	2.546527e-01
-8.800000e-01	6	2.710852e-01
-8.700000e-01	0	1.696071e+00
-8.700000e-01	1	1.391957e+00
-8.700000e-01	2	1.184191e-01
-8.700000e-01	3	2.926153e-01
-8.700000e-01	4	2.800099e-01
-8.700000e-01	5	2.554137e-01
-8.700000e-01	6	2.733616e-01
-8.600000e-01	0	1.696071e+00
-8.600000e-01	1	1.346026e+00
-8.600000e-01	2	1.304472e-01
-8.600000e-01	3	2.847294e-01
-8.600000e-01	4	2.862806e-01
-8.600000e-01	5	2.565185e-01
-8.600000e-01	6	2.755681e-01
-8.500000e-01	0	1.696071e+00
-8.500000e-01	1	1.301243e+00
-8.500000e-01	2	1.428934e-01
-8.500000e-01	3	2.776367e-01
-8.500000e-01	4	2.922211e-01
-8.500000e-01	5	2.579473e-01
-8.500000e-01	6	2.777232e-01
-8.400000e-01	0	1.696071e+00
-8.400000e-01	1	1.257611e+00
-8.400000e-01	2	1.557180e-01
-8.400000e-01	3	2.713013e-01
-8.400000e-01	4	2.978413e-01
-8.400000e-01	5	2.596813e-01
-8.400000e-01	6	2.798442e-01
-8.300000e-01	0	1.696071e+00
-8.300000e-01	1	1.215127e+00
-8.300000e-01	2	1.688827e-01
-8.300000e-01	3	2.656896e-01
-8.300000e-01	4	3.031526e-01
-8.300000e-01	5	2.617032e-01
-8.300000e-01	6	2.819480e-01
-8.200000e-01	0	1.696071e+00
-8.200000e-01	1	1.173793e+00
-8.200000e-01	2	1.823505e-01
-8.200000e-01	3	2.607695e-01
-8.200000e-01	4	3.081678e-01
-8.200000e-01	5	2.639965e-01
-8.200000e-01	6	2.840502e-01
-8.100000e-01	0	1.696071e+00
-8.100000e-01	1	1.133609e+00
-8.100000e-01	2	1.960853e-01
-8.100000e-01	3	2.565112e-01
-8.100000e-01	4	3.129005e-01
-8.100000e-01	5	2.665457e-01
-8.100000e-01	6	2.861657e-01
-8.000000e-01	0	1.696071e+00
-8.000000e-01	1	1.094574e+00
-8.000000e-01	2	2.100521e-01
-8.000000e-01	3	2.528864e-01
-8.000000e-01	4	3.173653e-01
-8.000000e-01	5	2.693362e-01
-8.000000e-01	6	2.883086e-01
-7.900000e-01	0	1.696071e+00
-7.900000e-01	1	1.056689e+00
-7.900000e-01	2	2.242174e-01
-7.900000e-01	3	2.498684e-01
-7.900000e-01	4	3.215776e-01
-7.900000e-01	5	2.723542e-01
-7.900000e-01	6	2.904919e-01
-7.800000e-01	0	1.696071e+00
-7.800000e-01	1	1.019953e+00
-7.800000e-01	2	2.385484e-01
-7.800000e-01	3	2.474323e-01
-7.800000e-01	4	3.255536e-01
-7.800000e-01	5	2.755870e-01
-7.800000e-01	6	2.927280e-01
-7.700000e-01	0	1.696071e+00
-7.700000e-01	1	9.843661e-01
-7.700000e-01	2	2.530137e-01
-7.700000e-01	3	2.455545e-01
-7.700000e-01	4	3.293098e-01
-7.700000e-01	5	2.790221e-01
-7.700000e-01	6	2.950284e-01
-7.600000e-01	0	1.696071e+00
-7.600000e-01	1	9.499291e-01
-7.600000e-01	2	2.675830e-01
-7.600000e-01	3	2.442132e-01
-7.600000e-01	4	3.328636e-01
-7.600000e-01	5	2.826482e-01
-7.600000e-01	6	2.974040e-01
-7.500000e-01	0	1.696071e+00
-7.500000e-01	1	9.166415e-01
-7.500000e-01	2	2.822272e-01
-7.500000e-01	3	2.433876e-01
-7.500000e-01	4	3.362323e-01
-7.500000e-01	5	2.864544e-01
-7.500000e-01	6	2.998645e-01
-7.400000e-01	0	1.696071e+00
-7.400000e-01	1	8.845034e-01
-7.400000e-01	2	2.969181e-01
-7.400000e-01	3	2.430584e-01
-7.400000e-01	4	3.394338e-01
-7.400000e-01	5	2.904304e-01
-7.400000e-01	6	3.024194e-01
-7.300000e-01	0	1.696071e+00
-7.300000e-01	1	8.535148e-01
-7.300000e-01	2	3.116290e-01
-7.300000e-01	3	2.432075e-01
-7.300000e-01	4	3.424861e-01
-7.300000e-01	5	2.945669e-01
-7.300000e-01	6	3.050773e-01
-7.200000e-01	0	1.696071e+00
-7.200000e-01	1	8.236757e-01
-7.200000e-01	2	3.263340e-01
-7.200000e-01	3	2.438179e-01
-7.200000e-01	4	3.454073e-01
-7.200000e-01	5	2.988547e-01
-7.200000e-01	6	3.078460e-01
-7.100000e-01	0	1.696071e+00
-7.100000e-01	1	7.949860e-01
-7.100000e-01	2	3.410085e-01
-7.100000e-01	3	2.448738e-01
-7.100000e-01	4	3.482156e-01
-7.100000e-01	5	3.032856e-01
-7.100000e-01	6	3.107329e-01
-7.000000e-01	0	1.696071e+00
-7.000000e-01	1	7.674458e-01
-7.000000e-01	2	3.556292e-01
-7.000000e-01	3	2.463605e-01
-7.000000e-01	4	3.509292e-01
-7.000000e-01	5	3.078517e-01
-7.000000e-01	6	3.137447e-01
-6.900000e-01	0	1.696071e+00
-6.900000e-01	1	7.410551e-01
-6.900000e-01	2	3.701735e-01
-6.900000e-01	3	2.482640e-01
-6.900000e-01	4	3.535663e-01
-6.900000e-01	5	3.125459e-01
-6.900000e-01	6	3.168876e-01
-6.800000e-01	0	1.696071e+00
-6.800000e-01	1	7.158139e-01
-6.800000e-01	2	3.846205e-01
-6.800000e-01	3	2.505716e-01
-6.800000e-01	4	3.561447e-01
-6.800000e-01	5	3.173615e-01
-6.800000e-01	6	3.201674e-01
-6.700000e-01	0	1.696071e+00
-6.700000e-01	1	6.917221e-01
-6.700000e-01	2	3.989500e-01
-6.700000e-01	3	2.532712e-01
-6.700000e-01	4	3.586823e-01
-6.700000e-01	5	3.222926e-01
-6.700000e-01	6	3.235891e-01
-6.600000e-01	0	1.696071e+00
-6.600000e-01	1	6.687798e-01
-6.600000e-01	2	4.131431e-01
-6.600000e-01	3	2.563516e-01
-6.600000e-01	4	3.611968e-01
-6.600000e-01	5	3.273335e-01
-6.600000e-01	6	3.271577e-01
-6.500000e-01	0	1.696071e+00
-6.500000e-01	1	6.469870e-01
-6.500000e-01	2	4.271821e-01
-6.500000e-01	3	2.598023e-01
-6.500000e-01	4	3.637055e-01
-6.500000e-01	5	3.324793e-01
-6.500000e-01	6	3.308773e-01
-6.400000e-01	0	1.696071e+00
-6.400000e-01	1	6.263436e-01
-6.400000e-01	2	4.410503e-01
-6.400000e-01	3	2.636137e-01
-6.400000e-01	4	3.662255e-01
-6.400000e-01	5	3.377256e-01
-6.400000e-01	6	3.347520e-01
-6.300000e-01	0	1.696071e+00
-6.300000e-01	1	6.068497e-01
-6.300000e-01	2	4.547323e-01
-6.300000e-01	3	2.677766e-01
-6.300000e-01	4	3.687735e-01
-6.300000e-01	5	3.430687e-01
-6.300000e-01	6	3.387855e-01
-6.200000e-01	0	1.696071e+00
-6.200000e-01	1	5.885053e-01
-6.200000e-01	2	4.682138e-01
-6.200000e-01	3	2.722827e-01
-6.200000e-01	4	3.713661e-01
-6.200000e-01	5	3.485053e-01
-6.200000e-01	6	3.429809e-01
-6.100000e-01	0	1.696071e+00
-6.100000e-01	1	5.713103e-01
-6.100000e-01	2	4.814815e-01
-6.100000e-01	3	2.771240e-01
-6.100000e-01	4	3.740192e-01
-6.100000e-01	5	3.540326e-01
-6.100000e-01	6	3.473414e-01
-6.000000e-01	0	1.696071e+00
-6.000000e-01	1	5.552649e-01
-6.000000e-01	2	4.945234e-01
-6.000000e-01	3	2.822933e-01
-6.000000e-01	4	3.767486e-01
-6.000000e-01	5	3.596486e-01
-6.000000e-01	6	3.518697e-01
-5.900000e-01	0	1.696071e+00
-5.900000e-01	1	5.403689e-01
-5.900000e-01	2	5.073285e-01
-5.900000e-01	3	2.877836e-01
-5.900000e-01	4	3.795695e-01
-5.900000e-01	5	3.653516e-01
-5.900000e-01	6	3.565684e-01
-5.800000e-01	0	1.696071e+00
-5.800000e-01	1	5.266223e-01
-5.800000e-01	2	5.198872e-01
-5.800000e-01	3	2.935887e-01
-5.800000e-01	4	3.824969e-01
-5.800000e-01	5	3.711407e-01
-5.800000e-01	6	3.614399e-01
-5.700000e-01	0	1.696071e+00
-5.700000e-01	1	5.140253e-01
-5.700000e-01	2	5.321908e-01
-5.700000e-01	3	2.997025e-01
-5.700000e-01	4	3.855451e-01
-5.700000e-01	5	3.770153e-01
-5.700000e-01	6	3.664863e-01
-5.600000e-01	0	1.696071e+00
-5.600000e-01	1	5.025777e-01
-5.600000e-01	2	5.442318e-01
-5.600000e-01	3	3.061194e-01
-5.600000e-01	4	3.887283e-01
-5.600000e-01	5	3.829756e-01
-5.600000e-01	6	3.717096e-01
-5.500000e-01	0	1.696071e+00
-5.500000e-01	1	4.922796e-01
-5.500000e-01	2	5.560038e-01
-5.500000e-01	3	3.128343e-01
-5.500000e-01	4	3.920600e-01
-5.500000e-01	5	3.890223e-01
-5.500000e-01	6	3.771119e-01
-5.400000e-01	0	1.696071e+00
-5.400000e-01	1	4.831309e-01
-5.400000e-01	2	5.675017e-01
-5.400000e-01	3	3.198423e-01
-5.400000e-01	4	3.955535e-01
-5.400000e-01	5	3.951565e-01
-5.400000e-01	6	3.826950e-01
-5.300000e-01	0	1.696071e+00
-5.300000e-01	1	4.751318e-01
-5.300000e-01	2	5.787214e-01
-5.300000e-01	3	3.271388e-01
-5.300000e-01	4	3.992214e-01
-5.300000e-01	5	4.013801e-01
-5.300000e-01	6	3.884607e-01
-5.200000e-01	0	1.696071e+00
-5.200000e-01	1	4.682821e-01
-5.200000e-01	2	5.896599e-01
-5.200000e-01	3	3.347194e-01
-5.200000e-01	4	4.030761e-01
-5.200000e-01	5	4.076953e-01
-5.200000e-01	6	3.944108e-01
-5.100000e-01	0	1.696071e+00
-5.100000e-01	1	4.625819e-01
-5.100000e-01	2	6.003155e-01
-5.100000e-01	3	3.425802e-01
-5.100000e-01	4	4.071294e-01
-5.100000e-01	5	4.141050e-01
-5.100000e-01	6	4.005470e-01
-5.000000e-01	0	1.696071e+00
-5.000000e-01	1	4.580311e-01
-5.000000e-01	2	6.106876e-01
-5.000000e-01	3	3.507172e-01
-5.000000e-01	4	4.113928e-01
-5.000000e-01	5	4.206127e-01
-5.000000e-01	6	4.068711e-01
-4.900000e-01	0	1.696071e+00
-4.900000e-01	1	4.546298e-01
-4.900000e-01	2	6.207766e-01
-4.900000e-01	3	3.591270e-01
-4.900000e-01	4	4.158774e-01
-4.900000e-01	5	4.272221e-01
-4.900000e-01	6	4.133849e-01
-4.800000e-01	0	1.696071e+00
-4.800000e-01	1	4.523780e-01
-4.800000e-01	2	6.305843e-01
-4.800000e-01	3	3.678061e-01
-4.800000e-01	4	4.205938e-01
-4.800000e-01	5	4.339379e-01
-4.800000e-01	6	4.200903e-01
-4.700000e-01	0	1.696071e+00
-4.700000e-01	1	4.512757e-01
-4.700000e-01	2	6.401133e-01
-4.700000e-01	3	3.767512e-01
-4.700000e-01	4	4.255522e-01
-4.700000e-01	5	4.407649e-01
-4.700000e-01	6	4.269892e-01
-4.600000e-01	0	1.696071e+00
-4.600000e-01	1	4.513228e-01
-4.600000e-01	2	6.493676e-01
-4.600000e-01	3	3.859593e-01
-4.600000e-01	4	4.307626e-01
-4.600000e-01	5	4.477086e-01
-4.600000e-01	6	4.340838e-01
-4.500000e-01	0	1.696071e+00
-4.500000e-01	1	4.525194e-01
-4.500000e-01	2	6.583523e-01
-4.500000e-01	3	3.954275e-01
-4.500000e-01	4	4.362344e-01
-4.500000e-01	5	4.547750e-01
-4.500000e-01	6	4.413762e-01
-4.400000e-01	0	1.696071e+00
-4.400000e-01	1	4.548655e-01
-4.400000e-01	2	6.670736e-01
-4.400000e-01	3	4.051531e-01
-4.400000e-01	4	4.419767e-01
-4.400000e-01	5	4.619706e-01
-4.400000e-01	6	4.488688e-01
-4.300000e-01	0	1.696071e+00
-4.300000e-01	1	4.583611e-01
-4.300000e-01	2	6.755388e-01
-4.300000e-01	3	4.151335e-01
-4.300000e-01	4	4.479984e-01
-4.300000e-01	5	4.693022e-01
-4.300000e-01	6	4.565641e-01
-4.200000e-01	0	1.696071e+00
-4.200000e-01	1	4.630061e-01
-4.200000e-01	2	6.837565e-01
-4.200000e-01	3	4.253661e-01
-4.200000e-01	4	4.543079e-01
-4.200000e-01	5	4.767772e-01
-4.200000e-01	6	4.644649e-01
-4.100000e-01	0	1.696071e+00
-4.100000e-01	1	4.688006e-01
-4.100000e-01	2	6.917362e-01
-4.100000e-01	3	4.358488e-01
-4.100000e-01	4	4.609134e-01
-4.100000e-01	5	4.844035e-01
-4.100000e-01	6	4.725741e-01
-4.000000e-01	0	1.696071e+00
-4.000000e-01	1	4.757446e-01
-4.000000e-01	2	6.994888e-01
-4.000000e-01	3	4.465792e-01
-4.000000e-01	4	4.678227e-01
-4.000000e-01	5	4.921894e-01
-4.000000e-01	6	4.808948e-01
-3.900000e-01	0	1.696071e+00
-3.900000e-01	1	4.838380e-01
-3.900000e-01	2	7.070261e-01
-3.900000e-01	3	4.575555e-01
-3.900000e-01	4	4.750435e-01
-3.900000e-01	5	5.001434e-01
-3.900000e-01	6	4.894306e-01
-3.800000e-01	0	1.696071e+00
-3.800000e-01	1	4.930809e-01
-3.800000e-01	2	7.143613e-01
-3.800000e-01	3	4.687756e-01
-3.800000e-01	4	4.825831e-01
-3.800000e-01	5	5.082749e-01
-3.800000e-01	6	4.981850e-01
-3.700000e-01	0	1.696071e+00
-3.700000e-01	1	5.034733e-01
-3.700000e-01	2	7.215085e-01
-3.700000e-01	3	4.802378e-01
-3.700000e-01	4	4.904486e-01
-3.700000e-01	5	5.165932e-01
-3.700000e-01	6	5.071622e-01
-3.600000e-01	0	1.696071e+00
-3.600000e-01	1	5.150152e-01
-3.600000e-01	2	7.284830e-01
-3.600000e-01	3	4.919406e-01
-3.600000e-01	4	4.986469e-01
-3.600000e-01	5	5.251082e-01
-3.600000e-01	6	5.163665e-01
-3.500000e-01	0	1.696071e+00
-3.500000e-01	1	5.277065e-01
-3.500000e-01	2	7.353014e-01
-3.500000e-01	3	5.038825e-01
-3.500000e-01	4	5.071847e-01
-3.500000e-01	5	5.338302e-01
-3.500000e-01	6	5.258025e-01
-3.400000e-01	0	1.696071e+00
-3.400000e-01	1	5.415473e-01
-3.400000e-01	2	7.419813e-01
-3.400000e-01	3	5.160623e-01
-3.400000e-01	4	5.160685e-01
-3.400000e-01	5	5.427699e-01
-3.400000e-01	6	5.354752e-01
-3.300000e-01	0	1.696071e+00
-3.300000e-01	1	5.565376e-01
-3.300000e-01	2	7.485414e-01
-3.300000e-01	3	5.284790e-01
-3.300000e-01	4	5.253046e-01
-3.300000e-01	5	5.519381e-01
-3.300000e-01	6	5.453901e-01
-3.200000e-01	0	1.696071e+00
-3.200000e-01	1	5.726773e-01
-3.200000e-01	2	7.550017e-01
-3.200000e-01	3	5.411317e-01
-3.200000e-01	4	5.348993e-01
-3.200000e-01	5	5.613461e-01
-3.200000e-01	6	5.555528e-01
-3.100000e-01	0	1.696071e+00
-3.100000e-01	1	5.899665e-01
-3.100000e-01	2	7.613831e-01
-3.100000e-01	3	5.540199e-01
-3.100000e-01	4	5.448587e-01
-3.100000e-01	5	5.710057e-01
-3.100000e-01	6	5.659696e-01
-3.000000e-01	0	1.696071e+00
-3.000000e-01	1	6.084052e-01
-3.000000e-01	2	7.677079e-01
-3.000000e-01	3	5.671432e-01
-3.000000e-01	4	5.551888e-01
-3.000000e-01	5	5.809286e-01
-3.000000e-01	6	5.766472e-01
-2.900000e-01	0	1.696071e+00
-2.900000e-01	1	6.279934e-01
-2.900000e-01	2	7.739995e-01
-2.900000e-01	3	5.805015e-01
-2.900000e-01	4	5.658956e-01
-2.900000e-01	5	5.911270e-01
-2.900000e-01	6	5.875924e-01
-2.800000e-01	0	1.696071e+00
-2.800000e-01	1	6.487310e-01
-2.800000e-01	2	7.802822e-01
-2.800000e-01	3	5.940951e-01
-2.800000e-01	4	5.769849e-01
-2.800000e-01	5	6.016136e-01
-2.800000e-01	6	5.988129e-01
-2.700000e-01	0	1.696071e+00
-2.700000e-01	1	6.706181e-01
-2.700000e-01	2	7.865818e-01
-2.700000e-01	3	6.079246e-01
-2.700000e-01	4	5.884628e-01
-2.700000e-01	5	6.124009e-01
-2.700000e-01	6	6.103166e-01
-2.600000e-01	0	1.696071e+00
-2.600000e-01	1	6.936547e-01
-2.600000e-01	2	7.929248e-01
-2.600000e-01	3	6.219908e-01
-2.600000e-01	4	6.003350e-01
-2.600000e-01	5	6.235021e-01
-2.600000e-01	6	6.221119e-01
-2.500000e-01	0	1.696071e+00
-2.500000e-01	1	7.178408e-01
-2.500000e-01	2	7.993394e-01
-2.500000e-01	3	6.362950e-01
-2.500000e-01	4	6.126075e-01
-2.500000e-01	5	6.349304e-01
-2.500000e-01	6	6.342079e-01
-2.400000e-01	0	1.696071e+00
-2.400000e-01	1	7.431763e-01
-2.400000e-01	2	8.058544e-01
-2.400000e-01	3	6.508391e-01
-2.400000e-01	4	6.252863e-01
-2.400000e-01	5	6.466993e-01
-2.400000e-01	6	6.466139e-01
-2.300000e-01	0	1.696071e+00
-2.300000e-01	1	7.696613e-01
-2.300000e-01	2	8.125001e-01
-2.300000e-01	3	6.656250e-01
-2.300000e-01	4	6.383773e-01
-2.300000e-01	5	6.588226e-01
-2.300000e-01	6	6.593401e-01
-2.200000e-01	0	1.696071e+00
-2.200000e-01	1	7.972958e-01
-2.200000e-01	2	8.193078e-01
-2.200000e-01	3	6.806556e-01
-2.200000e-01	4	6.518869e-01
-2.200000e-01	5	6.713142e-01
-2.200000e-01	6	6.723969e-01
-2.100000e-01	0	1.696071e+00
-2.100000e-01	1	8.260797e-01
-2.100000e-01	2	8.263100e-01
-2.100000e-01	3	6.959340e-01
-2.100000e-01	4	6.658212e-01
-2.100000e-01	5	6.841884e-01
-2.100000e-01	6	6.857954e-01
-2.000000e-01	0	1.696071e+00
-2.000000e-01	1	8.560131e-01
-2.000000e-01	2	8.335402e-01
-2.000000e-01	3	7.114640e-01
-2.000000e-01	4	6.801866e-01
-2.000000e-01	5	6.974597e-01
-2.000000e-01	6	6.995473e-01
-1.900000e-01	0	1.696071e+00
-1.900000e-01	1	8.870960e-01
-1.900000e-01	2	8.410332e-01
-1.900000e-01	3	7.272500e-01
-1.900000e-01	4	6.949899e-01
-1.900000e-01	5	7.111426e-01
-1.900000e-01	6	7.136649e-01
-1.800000e-01	0	1.696071e+00
-1.800000e-01	1	9.193284e-01
-1.800000e-01	2	8.488250e-01
-1.800000e-01	3	7.432970e-01
-1.800000e-01	4	7.102378e-01
-1.800000e-01	5	7.252522e-01
-1.800000e-01	6	7.281611e-01
-1.700000e-01	0	1.696071e+00
-1.700000e-01	1	9.527102e-01
-1.700000e-01	2	8.569524e-01
-1.700000e-01	3	7.596108e-01
-1.700000e-01	4	7.259374e-01
-1.700000e-01	5	7.398034e-01
-1.700000e-01	6	7.430492e-01
-1.600000e-01	0	1.696071e+00
-1.600000e-01	1	9.872415e-01
-1.600000e-01	2	8.654538e-01
-1.600000e-01	3	7.761978e-01
-1.600000e-01	4	7.420961e-01
-1.600000e-01	5	7.548117e-01
-1.600000e-01	6	7.583433e-01
-1.500000e-01	0	1.696071e+00
-1.500000e-01	1	1.022922e+00
-1.500000e-01	2	8.743683e-01
-1.500000e-01	3	7.930655e-01
-1.500000e-01	4	7.587215e-01
-1.500000e-01	5	7.702926e-01
-1.500000e-01	6	7.740581e-01
-1.400000e-01	0	1.696071e+00
-1.400000e-01	1	1.059753e+00
-1.400000e-01	2	8.837365e-01
-1.400000e-01	3	8.102220e-01
-1.400000e-01	4	7.758216e-01
-1.400000e-01	5	7.862620e-01
-1.400000e-01	6	7.902091e-01
-1.300000e-01	0	1.696071e+00
-1.300000e-01	1	1.097732e+00
-1.300000e-01	2	8.935999e-01
-1.300000e-01	3	8.276764e-01
-1.300000e-01	4	7.934049e-01
-1.300000e-01	5	8.027360e-01
-1.300000e-01	6	8.068121e-01
-1.200000e-01	0	1.696071e+00
-1.200000e-01	1	1.136861e+00
-1.200000e-01	2	9.040014e-01
-1.200000e-01	3	8.454387e-01
-1.200000e-01	4	8.114800e-01
-1.200000e-01	5	8.197308e-01
-1.200000e-01	6	8.238838e-01
-1.100000e-01	0	1.696071e+00
-1.100000e-01	1	1.177140e+00
-1.100000e-01	2	9.149847e-01
-1.100000e-01	3	8.635202e-01
-1.100000e-01	4	8.300562e-01
-1.100000e-01	5	8.372631e-01
-1.100000e-01	6	8.414416e-01
-1.000000e-01	0	1.696071e+00
-1.000000e-01	1	1.218568e+00
-1.000000e-01	2	9.265948e-01
-1.000000e-01	3	8.819331e-01
-1.000000e-01	4	8.491432e-01
-1.000000e-01	5	8.553498e-01
-1.000000e-01	6	8.595035e-01
-9.000000e-02	0	1.696071e+00
-9.000000e-02	1	1.261146e+00
-9.000000e-02	2	9.388780e-01
-9.000000e-02	3	9.006906e-01
-9.000000e-02	4	8.687513e-01
-9.000000e-02	5	8.740082e-01
-9.000000e-02	6	8.780882e-01
-8.000000e-02	0	1.696071e+00
-8.000000e-02	1	1.304873e+00
-8.000000e-02	2	9.518816e-01
-8.000000e-02	3	9.198075e-01
-8.000000e-02	4	8.888912e-01
-8.000000e-02	5	8.932557e-01
-8.000000e-02	6	8.972151e-01
-7.000000e-02	0	1.696071e+00
-7.000000e-02	1	1.349749e+00
-7.000000e-02	2	9.656539e-01
-7.000000e-02	3	9.392997e-01
-7.000000e-02	4	9.095745e-01
-7.000000e-02	5	9.131104e-01
-7.000000e-02	6	9.169045e-01
-6.000000e-02	0	1.696071e+00
-6.000000e-02	1	1.395775e+00
-6.000000e-02	2	9.802446e-01
-6.000000e-02	3	9.591844e-01
-6.000000e-02	4	9.308131e-01
-6.000000e-02	5	9.335903e-01
-6.000000e-02	6	9.371772e-01
-5.000000e-02	0	1.696071e+00
-5.000000e-02	1	1.442951e+00
-5.000000e-02	2	9.957044e-01
-5.000000e-02	3	9.794804e-01
-5.000000e-02	4	9.526199e-01
-5.000000e-02	5	9.547143e-01
-5.000000e-02	6	9.580549e-01
-4.000000e-02	0	1.696071e+00
-4.000000e-02	1	1.491276e+00
-4.000000e-02	2	1.012085e+00
-4.000000e-02	3	1.000208e+00
-4.000000e-02	4	9.750085e-01
-4.000000e-02	5	9.765015e-01
-4.000000e-02	6	9.795600e-01
-3.000000e-02	0	1.696071e+00
-3.000000e-02	1	1.540750e+00
-3.000000e-02	2	1.029440e+00
-3.000000e-02	3	1.021389e+00
-3.000000e-02	4	9.979932e-01
-3.000000e-02	5	9.989714e-01
-3.000000e-02	6	1.001716e+00
-2.000000e-02	0	1.696071e+00
-2.000000e-02	1	1.591374e+00
-2.000000e-02	2	1.047823e+00
-2.000000e-02	3	1.043046e+00
-2.000000e-02	4	1.021589e+00
-2.000000e-02	5	1.022144e+00
-2.000000e-02	6	1.024546e+00
-1.000000e-02	0	1.696071e+00
-1.000000e-02	1	1.643148e+00
-1.000000e-02	2	1.067289e+00
-1.000000e-02	3	1.065206e+00
-1.000000e-02	4	1.045813e+00
-1.000000e-02	5	1.046041e+00
-1.000000e-02	6	1.048077e+00
7.528700e-16	0	1.696071e+00
7.528700e-16	1	1.696071e+00
7.528700e-16	2	1.087895e+00
7.528700e-16	3	1.087895e+00
7.528700e-16	4	1.070682e+00
7.528700e-16	5	1.070682e+00
7.528700e-16	6	1.072332e+00
1.000000e-02	0	1.696071e+00
1.000000e-02	1	1.750143e+00
1.000000e-02	2	1.109699e+00
1.000000e-02	3	1.111142e+00
1.000000e-02	4	1.096213e+00
1.000000e-02	5	1.096089e+00
1.000000e-02	6	1.097340e+00
2.000000e-02	0	1.696071e+00
2.000000e-02	1	1.805365e+00
2.000000e-02	2	1.132758e+00
2.000000e-02	3	1.134979e+00
2.000000e-02	4	1.122428e+00
2.000000e-02	5	1.122286e+00
2.000000e-02	6	1.123127e+00
3.000000e-02	0	1.696071e+00
3.000000e-02	1	1.861736e+00
3.000000e-02	2	1.157134e+00
3.000000e-02	3	1.159437e+00
3.000000e-02	4	1.149345e+00
3.000000e-02	5	1.149296e+00
3.000000e-02	6	1.149722e+00
4.000000e-02	0	1.696071e+00
4.000000e-02	1	1.919257e+00
4.000000e-02	2	1.182886e+00
4.000000e-02	3	1.184554e+00
4.000000e-02	4	1.176988e+00
4.000000e-02	5	1.177143e+00
4.000000e-02	6	1.177155e+00
5.000000e-02	0	1.696071e+00
5.000000e-02	1	1.977927e+00
5.000000e-02	2	1.210078e+00
5.000000e-02	3	1.210365e+00
5.000000e-02	4	1.205379e+00
5.000000e-02	5	1.205851e+00
5.000000e-02	6	1.205455e+00
6.000000e-02	0	1.696071e+00
6.000000e-02	1	2.037747e+00
6.000000e-02	2	1.238772e+00
6.000000e-02	3	1.236912e+00
6.000000e-02	4	1.234543e+00
6.000000e-02	5	1.235447e+00
6.000000e-02	6	1.234655e+00
7.000000e-02	0	1.696071e+00
7.000000e-02	1	2.098716e+00
7.000000e-02	2	1.269033e+00
7.000000e-02	3	1.264236e+00
7.000000e-02	4	1.264507e+00
7.000000e-02	5	1.265957e+00
7.000000e-02	6	1.264787e+00
8.000000e-02	0	1.696071e+00
8.000000e-02	1	2.160834e+00
8.000000e-02	2	1.300927e+00
8.000000e-02	3	1.292382e+00
8.000000e-02	4	1.295299e+00
8.000000e-02	5	1.297411e+00
8.000000e-02	6	1.295885e+00
9.000000e-02	0	1.696071e+00
9.000000e-02	1	2.224102e+00
9.000000e-02	2	1.334519e+00
9.000000e-02	3	1.321399e+00
9.000000e-02	4	1.326948e+00
9.000000e-02	5	1.329836e+00
9.000000e-02	6	1.327983e+00
1.000000e-01	0	1.696071e+00
1.000000e-01	1	2.288520e+00
1.000000e-01	2	1.369878e+00
1.000000e-01	3	1.351337e+00
1.000000e-01	4	1.359487e+00
1.000000e-01	5	1.363265e+00
1.000000e-01	6	1.361118e+00
1.100000e-01	0	1.696071e+00
1.100000e-01	1	2.354087e+00
1.100000e-01	2	1.407074e+00
1.100000e-01	3	1.382248e+00
1.100000e-01	4	1.392949e+00
1.100000e-01	5	1.397727e+00
1.100000e-01	6	1.395327e+00
1.200000e-01	0	1.696071e+00
1.200000e-01	1	2.420804e+00
1.200000e-01	2	1.446175e+00
1.200000e-01	3	1.414190e+00
1.200000e-01	4	1.427370e+00
1.200000e-01	5	1.433257e+00
1.200000e-01	6	1.430649e+00
1.300000e-01	0	1.696071e+00
1.300000e-01	1	2.488670e+00
1.300000e-01	2	1.487254e+00
1.300000e-01	3	1.447222e+00
1.300000e-01	4	1.462788e+00
1.300000e-01	5	1.469891e+00
1.300000e-01	6	1.467124e+00
1.400000e-01	0	1.696071e+00
1.400000e-01	1	2.557685e+00
1.400000e-01	2	1.530382e+00
1.400000e-01	3	1.481406e+00
1.400000e-01	4	1.499243e+00
1.400000e-01	5	1.507663e+00
1.400000e-01	6	1.504794e+00
1.500000e-01	0	1.696071e+00
1.500000e-01	1	2.627850e+00
1.500000e-01	2	1.575634e+00
1.500000e-01	3	1.516808e+00
1.500000e-01	4	1.536779e+00
1.500000e-01	5	1.546613e+00
1.500000e-01	6	1.543703e+00
1.600000e-01	0	1.696071e+00
1.600000e-01	1	2.699164e+00
1.600000e-01	2	1.623084e+00
1.600000e-01	3	1.553497e+00
1.600000e-01	4	1.575442e+00
1.600000e-01	5	1.586781e+00
1.600000e-01	6	1.583894e+00
1.700000e-01	0	1.696071e+00
1.700000e-01	1	2.771628e+00
1.700000e-01	2	1.672807e+00
1.700000e-01	3	1.591548e+00
1.700000e-01	4	1.615279e+00
1.700000e-01	5	1.628210e+00
1.700000e-01	6	1.625416e+00
1.800000e-01	0	1.696071e+00
1.800000e-01	1	2.845242e+00
1.800000e-01	2	1.724882e+00
1.800000e-01	3	1.631035e+00
1.800000e-01	4	1.656343e+00
1.800000e-01	5	1.670943e+00
1.800000e-01	6	1.668317e+00
1.900000e-01	0	1.696071e+00
1.900000e-01	1	2.920004e+00
1.900000e-01	2	1.779385e+00
1.900000e-01	3	1.672040e+00
1.900000e-01	4	1.698688e+00
1.900000e-01	5	1.715029e+00
1.900000e-01	6	1.712647e+00
2.000000e-01	0	1.696071e+00
2.000000e-01	1	2.995917e+00
2.000000e-01	2	1.836396e+00
2.000000e-01	3	1.714648e+00
2.000000e-01	4	1.742372e+00
2.000000e-01	5	1.760516e+00
2.000000e-01	6	1.758459e+00
2.100000e-01	0	1.696071e+00
2.100000e-01	1	3.072979e+00
2.100000e-01	2	1.895996e+00
2.100000e-01	3	1.758945e+00
2.100000e-01	4	1.787458e+00
2.100000e-01	5	1.807458e+00
2.100000e-01	6	1.805808e+00
2.200000e-01	0	1.696071e+00
2.200000e-01	1	3.151190e+00
2.200000e-01	2	1.958267e+00
2.200000e-01	3	1.805026e+00
2.200000e-01	4	1.834011e+00
2.200000e-01	5	1.855908e+00
2.200000e-01	6	1.854753e+00
2.300000e-01	0	1.696071e+00
2.300000e-01	1	3.230550e+00
2.300000e-01	2	2.023290e+00
2.300000e-01	3	1.852986e+00
2.300000e-01	4	1.882099e+00
2.300000e-01	5	1.905925e+00
2.300000e-01	6	1.905352e+00
2.400000e-01	0	1.696071e+00
2.400000e-01	1	3.311061e+00
2.400000e-01	2	2.091149e+00
2.400000e-01	3	1.902927e+00
2.400000e-01	4	1.931798e+00
2.400000e-01	5	1.957571e+00
2.400000e-01	6	1.957669e+00
2.500000e-01	0	1.696071e+00
2.500000e-01	1	3.392720e+00
2.500000e-01	2	2.161930e+00
2.500000e-01	3	1.954956e+00
2.500000e-01	4	1.983184e+00
2.500000e-01	5	2.010911e+00
2.500000e-01	6	2.011770e+00
2.600000e-01	0	1.696071e+00
2.600000e-01	1	3.475529e+00
2.600000e-01	2	2.235719e+00
2.600000e-01	3	2.009182e+00
2.600000e-01	4	2.036341e+00
2.600000e-01	5	2.066014e+00
2.600000e-01	6	2.067723e+00
2.700000e-01	0	1.696071e+00
2.700000e-01	1	3.559488e+00
2.700000e-01	2	2.312603e+00
2.700000e-01	3	2.065722e+00
2.700000e-01	4	2.091357e+00
2.700000e-01	5	2.122952e+00
2.700000e-01	6	2.125600e+00
2.800000e-01	0	1.696071e+00
2.800000e-01	1	3.644596e+00
2.800000e-01	2	2.392671e+00
2.800000e-01	3	2.124695e+00
2.800000e-01	4	2.148324e+00
2.800000e-01	5	2.181803e+00
2.800000e-01	6	2.185477e+00
2.900000e-01	0	1.696071e+00
2.900000e-01	1	3.730854e+00
2.900000e-01	2	2.476011e+00
2.900000e-01	3	2.186227e+00
2.900000e-01	4	2.207341e+00
2.900000e-01	5	2.242648e+00
2.900000e-01	6	2.247434e+00
3.000000e-01	0	1.696071e+00
3.000000e-01	1	3.818261e+00
3.000000e-01	2	2.562715e+00
3.000000e-01	3	2.250450e+00
3.000000e-01	4	2.268512e+00
3.000000e-01	5	2.305574e+00
3.000000e-01	6	2.311553e+00
3.100000e-01	0	1.696071e+00
3.100000e-01	1	3.906817e+00
3.100000e-01	2	2.652874e+00
3.100000e-01	3	2.317499e+00
3.100000e-01	4	2.331948e+00
3.100000e-01	5	2.370672e+00
3.100000e-01	6	2.377923e+00
3.200000e-01	0	1.696071e+00
3.200000e-01	1	3.996523e+00
3.200000e-01	2	2.746581e+00
3.200000e-01	3	2.387516e+00
3.200000e-01	4	2.397764e+00
3.200000e-01	5	2.438039e+00
3.200000e-01	6	2.446637e+00
3.300000e-01	0	1.696071e+00
3.300000e-01	1	4.087379e+00
3.300000e-01	2	2.843931e+00
3.300000e-01	3	2.460649e+00
3.300000e-01	4	2.466085e+00
3.300000e-01	5	2.507780e+00
3.300000e-01	6	2.517791e+00
3.400000e-01	0	1.696071e+00
3.400000e-01	1	4.179383e+00
3.400000e-01	2	2.945019e+00
3.400000e-01	3	2.537052e+00
3.400000e-01	4	2.537041e+00
3.400000e-01	5	2.580001e+00
3.400000e-01	6	2.591488e+00
3.500000e-01	0	1.696071e+00
3.500000e-01	1	4.272538e+00
3.500000e-01	2	3.049940e+00
3.500000e-01	3	2.616884e+00
3.500000e-01	4	2.610769e+00
3.500000e-01	5	2.654821e+00
3.500000e-01	6	2.667836e+00
3.600000e-01	0	1.696071e+00
3.600000e-01	1	4.366842e+00
3.600000e-01	2	3.158794e+00
3.600000e-01	3	2.700310e+00
3.600000e-01	4	2.687417e+00
3.600000e-01	5	2.732361e+00
3.600000e-01	6	2.746951e+00
3.700000e-01	0	1.696071e+00
3.700000e-01	1	4.462295e+00
3.700000e-01	2	3.271677e+00
3.700000e-01	3	2.787503e+00
3.700000e-01	4	2.767136e+00
3.700000e-01	5	2.812751e+00
3.700000e-01	6	2.828951e+00
3.800000e-01	0	1.696071e+00
3.800000e-01	1	4.558898e+00
3.800000e-01	2	3.388691e+00
3.800000e-01	3	2.878642e+00
3.800000e-01	4	2.850090e+00
3.800000e-01	5	2.896131e+00
3.800000e-01	6	2.913966e+00
3.900000e-01	0	1.696071e+00
3.900000e-01	1	4.656650e+00
3.900000e-01	2	3.509935e+00
3.900000e-01	3	2.973911e+00
3.900000e-01	4	2.936451e+00
3.900000e-01	5	2.982647e+00
3.900000e-01	6	3.002130e+00
4.000000e-01	0	1.696071e+00
4.000000e-01	1	4.755552e+00
4.000000e-01	2	3.635513e+00
4.000000e-01	3	3.073503e+00
4.000000e-01	4	3.026399e+00
4.000000e-01	5	3.072454e+00
4.000000e-01	6	3.093586e+00
4.100000e-01	0	1.696071e+00
4.100000e-01	1	4.855603e+00
4.100000e-01	2	3.765527e+00
4.100000e-01	3	3.177617e+00
4.100000e-01	4	3.120126e+00
4.100000e-01	5	3.165718e+00
4.100000e-01	6	3.188485e+00
4.200000e-01	0	1.696071e+00
4.200000e-01	1	4.956804e+00
4.200000e-01	2	3.900081e+00
4.200000e-01	3	3.286459e+00
4.200000e-01	4	3.217832e+00
4.200000e-01	5	3.262614e+00
4.200000e-01	6	3.286989e+00
4.300000e-01	0	1.696071e+00
4.300000e-01	1	5.059154e+00
4.300000e-01	2	4.039282e+00
4.300000e-01	3	3.400243e+00
4.300000e-01	4	3.319730e+00
4.300000e-01	5	3.363329e+00
4.300000e-01	6	3.389266e+00
4.400000e-01	0	1.696071e+00
4.400000e-01	1	5.162654e+00
4.400000e-01	2	4.183236e+00
4.400000e-01	3	3.519190e+00
4.400000e-01	4	3.426043e+00
4.400000e-01	5	3.468060e+00
4.400000e-01	6	3.495497e+00
4.500000e-01	0	1.696071e+00
4.500000e-01	1	5.267303e+00
4.500000e-01	2	4.332050e+00
4.500000e-01	3	3.643530e+00
4.500000e-01	4	3.537007e+00
4.500000e-01	5	3.577016e+00
4.500000e-01	6	3.605874e+00
4.600000e-01	0	1.696071e+00
4.600000e-01	1	5.373101e+00
4.600000e-01	2	4.485834e+00
4.600000e-01	3	3.773498e+00
4.600000e-01	4	3.652869e+00
4.600000e-01	5	3.690420e+00
4.600000e-01	6	3.720599e+00
4.700000e-01	0	1.696071e+00
4.700000e-01	1	5.480049e+00
4.700000e-01	2	4.644698e+00
4.700000e-01	3	3.909339e+00
4.700000e-01	4	3.773892e+00
4.700000e-01	5	3.808509e+00
4.700000e-01	6	3.839890e+00
4.800000e-01	0	1.696071e+00
4.800000e-01	1	5.588147e+00
4.800000e-01	2	4.808752e+00
4.800000e-01	3	4.051307e+00
4.800000e-01	4	3.900349e+00
4.800000e-01	5	3.931532e+00
4.800000e-01	6	3.963974e+00
4.900000e-01	0	1.696071e+00
4.900000e-01	1	5.697394e+00
4.900000e-01	2	4.978110e+00
4.900000e-01	3	4.199664e+00
4.900000e-01	4	4.032530e+00
4.900000e-01	5	4.059756e+00
4.900000e-01	6	4.093096e+00
5.000000e-01	0	1.696071e+00
5.000000e-01	1	5.807790e+00
5.000000e-01	2	5.152885e+00
5.000000e-01	3	4.354679e+00
5.000000e-01	4	4.170737e+00
5.000000e-01	5	4.193463e+00
5.000000e-01	6	4.227516e+00
5.100000e-01	0	1.696071e+00
5.100000e-01	1	5.919336e+00
5.100000e-01	2	5.333191e+00
5.100000e-01	3	4.516631e+00
5.100000e-01	4	4.315291e+00
5.100000e-01	5	4.332952e+00
5.100000e-01	6	4.367507e+00
5.200000e-01	0	1.696071e+00
5.200000e-01	1	6.032032e+00
5.200000e-01	2	5.519144e+00
5.200000e-01	3	4.685808e+00
5.200000e-01	4	4.466528e+00
5.200000e-01	5	4.478541e+00
5.200000e-01	6	4.513365e+00
5.300000e-01	0	1.696071e+00
5.300000e-01	1	6.145876e+00
5.300000e-01	2	5.710861e+00
5.300000e-01	3	4.862508e+00
5.300000e-01	4	4.624799e+00
5.300000e-01	5	4.630566e+00
5.300000e-01	6	4.665400e+00
5.400000e-01	0	1.696071e+00
5.400000e-01	1	6.260871e+00
5.400000e-01	2	5.908460e+00
5.400000e-01	3	5.047036e+00
5.400000e-01	4	4.790474e+00
5.400000e-01	5	4.789385e+00
5.400000e-01	6	4.823946e+00
5.500000e-01	0	1.696071e+00
5.500000e-01	1	6.377015e+00
5.500000e-01	2	6.112061e+00
5.500000e-01	3	5.239709e+00
5.500000e-01	4	4.963943e+00
5.500000e-01	5	4.955376e+00
5.500000e-01	6	4.989355e+00
5.600000e-01	0	1.696071e+00
5.600000e-01	1	6.494308e+00
5.600000e-01	2	6.321784e+00
5.600000e-01	3	5.440853e+00
5.600000e-01	4	5.145613e+00
5.600000e-01	5	5.128941e+00
5.600000e-01	6	5.162005e+00
5.700000e-01	0	1.696071e+00
5.700000e-01	1	6.612751e+00
5.700000e-01	2	6.537749e+00
5.700000e-01	3	5.650804e+00
5.700000e-01	4	5.335911e+00
5.700000e-01	5	5.310507e+00
5.700000e-01	6	5.342296e+00
5.800000e-01	0	1.696071e+00
5.800000e-01	1	6.732343e+00
5.800000e-01	2	6.760081e+00
5.800000e-01	3	5.869907e+00
5.800000e-01	4	5.535286e+00
5.800000e-01	5	5.500525e+00
5.800000e-01	6	5.530657e+00
5.900000e-01	0	1.696071e+00
5.900000e-01	1	6.853085e+00
5.900000e-01	2	6.988902e+00
5.900000e-01	3	6.098519e+00
5.900000e-01	4	5.744209e+00
5.900000e-01	5	5.699473e+00
5.900000e-01	6	5.727542e+00
6.000000e-01	0	1.696071e+00
6.000000e-01	1	6.974976e+00
6.000000e-01	2	7.224338e+00
6.000000e-01	3	6.337006e+00
6.000000e-01	4	5.963171e+00
6.000000e-01	5	5.907859e+00
6.000000e-01	6	5.933438e+00
6.100000e-01	0	1.696071e+00
6.100000e-01	1	7.098016e+00
6.100000e-01	2	7.466515e+00
6.100000e-01	3	6.585748e+00
6.100000e-01	4	6.192690e+00
6.100000e-01	5	6.126221e+00
6.100000e-01	6	6.148860e+00
6.200000e-01	0	1.696071e+00
6.200000e-01	1	7.222207e+00
6.200000e-01	2	7.715559e+00
6.200000e-01	3	6.845132e+00
6.200000e-01	4	6.433305e+00
6.200000e-01	5	6.355127e+00
6.200000e-01	6	6.374361e+00
6.300000e-01	0	1.696071e+00
6.300000e-01	1	7.347546e+00
6.300000e-01	2	7.971599e+00
6.300000e-01	3	7.115558e+00
6.300000e-01	4	6.685583e+00
6.300000e-01	5	6.595182e+00
6.300000e-01	6	6.610527e+00
6.400000e-01	0	1.696071e+00
6.400000e-01	1	7.474035e+00
6.400000e-01	2	8.234765e+00
6.400000e-01	3	7.397438e+00
6.400000e-01	4	6.950116e+00
6.400000e-01	5	6.847023e+00
6.400000e-01	6	6.857987e+00
6.500000e-01	0	1.696071e+00
6.500000e-01	1	7.601674e+00
6.500000e-01	2	8.505188e+00
6.500000e-01	3	7.691195e+00
6.500000e-01	4	7.227524e+00
6.500000e-01	5	7.111328e+00
6.500000e-01	6	7.117407e+00
6.600000e-01	0	1.696071e+00
6.600000e-01	1	7.730462e+00
6.600000e-01	2	8.782998e+00
6.600000e-01	3	7.997265e+00
6.600000e-01	4	7.518454e+00
6.600000e-01	5	7.388813e+00
6.600000e-01	6	7.389500e+00
6.700000e-01	0	1.696071e+00
6.700000e-01	1	7.860399e+00
6.700000e-01	2	9.068330e+00
6.700000e-01	3	8.316093e+00
6.700000e-01	4	7.823586e+00
6.700000e-01	5	7.680237e+00
6.700000e-01	6	7.675025e+00
6.800000e-01	0	1.696071e+00
6.800000e-01	1	7.991486e+00
6.800000e-01	2	9.361316e+00
6.800000e-01	3	8.648140e+00
6.800000e-01	4	8.143626e+00
6.800000e-01	5	7.986401e+00
6.800000e-01	6	7.974793e+00
6.900000e-01	0	1.696071e+00
6.900000e-01	1	8.123723e+00
6.900000e-01	2	9.662092e+00
6.900000e-01	3	8.993878e+00
6.900000e-01	4	8.479315e+00
6.900000e-01	5	8.308155e+00
6.900000e-01	6	8.289667e+00
7.000000e-01	0	1.696071e+00
7.000000e-01	1	8.257109e+00
7.000000e-01	2	9.970795e+00
7.000000e-01	3	9.353790e+00
7.000000e-01	4	8.831427e+00
7.000000e-01	5	8.646397e+00
7.000000e-01	6	8.620568e+00
7.100000e-01	0	1.696071e+00
7.100000e-01	1	8.391644e+00
7.100000e-01	2	1.028756e+01
7.100000e-01	3	9.728376e+00
7.100000e-01	4	9.200769e+00
7.100000e-01	5	9.002077e+00
7.100000e-01	6	8.968479e+00
7.200000e-01	0	1.696071e+00
7.200000e-01	1	8.527329e+00
7.200000e-01	2	1.061253e+01
7.200000e-01	3	1.011815e+01
7.200000e-01	4	9.588184e+00
7.200000e-01	5	9.376200e+00
7.200000e-01	6	9.334445e+00
7.300000e-01	0	1.696071e+00
7.300000e-01	1	8.664163e+00
7.300000e-01	2	1.094584e+01
7.300000e-01	3	1.052362e+01
7.300000e-01	4	9.994553e+00
7.300000e-01	5	9.769829e+00
7.300000e-01	6	9.719585e+00
7.400000e-01	0	1.696071e+00
7.400000e-01	1	8.802147e+00
7.400000e-01	2	1.128764e+01
7.400000e-01	3	1.094535e+01
7.400000e-01	4	1.042079e+01
7.400000e-01	5	1.018408e+01
7.400000e-01	6	1.012509e+01
7.500000e-01	0	1.696071e+00
7.500000e-01	1	8.941280e+00
7.500000e-01	2	1.163806e+01
7.500000e-01	3	1.138387e+01
7.500000e-01	4	1.086786e+01
7.500000e-01	5	1.062016e+01
7.500000e-01	6	1.055223e+01
7.600000e-01	0	1.696071e+00
7.600000e-01	1	9.081563e+00
7.600000e-01	2	1.199725e+01
7.600000e-01	3	1.183976e+01
7.600000e-01	4	1.133676e+01
7.600000e-01	5	1.107929e+01
7.600000e-01	6	1.100235e+01
7.700000e-01	0	1.696071e+00
7.700000e-01	1	9.222995e+00
7.700000e-01	2	1.236535e+01
7.700000e-01	3	1.231359e+01
7.700000e-01	4	1.182852e+01
7.700000e-01	5	1.156283e+01
7.700000e-01	6	1.147691e+01
7.800000e-01	0	1.696071e+00
7.800000e-01	1	9.365577e+00
7.800000e-01	2	1.274251e+01
7.800000e-01	3	1.280597e+01
7.800000e-01	4	1.234424e+01
7.800000e-01	5	1.207215e+01
7.800000e-01	6	1.197744e+01
7.900000e-01	0	1.696071e+00
7.900000e-01	1	9.509308e+00
7.900000e-01	2	1.312888e+01
7.900000e-01	3	1.331750e+01
7.900000e-01	4	1.288504e+01
7.900000e-01	5	1.260874e+01
7.900000e-01	6	1.250559e+01
8.000000e-01	0	1.696071e+00
8.000000e-01	1	9.654189e+00
8.000000e-01	2	1.352459e+01
8.000000e-01	3	1.384880e+01
8.000000e-01	4	1.345210e+01
8.000000e-01	5	1.317415e+01
8.000000e-01	6	1.306309e+01
8.100000e-01	0	1.696071e+00
8.100000e-01	1	9.800219e+00
8.100000e-01	2	1.392981e+01
8.100000e-01	3	1.440052e+01
8.100000e-01	4	1.404665e+01
8.100000e-01	5	1.377004e+01
8.100000e-01	6	1.365182e+01
8.200000e-01	0	1.696071e+00
8.200000e-01	1	9.947398e+00
8.200000e-01	2	1.434468e+01
8.200000e-01	3	1.497332e+01
8.200000e-01	4	1.466996e+01
8.200000e-01	5	1.439813e+01
8.200000e-01	6	1.427377e+01
8.300000e-01	0	1.696071e+00
8.300000e-01	1	1.009573e+01
8.300000e-01	2	1.476935e+01
8.300000e-01	3	1.556786e+01
8.300000e-01	4	1.532336e+01
8.300000e-01	5	1.506026e+01
8.300000e-01	6	1.493105e+01
8.400000e-01	0	1.696071e+00
8.400000e-01	1	1.024521e+01
8.400000e-01	2	1.520398e+01
8.400000e-01	3	1.618484e+01
8.400000e-01	4	1.600824e+01
8.400000e-01	5	1.575836e+01
8.400000e-01	6	1.562592e+01
8.500000e-01	0	1.696071e+00
8.500000e-01	1	1.039583e+01
8.500000e-01	2	1.564872e+01
8.500000e-01	3	1.682496e+01
8.500000e-01	4	1.672603e+01
8.500000e-01	5	1.649447e+01
8.500000e-01	6	1.636078e+01
8.600000e-01	0	1.696071e+00
8.600000e-01	1	1.054761e+01
8.600000e-01	2	1.610372e+01
8.600000e-01	3	1.748894e+01
8.600000e-01	4	1.747822e+01
8.600000e-01	5	1.727072e+01
8.600000e-01	6	1.713820e+01
8.700000e-01	0	1.696071e+00
8.700000e-01	1	1.070054e+01
8.700000e-01	2	1.656914e+01
8.700000e-01	3	1.817753e+01
8.700000e-01	4	1.826637e+01
8.700000e-01	5	1.808938e+01
8.700000e-01	6	1.796090e+01
8.800000e-01	0	1.696071e+00
8.800000e-01	1	1.085461e+01
8.800000e-01	2	1.704513e+01
8.800000e-01	3	1.889147e+01
8.800000e-01	4	1.909209e+01
8.800000e-01	5	1.895284e+01
8.800000e-01	6	1.883181e+01
8.900000e-01	0	1.696071e+00
8.900000e-01	1	1.100984e+01
8.900000e-01	2	1.753186e+01
8.900000e-01	3	1.963154e+01
8.900000e-01	4	1.995706e+01
8.900000e-01	5	1.986360e+01
8.900000e-01	6	1.975400e+01
9.000000e-01	0	1.696071e+00
9.000000e-01	1	1.116622e+01
9.000000e-01	2	1.802948e+01
9.000000e-01	3	2.039853e+01
9.000000e-01	4	2.086303e+01
9.000000e-01	5	2.082431e+01
9.000000e-01	6	2.073078e+01
9.100000e-01	0	1.696071e+00
9.100000e-01	1	1.132374e+01
9.100000e-01	2	1.853815e+01
9.100000e-01	3	2.119326e+01
9.100000e-01	4	2.181181e+01
9.100000e-01	5	2.183775e+01
9.100000e-01	6	2.176566e+01
9.200000e-01	0	1.696071e+00
9.200000e-01	1	1.148241e+01
9.200000e-01	2	1.905804e+01
9.200000e-01	3	2.201655e+01
9.200000e-01	4	2.280527e+01
9.200000e-01	5	2.290684e+01
9.200000e-01	6	2.286237e+01
9.300000e-01	0	1.696071e+00
9.300000e-01	1	1.164224e+01
9.300000e-01	2	1.958931e+01
9.300000e-01	3	2.286924e+01
9.300000e-01	4	2.384536e+01
9.300000e-01	5	2.403467e+01
9.300000e-01	6	2.402490e+01
9.400000e-01	0	1.696071e+00
9.400000e-01	1	1.180321e+01
9.400000e-01	2	2.013211e+01
9.400000e-01	3	2.375220e+01
9.400000e-01	4	2.493412e+01
9.400000e-01	5	2.522448e+01
9.400000e-01	6	2.525748e+01
9.500000e-01	0	1.696071e+00
9.500000e-01	1	1.196533e+01
9.500000e-01	2	2.068663e+01
9.500000e-01	3	2.466631e+01
9.500000e-01	4	2.607364e+01
9.500000e-01	5	2.647969e+01
9.500000e-01	6	2.656460e+01
9.600000e-01	0	1.696071e+00
9.600000e-01	1	1.212861e+01
9.600000e-01	2	2.125301e+01
9.600000e-01	3	2.561249e+01
9.600000e-01	4	2.726610e+01
9.600000e-01	5	2.780387e+01
9.600000e-01	6	2.795107e+01
9.700000e-01	0	1.696071e+00
9.700000e-01	1	1.229303e+01
9.700000e-01	2	2.183143e+01
9.700000e-01	3	2.659165e+01
9.700000e-01	4	2.851377e+01
9.700000e-01	5	2.920080e+01
9.700000e-01	6	2.942198e+01
9.800000e-01	0	1.696071e+00
9.800000e-01	1	1.245860e+01
9.800000e-01	2	2.242206e+01
9.800000e-01	3	2.760473e+01
9.800000e-01	4	2.981898e+01
9.800000e-01	5	3.067443e+01
9.800000e-01	6	3.098275e+01
