#N	J	<m>	<m>_err	<epsilon>	<epsilon>_err	lofb
15	0.200000	0.535822	0.001227	-0.334258	0.001674	1
15	0.200000	0.535818	0.000984	-0.334225	0.001531	2
15	0.200000	0.535818	0.000959	-0.334233	0.001685	4
15	0.200000	0.535819	0.000953	-0.334227	0.001963	8
15	0.200000	0.535814	0.000915	-0.334279	0.002211	16
15	0.200000	0.535813	0.000841	-0.334264	0.002313	32
15	0.200000	0.535803	0.000888	-0.334267	0.002390	64
15	0.200000	0.535818	0.000960	-0.334249	0.002465	128
15	0.200000	0.535573	0.000900	-0.333319	0.002427	256
15	0.200000	0.535639	0.001147	-0.331838	0.002192	512
15	0.300000	0.585839	0.001418	-0.391775	0.002325	1
15	0.300000	0.585839	0.001994	-0.391756	0.003260	2
15	0.300000	0.585864	0.002751	-0.391753	0.004487	4
15	0.300000	0.585862	0.003776	-0.391705	0.006203	8
15	0.300000	0.585674	0.004926	-0.391665	0.008135	16
15	0.300000	0.585563	0.006265	-0.391598	0.010274	32
15	0.300000	0.585678	0.007633	-0.391764	0.012318	64
15	0.300000	0.585733	0.008228	-0.391763	0.013531	128
15	0.300000	0.586923	0.007829	-0.393768	0.012287	256
15	0.300000	0.589708	0.007027	-0.397162	0.012130	512
15	0.400000	0.625754	0.001589	-0.439011	0.002623	1
15	0.400000	0.625767	0.002152	-0.439033	0.003444	2
15	0.400000	0.625745	0.002838	-0.438993	0.004589	4
15	0.400000	0.625789	0.003522	-0.439020	0.005678	8
15	0.400000	0.625923	0.004077	-0.439284	0.006531	16
15	0.400000	0.625930	0.004469	-0.439291	0.007218	32
15	0.400000	0.625938	0.004570	-0.439294	0.007705	64
15	0.400000	0.625923	0.004684	-0.439261	0.008258	128
15	0.400000	0.626058	0.004727	-0.440159	0.008988	256
15	0.400000	0.625443	0.004723	-0.438959	0.008369	512
15	0.500000	0.667033	0.001705	-0.493053	0.002921	1
15	0.500000	0.667031	0.001903	-0.493059	0.003272	2
15	0.500000	0.667051	0.002082	-0.493051	0.003484	4
15	0.500000	0.667052	0.002189	-0.493130	0.003835	8
15	0.500000	0.666935	0.002192	-0.492956	0.003840	16
15	0.500000	0.666951	0.002211	-0.492895	0.003835	32
15	0.500000	0.666957	0.002325	-0.492925	0.004146	64
15	0.500000	0.666947	0.002533	-0.492976	0.004464	128
15	0.500000	0.666879	0.002617	-0.493372	0.004600	256
15	0.500000	0.667256	0.002855	-0.494216	0.005214	512
15	0.600000	0.711799	0.001616	-0.552439	0.003121	1
15	0.600000	0.711782	0.001447	-0.552446	0.002720	2
15	0.600000	0.711796	0.001393	-0.552443	0.002556	4
15	0.600000	0.711824	0.001361	-0.552418	0.002534	8
15	0.600000	0.711759	0.001421	-0.552358	0.002568	16
15	0.600000	0.711740	0.001366	-0.552324	0.002394	32
15	0.600000	0.711756	0.001392	-0.552362	0.002486	64
15	0.600000	0.711758	0.001339	-0.552373	0.002281	128
15	0.600000	0.711932	0.001394	-0.552343	0.002583	256
15	0.600000	0.712750	0.001166	-0.553049	0.002848	512
15	0.700000	0.750858	0.001664	-0.618539	0.003415	1
15	0.700000	0.750820	0.001268	-0.618585	0.002318	2
15	0.700000	0.750824	0.001282	-0.618579	0.002191	4
15	0.700000	0.750825	0.001313	-0.618563	0.002112	8
15	0.700000	0.750868	0.001251	-0.618610	0.002019	16
15	0.700000	0.750862	0.001274	-0.618628	0.001954	32
15	0.700000	0.750868	0.001272	-0.618641	0.001851	64
15	0.700000	0.750866	0.001364	-0.618644	0.001876	128
15	0.700000	0.750968	0.001236	-0.618241	0.001922	256
15	0.700000	0.750918	0.001516	-0.618316	0.002487	512
15	0.800000	0.791925	0.001478	-0.692582	0.003696	1
15	0.800000	0.791917	0.000930	-0.692591	0.001903	2
15	0.800000	0.791922	0.001025	-0.692594	0.001901	4
15	0.800000	0.791921	0.001141	-0.692573	0.001963	8
15	0.800000	0.791887	0.001249	-0.692516	0.001960	16
15	0.800000	0.791865	0.001355	-0.692499	0.001876	32
15	0.800000	0.791897	0.001340	-0.692515	0.001593	64
15	0.800000	0.791889	0.001336	-0.692504	0.001528	128
15	0.800000	0.792106	0.001477	-0.692491	0.001392	256
15	0.800000	0.792053	0.001346	-0.692674	0.001457	512
15	0.900000	0.826572	0.001332	-0.762730	0.003843	1
15	0.900000	0.826573	0.000768	-0.762708	0.001538	2
15	0.900000	0.826583	0.000959	-0.762703	0.001590	4
15	0.900000	0.826558	0.001142	-0.762723	0.001757	8
15	0.900000	0.826549	0.001408	-0.762669	0.001959	16
15	0.900000	0.826554	0.001514	-0.762682	0.002001	32
15	0.900000	0.826553	0.001424	-0.762675	0.001822	64
15	0.900000	0.826548	0.001357	-0.762652	0.001831	128
15	0.900000	0.826738	0.001429	-0.762436	0.001665	256
15	0.900000	0.826864	0.001296	-0.761510	0.001169	512
15	1.000000	0.858227	0.001143	-0.836227	0.003932	1
15	1.000000	0.858231	0.000641	-0.836248	0.001322	2
15	1.000000	0.858235	0.000822	-0.836251	0.001451	4
15	1.000000	0.858248	0.001065	-0.836237	0.001653	8
15	1.000000	0.858298	0.001374	-0.836408	0.001918	16
15	1.000000	0.858295	0.001589	-0.836375	0.002119	32
15	1.000000	0.858302	0.001825	-0.836408	0.002283	64
15	1.000000	0.858302	0.001889	-0.836366	0.002477	128
15	1.000000	0.857977	0.001892	-0.836794	0.002448	256
15	1.000000	0.858233	0.002385	-0.836210	0.002909	512
15	1.100000	0.884227	0.001009	-0.907741	0.004034	1
15	1.100000	0.884216	0.000593	-0.907744	0.001125	2
15	1.100000	0.884215	0.000797	-0.907751	0.001332	4
15	1.100000	0.884218	0.001068	-0.907758	0.001600	8
15	1.100000	0.884255	0.001414	-0.907867	0.001983	16
15	1.100000	0.884289	0.001799	-0.907843	0.002356	32
15	1.100000	0.884246	0.001912	-0.907848	0.002592	64
15	1.100000	0.884259	0.001979	-0.907842	0.002645	128
15	1.100000	0.884176	0.001721	-0.907955	0.002288	256
15	1.100000	0.883970	0.001733	-0.908112	0.002164	512
15	1.200000	0.903669	0.000888	-0.982238	0.004433	1
15	1.200000	0.903672	0.000513	-0.982274	0.001026	2
15	1.200000	0.903670	0.000706	-0.982249	0.001130	4
15	1.200000	0.903676	0.000922	-0.982268	0.001356	8
15	1.200000	0.903663	0.001203	-0.982259	0.001706	16
15	1.200000	0.903656	0.001491	-0.982295	0.002046	32
15	1.200000	0.903660	0.001744	-0.982276	0.002477	64
15	1.200000	0.903657	0.001861	-0.982295	0.002571	128
15	1.200000	0.903662	0.002016	-0.982676	0.002801	256
15	1.200000	0.903517	0.002689	-0.982582	0.003653	512
15	1.300000	0.924063	0.000699	-1.048329	0.004118	1
15	1.300000	0.924068	0.000419	-1.048331	0.000889	2
15	1.300000	0.924071	0.000556	-1.048334	0.001056	4
15	1.300000	0.924070	0.000744	-1.048338	0.001323	8
15	1.300000	0.924062	0.000998	-1.048329	0.001683	16
15	1.300000	0.924072	0.001251	-1.048328	0.002086	32
15	1.300000	0.924075	0.001587	-1.048312	0.002670	64
15	1.300000	0.924090	0.001829	-1.048340	0.003141	128
15	1.300000	0.923826	0.001962	-1.048628	0.003329	256
15	1.300000	0.924439	0.002038	-1.047794	0.003552	512
15	1.400000	0.936585	0.000641	-1.118857	0.004561	1
15	1.400000	0.936586	0.000385	-1.118890	0.001086	2
15	1.400000	0.936583	0.000517	-1.118899	0.001262	4
15	1.400000	0.936584	0.000699	-1.118907	0.001578	8
15	1.400000	0.936717	0.000916	-1.118646	0.001958	16
15	1.400000	0.936721	0.001127	-1.118702	0.002390	32
15	1.400000	0.936704	0.001371	-1.118693	0.002806	64
15	1.400000	0.936728	0.001395	-1.118650	0.002764	128
15	1.400000	0.936577	0.001518	-1.118785	0.003087	256
15	1.400000	0.936522	0.001780	-1.118829	0.003590	512
15	1.500000	0.947353	0.000618	-1.186290	0.004861	1
15	1.500000	0.947358	0.000452	-1.186299	0.001582	2
15	1.500000	0.947353	0.000598	-1.186326	0.001777	4
15	1.500000	0.947357	0.000774	-1.186302	0.001981	8
15	1.500000	0.947330	0.000975	-1.186392	0.002444	16
15	1.500000	0.947340	0.001133	-1.186339	0.002816	32
15	1.500000	0.947315	0.001509	-1.186329	0.003478	64
15	1.500000	0.947327	0.001600	-1.186368	0.003750	128
15	1.500000	0.947465	0.001617	-1.185898	0.003603	256
15	1.500000	0.947022	0.001595	-1.186729	0.003876	512
15	1.600000	0.957842	0.000469	-1.247801	0.004777	1
15	1.600000	0.957842	0.000328	-1.247811	0.001400	2
15	1.600000	0.957835	0.000428	-1.247808	0.001521	4
15	1.600000	0.957842	0.000560	-1.247799	0.001641	8
15	1.600000	0.957844	0.000675	-1.247775	0.001894	16
15	1.600000	0.957845	0.000741	-1.247792	0.002016	32
15	1.600000	0.957850	0.000757	-1.247780	0.002092	64
15	1.600000	0.957852	0.000791	-1.247816	0.002000	128
15	1.600000	0.958028	0.000863	-1.247447	0.002181	256
15	1.600000	0.958095	0.000890	-1.247639	0.002187	512
15	1.700000	0.965712	0.000381	-1.308091	0.004840	1
15	1.700000	0.965713	0.000250	-1.308113	0.001427	2
15	1.700000	0.965711	0.000321	-1.308116	0.001525	4
15	1.700000	0.965710	0.000410	-1.308102	0.001626	8
15	1.700000	0.965718	0.000506	-1.308040	0.001734	16
15	1.700000	0.965724	0.000552	-1.308043	0.001814	32
15	1.700000	0.965724	0.000583	-1.308030	0.001858	64
15	1.700000	0.965728	0.000567	-1.308051	0.001795	128
15	1.700000	0.965773	0.000384	-1.307688	0.001514	256
15	1.700000	0.965692	0.000529	-1.307221	0.001955	512
15	1.800000	0.971483	0.000343	-1.372754	0.005143	1
15	1.800000	0.971482	0.000251	-1.372773	0.001947	2
15	1.800000	0.971484	0.000316	-1.372763	0.001902	4
15	1.800000	0.971484	0.000392	-1.372772	0.002030	8
15	1.800000	0.971472	0.000465	-1.372680	0.002254	16
15	1.800000	0.971476	0.000498	-1.372657	0.002311	32
15	1.800000	0.971476	0.000532	-1.372681	0.002336	64
15	1.800000	0.971469	0.000538	-1.372705	0.002504	128
15	1.800000	0.971545	0.000579	-1.372457	0.002785	256
15	1.800000	0.971560	0.000447	-1.372394	0.001963	512
15	1.900000	0.976866	0.000277	-1.430773	0.005210	1
15	1.900000	0.976862	0.000193	-1.430823	0.001928	2
15	1.900000	0.976866	0.000232	-1.430819	0.001953	4
15	1.900000	0.976864	0.000273	-1.430808	0.002013	8
15	1.900000	0.976854	0.000299	-1.430870	0.002055	16
15	1.900000	0.976854	0.000320	-1.430871	0.001891	32
15	1.900000	0.976855	0.000299	-1.430882	0.001936	64
15	1.900000	0.976857	0.000318	-1.430857	0.001938	128
15	1.900000	0.976831	0.000326	-1.431191	0.002006	256
15	1.900000	0.976911	0.000329	-1.431021	0.002177	512
15	2.000000	0.980626	0.000245	-1.490294	0.005506	1
15	2.000000	0.980630	0.000173	-1.490317	0.002167	2
15	2.000000	0.980628	0.000215	-1.490314	0.002195	4
15	2.000000	0.980628	0.000262	-1.490346	0.002191	8
15	2.000000	0.980622	0.000302	-1.490313	0.002198	16
15	2.000000	0.980624	0.000316	-1.490258	0.002387	32
15	2.000000	0.980620	0.000318	-1.490299	0.002146	64
15	2.000000	0.980621	0.000274	-1.490311	0.001800	128
15	2.000000	0.980547	0.000322	-1.490527	0.001704	256
15	2.000000	0.980514	0.000231	-1.490894	0.001078	512
20	0.200000	0.539593	0.000990	-0.324295	0.001356	1
20	0.200000	0.539590	0.001135	-0.324298	0.001584	2
20	0.200000	0.539592	0.001301	-0.324296	0.001883	4
20	0.200000	0.539588	0.001463	-0.324336	0.002285	8
20	0.200000	0.539569	0.001613	-0.324298	0.002688	16
20	0.200000	0.539576	0.001658	-0.324279	0.002839	32
20	0.200000	0.539567	0.001864	-0.324312	0.003097	64
20	0.200000	0.539557	0.002054	-0.324318	0.003469	128
20	0.200000	0.539509	0.002328	-0.324195	0.003552	256
20	0.200000	0.539066	0.002647	-0.324025	0.003869	512
20	0.300000	0.580973	0.001264	-0.371518	0.001770	1
20	0.300000	0.580947	0.001502	-0.371505	0.002113	2
20	0.300000	0.580988	0.001720	-0.371491	0.002464	4
20	0.300000	0.580996	0.001970	-0.371505	0.002801	8
20	0.300000	0.580918	0.002133	-0.371435	0.003158	16
20	0.300000	0.580907	0.002211	-0.371453	0.003344	32
20	0.300000	0.580916	0.002102	-0.371426	0.003290	64
20	0.300000	0.580906	0.001976	-0.371440	0.003185	128
20	0.300000	0.581091	0.001727	-0.371671	0.002647	256
20	0.300000	0.580604	0.001251	-0.371392	0.001969	512
20	0.400000	0.616570	0.001226	-0.400161	0.001801	1
20	0.400000	0.616563	0.001737	-0.400160	0.002500	2
20	0.400000	0.616574	0.002449	-0.400150	0.003531	4
20	0.400000	0.616597	0.003411	-0.400188	0.004964	8
20	0.400000	0.616582	0.004744	-0.400248	0.006796	16
20	0.400000	0.616634	0.006302	-0.400261	0.009152	32
20	0.400000	0.616628	0.008373	-0.400223	0.011830	64
20	0.400000	0.616641	0.009945	-0.400253	0.013926	128
20	0.400000	0.617919	0.010639	-0.402378	0.015390	256
20	0.400000	0.614958	0.009793	-0.399059	0.015003	512
20	0.500000	0.677178	0.001350	-0.487958	0.002425	1
20	0.500000	0.677187	0.001813	-0.487961	0.003266	2
20	0.500000	0.677160	0.002371	-0.487941	0.004229	4
20	0.500000	0.677180	0.003009	-0.487954	0.005370	8
20	0.500000	0.677236	0.003622	-0.487970	0.006464	16
20	0.500000	0.677211	0.004086	-0.488111	0.007279	32
20	0.500000	0.677199	0.004545	-0.488122	0.008290	64
20	0.500000	0.677183	0.004353	-0.488015	0.007741	128
20	0.500000	0.678025	0.004990	-0.489677	0.008355	256
20	0.500000	0.678361	0.005230	-0.490872	0.009082	512
20	0.600000	0.718318	0.001459	-0.553025	0.002896	1
20	0.600000	0.718292	0.001750	-0.553052	0.003454	2
20	0.600000	0.718307	0.002067	-0.553065	0.004070	4
20	0.600000	0.718323	0.002258	-0.553055	0.004392	8
20	0.600000	0.718260	0.002337	-0.552966	0.004530	16
20	0.600000	0.718260	0.002273	-0.552955	0.004268	32
20	0.600000	0.718252	0.002162	-0.552945	0.004064	64
20	0.600000	0.718268	0.002201	-0.552920	0.004386	128
20	0.600000	0.718584	0.001873	-0.553780	0.004182	256
20	0.600000	0.718671	0.002023	-0.554534	0.004452	512
20	0.700000	0.757667	0.001385	-0.613378	0.003012	1
20	0.700000	0.757671	0.001457	-0.613404	0.003122	2
20	0.700000	0.757674	0.001498	-0.613370	0.003165	4
20	0.700000	0.757671	0.001443	-0.613389	0.003123	8
20	0.700000	0.757717	0.001423	-0.613506	0.003061	16
20	0.700000	0.757707	0.001322	-0.613518	0.002885	32
20	0.700000	0.757710	0.001167	-0.613479	0.002558	64
20	0.700000	0.757700	0.001165	-0.613475	0.002308	128
20	0.700000	0.757752	0.001419	-0.613761	0.002787	256
20	0.700000	0.757869	0.001477	-0.614296	0.003026	512
20	0.800000	0.798389	0.001256	-0.690825	0.003304	1
20	0.800000	0.798399	0.001152	-0.690860	0.002966	2
20	0.800000	0.798378	0.001158	-0.690834	0.002889	4
20	0.800000	0.798400	0.001111	-0.690861	0.002720	8
20	0.800000	0.798391	0.001120	-0.690816	0.002618	16
20	0.800000	0.798400	0.001063	-0.690868	0.002553	32
20	0.800000	0.798393	0.001008	-0.690858	0.002604	64
20	0.800000	0.798392	0.000996	-0.690849	0.002796	128
20	0.800000	0.798695	0.001123	-0.691390	0.002468	256
20	0.800000	0.799195	0.001321	-0.692147	0.002887	512
20	0.900000	0.832955	0.001116	-0.761789	0.003445	1
20	0.900000	0.832963	0.000935	-0.761793	0.002633	2
20	0.900000	0.832954	0.000939	-0.761791	0.002388	4
20	0.900000	0.832962	0.000963	-0.761788	0.002311	8
20	0.900000	0.832906	0.000966	-0.761704	0.002182	16
20	0.900000	0.832895	0.001031	-0.761713	0.002325	32
20	0.900000	0.832918	0.000941	-0.761679	0.002308	64
20	0.900000	0.832906	0.000942	-0.761701	0.002095	128
20	0.900000	0.832886	0.001097	-0.761573	0.002651	256
20	0.900000	0.832864	0.000664	-0.762055	0.002264	512
20	1.000000	0.861800	0.001036	-0.837411	0.003722	1
20	1.000000	0.861789	0.000758	-0.837403	0.002314	2
20	1.000000	0.861788	0.000819	-0.837379	0.002229	4
20	1.000000	0.861794	0.000859	-0.837368	0.002104	8
20	1.000000	0.861763	0.000869	-0.837346	0.002045	16
20	1.000000	0.861778	0.000927	-0.837353	0.002204	32
20	1.000000	0.861765	0.000928	-0.837356	0.002261	64
20	1.000000	0.861766	0.000867	-0.837394	0.002312	128
20	1.000000	0.861936	0.000926	-0.837825	0.002112	256
20	1.000000	0.862123	0.001045	-0.837225	0.001987	512
20	1.100000	0.887468	0.000879	-0.907736	0.003727	1
20	1.100000	0.887465	0.000633	-0.907708	0.001987	2
20	1.100000	0.887457	0.000719	-0.907704	0.001924	4
20	1.100000	0.887459	0.000803	-0.907708	0.001799	8
20	1.100000	0.887587	0.000845	-0.907615	0.001795	16
20	1.100000	0.887569	0.000879	-0.907620	0.001798	32
20	1.100000	0.887567	0.000919	-0.907635	0.001745	64
20	1.100000	0.887572	0.000912	-0.907623	0.001984	128
20	1.100000	0.887563	0.000931	-0.907739	0.001689	256
20	1.100000	0.887430	0.001157	-0.907934	0.002137	512
20	1.200000	0.908883	0.000745	-0.982943	0.003873	1
20	1.200000	0.908880	0.000478	-0.982924	0.001829	2
20	1.200000	0.908889	0.000572	-0.982935	0.001823	4
20	1.200000	0.908888	0.000660	-0.982927	0.001839	8
20	1.200000	0.908873	0.000747	-0.982927	0.001970	16
20	1.200000	0.908868	0.000821	-0.982911	0.002023	32
20	1.200000	0.908872	0.000903	-0.982929	0.002086	64
20	1.200000	0.908871	0.000867	-0.982906	0.002252	128
20	1.200000	0.909015	0.000966	-0.983319	0.002660	256
20	1.200000	0.909081	0.001087	-0.983497	0.003005	512
20	1.300000	0.926030	0.000622	-1.051444	0.003980	1
20	1.300000	0.926026	0.000388	-1.051429	0.001698	2
20	1.300000	0.926026	0.000469	-1.051444	0.001784	4
20	1.300000	0.926027	0.000571	-1.051442	0.001819	8
20	1.300000	0.926082	0.000706	-1.051388	0.001964	16
20	1.300000	0.926085	0.000780	-1.051399	0.002045	32
20	1.300000	0.926085	0.000764	-1.051386	0.001982	64
20	1.300000	0.926082	0.000845	-1.051408	0.002022	128
20	1.300000	0.925943	0.000843	-1.051533	0.002185	256
20	1.300000	0.926064	0.000710	-1.050390	0.001755	512
20	1.400000	0.939512	0.000524	-1.118042	0.004098	1
20	1.400000	0.939514	0.000310	-1.118082	0.001521	2
20	1.400000	0.939507	0.000391	-1.118083	0.001587	4
20	1.400000	0.939515	0.000490	-1.118059	0.001687	8
20	1.400000	0.939542	0.000583	-1.117969	0.001774	16
20	1.400000	0.939540	0.000686	-1.117972	0.001831	32
20	1.400000	0.939537	0.000711	-1.117949	0.001970	64
20	1.400000	0.939536	0.000713	-1.117993	0.001946	128
20	1.400000	0.939843	0.000699	-1.117407	0.002014	256
20	1.400000	0.940065	0.000549	-1.116757	0.002079	512
20	1.500000	0.950461	0.000472	-1.185855	0.004360	1
20	1.500000	0.950464	0.000293	-1.185870	0.001278	2
20	1.500000	0.950460	0.000389	-1.185851	0.001415	4
20	1.500000	0.950457	0.000517	-1.185859	0.001647	8
20	1.500000	0.950464	0.000684	-1.185893	0.001964	16
20	1.500000	0.950479	0.000868	-1.185895	0.002307	32
20	1.500000	0.950466	0.001032	-1.185900	0.002822	64
20	1.500000	0.950458	0.001203	-1.185836	0.003256	128
20	1.500000	0.950429	0.001250	-1.186161	0.003307	256
20	1.500000	0.950956	0.001076	-1.184443	0.002657	512
20	1.600000	0.960453	0.000388	-1.246785	0.004235	1
20	1.600000	0.960454	0.000250	-1.246832	0.001369	2
20	1.600000	0.960457	0.000334	-1.246827	0.001589	4
20	1.600000	0.960450	0.000455	-1.246801	0.001993	8
20	1.600000	0.960449	0.000609	-1.246822	0.002503	16
20	1.600000	0.960440	0.000811	-1.246852	0.003387	32
20	1.600000	0.960446	0.000997	-1.246864	0.003975	64
20	1.600000	0.960441	0.001312	-1.246839	0.004969	128
20	1.600000	0.960391	0.001291	-1.247141	0.005178	256
20	1.600000	0.960144	0.001582	-1.247941	0.006209	512
20	1.700000	0.965848	0.000404	-1.313367	0.004901	1
20	1.700000	0.965844	0.000281	-1.313359	0.001477	2
20	1.700000	0.965851	0.000384	-1.313365	0.001867	4
20	1.700000	0.965838	0.000521	-1.313348	0.002338	8
20	1.700000	0.965871	0.000712	-1.313360	0.003177	16
20	1.700000	0.965856	0.000980	-1.313314	0.004094	32
20	1.700000	0.965870	0.001264	-1.313357	0.005283	64
20	1.700000	0.965883	0.001678	-1.313268	0.006689	128
20	1.700000	0.965953	0.002046	-1.312983	0.008267	256
20	1.700000	0.967865	0.000584	-1.304889	0.002364	512
20	1.800000	0.971689	0.000340	-1.374332	0.005097	1
20	1.800000	0.971690	0.000238	-1.374298	0.001359	2
20	1.800000	0.971693	0.000330	-1.374279	0.001596	4
20	1.800000	0.971694	0.000453	-1.374294	0.001970	8
20	1.800000	0.971685	0.000638	-1.374354	0.002615	16
20	1.800000	0.971687	0.000881	-1.374303	0.003516	32
20	1.800000	0.971693	0.001149	-1.374305	0.004623	64
20	1.800000	0.971676	0.001468	-1.374295	0.005974	128
20	1.800000	0.971691	0.001610	-1.374039	0.006483	256
20	1.800000	0.971573	0.001688	-1.374531	0.006681	512
20	1.900000	0.976234	0.000294	-1.436544	0.005516	1
20	1.900000	0.976233	0.000188	-1.436520	0.001160	2
20	1.900000	0.976234	0.000260	-1.436511	0.001458	4
20	1.900000	0.976237	0.000357	-1.436536	0.001940	8
20	1.900000	0.976236	0.000503	-1.436545	0.002645	16
20	1.900000	0.976235	0.000688	-1.436579	0.003645	32
20	1.900000	0.976233	0.000948	-1.436578	0.004859	64
20	1.900000	0.976226	0.001287	-1.436494	0.006545	128
20	1.900000	0.976268	0.001659	-1.436403	0.008383	256
20	1.900000	0.976343	0.002240	-1.435970	0.010945	512
20	2.000000	0.981514	0.000222	-1.486686	0.005076	1
20	2.000000	0.981511	0.000150	-1.486658	0.001010	2
20	2.000000	0.981513	0.000209	-1.486664	0.001290	4
20	2.000000	0.981510	0.000294	-1.486671	0.001692	8
20	2.000000	0.981518	0.000412	-1.486630	0.002289	16
20	2.000000	0.981515	0.000560	-1.486572	0.003133	32
20	2.000000	0.981524	0.000768	-1.486557	0.004262	64
20	2.000000	0.981511	0.000955	-1.486616	0.005600	128
20	2.000000	0.981712	0.001251	-1.485321	0.007218	256
20	2.000000	0.981807	0.001662	-1.484426	0.009563	512
