#phi
1.1701635845
0.6388933579
1.0713232949
0.7788418926
1.0161590596
0.8163887484
0.2630726605
0.6676251040
0.9719182686
0.5438964431
0.4219364113
1.3077925713
0.5131601873
1.1464180041
0.6108534094
1.1315791473
0.6854442408
0.5899992441
1.0890776718
0.4085090217
1.1539831770
0.1044269904
1.2053248609
0.5656132046
1.2060290403
0.5731137081
1.1115104400
0.7112904262
1.1163251622
0.5398819050
1.1452024644
0.2358516489
1.3436657733
0.4033401088
1.4136475324
0.3559927705
1.4994802614
0.1694062231
1.2524010598
0.2341345272
0.3921912687
1.2212503378
0.6658048595
1.1067517412
0.7092014497
1.0377543819
0.7021369720
1.0223345925
0.8735526214
0.8504067933
0.9641374738
0.8124143348
0.6693548289
1.0444580090
-0.0493039689
1.4243087940
0.2371028169
0.9264048897
0.8937161766
0.9104034553
0.9396928009
0.9180912743
0.6636228017
1.2107548327
0.5912064431
0.9632044847
0.8197093455
0.6616497953
1.1715770458
0.4830580592
1.2848293265
0.3877665227
1.3409494342
0.5160984000
1.2627729782
0.5224803976
1.3048028588
0.4720404387
1.3276008164
0.4648248452
1.3772991496
0.4556725997
1.0661331282
0.6454135460
1.0620496863
0.6736941375
1.1013111325
0.5928155694
1.0937495418
0.1238643947
1.4230868265
0.3790169125
1.4372203186
0.0086917526
1.6587361381
-0.1038400764
1.1086984362
0.5965653030
1.0622616785
0.7694516011
0.9652513899
0.4587328258
1.2882317443
0.4871433522
0.8530586113
0.7741920186
1.0938563076
0.7284385972
0.9777253927
0.8797073923
0.4930419853
1.2663093841
0.5297215478
1.1880902518
0.7176336214
0.9074256670
0.7957148975
0.9726074559
0.8159091745
0.7297668255
1.0191146174
0.6636562157
1.1185798430
0.3456717842
1.4941273580
0.2902334127
1.5134451269
0.1667684658
1.3292793272
0.4495065006
1.3325622092
0.1711095060
1.1326235128
0.4824314013
1.2712661630
0.3931929956
1.0446199913
0.6336255190
1.0239691816
0.8650151159
1.0123187075
0.7460737989
1.0108044685
0.8477373475
0.8640780402
0.8895053177
0.8240016731
0.8989983549
0.8750566268
0.8119189781
0.7474748824
0.8174369013
1.0323685866
0.8480018513
0.9450995498
0.6248622376
1.2286369081
0.5714789084
1.3208857182
0.4457618666
1.2024565006
0.6507864464
1.1226520838
0.7161047654
0.9799939610
0.2852435245
0.9825421850
0.6140287256
1.1157114279
0.6127185054
0.9829547145
0.7201357908
0.9375409996
0.8526982096
0.9802644834
0.9212109766
0.8065646983
1.0045230716
0.7708906623
0.9265477194
0.7477428944
0.8070164248
0.9183361013
0.9330508134
0.9540918127
0.8284293590
1.0062856528
0.8473353797
0.8000542580
0.3097845000
1.4090171485
0.4532785422
1.0389492695
0.5806719565
1.2679517029
0.4098078397
1.0977862039
0.2375411618
1.5872877561
0.2305736814
1.5087031154
0.2316915058
1.3595806154
0.1361419920
1.3289097550
0.4010611228
1.2044932648
0.6685752337
1.0287780598
0.8403537391
0.4630026614
0.4569496948
1.2794483254
-0.2631365405
1.3617969468
0.3577456599
1.1428798483
0.3698320327
1.5042597821
-0.1069961839
1.7576365397
0.0212191923
1.4112340638
0.3300997103
1.3418142573
0.2828740408
1.4775410205
0.3649558926
1.4244619063
-0.0216566144
1.6058902976
-0.0152939035
1.6066027339
-0.0156040254
1.0959799620
0.7281862389
1.0764445351
0.7482040981
0.8720984532
0.7217035397
0.6762889759
1.0400295052
0.7757249504
0.9864133336
0.8765011238
0.9379754181
0.7513589582
0.7630294481
0.7533683490
0.7091585154
0.9719584081
0.8036405818
0.5186257257
1.1666371148
0.4866450891
1.3218854531
0.4904434723
1.2988160937
0.5958234305
1.2627660046
0.4844428388
1.4179105590
0.1764891943
1.5928474698
0.2364935691
1.6008010916
-0.4970706939
1.8440379711
-0.1259061557
1.9327450822
-0.1805251469
1.8519778189
-0.0508124391
0.8434513716
0.9388705137
0.6167530313
1.1295139816
0.2982494303
1.2436801017
0.5758874316
1.3091060142
0.4355787576
1.0010946763
0.7361488101
0.9580907457
0.8689441327
0.9812753931
0.8624725862
0.9795755284
0.8082285186
1.0123552443
0.6993929129
1.0934503570
0.7969361861
1.0138045730
0.6098658136
1.1737819399
0.6240694313
0.1895769296
1.4734121969
0.1507680442
1.0777213792
-0.0762771263
1.7219741514
0.1128180295
1.5066828403
0.1742368833
1.5453671147
-0.3377243578
1.9528337240
-0.2522964244
0.5416290867
1.2092002287
0.5209409857
1.0121842169
0.7951074721
0.8434127013
0.6324211535
1.0639174246
0.7472411167
0.8025617056
0.8318737952
1.0353734157
0.6319516094
0.8981656471
0.8803704848
0.6948634078
0.9544339298
0.6334381404
0.4316091309
1.2588737358
0.5013009029
0.9191323722
0.9397026207
0.8797751213
0.9800876698
0.8722039127
0.9672262552
0.7285294944
1.0924019617
0.6939538447
0.9198441778
0.7392164138
0.9571673858
0.5539641368
1.0475102691
0.7584992736
0.6834394605
1.1565832387
0.4204336019
1.3268845834
0.4010444366
1.2450526345
0.4596847395
1.2118777715
0.6743895136
0.8607219453
0.6639869658
1.0437265691
0.8385669317
0.7885011758
0.9305342855
0.6775452072
1.1388805733
0.7292891580
1.0040165672
0.0848642163
1.2482783943
0.5621262621
1.2065833981
0.6351163302
1.0616366100
0.7616243748
0.9504538205
0.8469102468
0.8873898773
0.9569224901
0.8720279524
0.8823983981
0.9978755612
0.6293093978
1.0069098338
0.7000070299
0.8931216274
0.4766437540
0.9439793469
0.8758396409
0.7287043818
1.0688171744
0.3815104536
1.4252594575
0.1959832264
1.5124933967
0.2964365653
1.5171126888
-0.2683266177
1.8040890205
-0.6390371040
1.5647620898
0.1512450419
1.2763521510
0.0095405236
1.4982667105
0.0887678314
1.5032629515
0.0344802501
1.5848588365
0.0996722788
1.4253890686
0.2312175193
1.6288314170
0.1711393978
1.5712743677
0.2111244912
1.3900897893
0.3579279924
1.0558272291
0.6071817594
1.2019346976
0.6983178470
0.9756717980
0.7099179570
0.7411969871
1.0484851385
0.7060953372
1.1838421826
0.4597241351
1.2339906008
0.6607932143
1.0922155505
0.7861252507
0.6891111445
0.9153038571
0.8857551955
1.0052266954
0.8440922794
0.7970814435
1.0928204318
0.6083978061
1.1130547058
0.5706251101
0.9971759498
0.7129694898
0.6322745800
1.1123052332
0.2266264731
1.3115859520
0.4248849767
1.1782132974
0.4451606233
0.9578594670
0.7711370097
1.0722370383
0.6303804197
0.7894615974
0.7684159477
0.8607631506
1.0361570673
0.7427840013
0.8936599224
0.5514413187
1.3424395069
0.4888805634
1.0147321350
0.8759212273
0.9414452129
0.8283968344
0.6041642070
0.9718332194
0.8179402857
0.9051454909
0.1876722403
1.2881239701
0.5457342243
1.1289116164
0.6385045346
1.0174044957
0.8833319116
0.7331461813
0.9721706596
0.6328684956
0.7449929284
0.9758984075
0.7011369997
0.8780007977
0.6208148150
1.1201164530
0.7681742245
0.9290140547
0.9370292319
0.9167818530
0.8837372367
0.5119724157
1.0895883933
0.5931176244
0.9314749189
0.9843265385
0.7099105868
1.0699955061
0.7495665775
1.0702889259
0.8080899350
0.8173992037
0.5236820515
1.2459659267
0.6342750467
0.9803951061
0.6483328374
1.0535481391
0.7232196636
1.0913381149
0.7288676213
0.9994871488
0.7052185226
0.5270907010
1.1403527315
0.3883914387
1.3326188921
0.5420830919
1.3219056885
0.5848123034
1.2151862487
0.0985981349
1.2135087857
0.2721002460
1.2580541570
0.3099097918
1.0784265262
0.6315203191
1.1852468051
0.4363998349
0.9796074452
0.8588617881
0.9880809683
0.6784046000
1.0572562587
0.7514979621
0.9174876304
0.8454996458
0.8657648701
0.9728101151
0.7759751158
0.8240444356
0.7846964700
0.9611172492
0.9486866312
0.7837470430
0.9183839474
0.8103266855
0.3473405212
1.3746025799
-0.0725354633
1.2980917158
0.4139505480
1.3758805814
0.3320557004
1.4057340637
0.4256142908
1.2667730581
0.5579096755
1.2758777902
0.3871758878
1.4426439857
0.2295124032
1.3264002244
0.3498306511
1.4695988199
0.2710415009
1.3538432392
0.5072737127
1.0696201391
0.7535813365
1.1107394606
0.6541132188
0.9735079313
0.7283202946
0.5182195372
1.3066336302
0.5068527112
1.0134880266
0.8107717159
1.0683523193
0.6760992257
1.0727867644
0.7322545933
1.1151988145
0.4184869435
1.4801635584
0.3450015237
1.2388423809
0.3057572406
1.4965518464
0.2611055140
1.5939576684
0.1407704530
1.1732641947
0.4877001371
0.9827225647
0.8909944719
0.8209624427
1.0200574755
0.6482346875
1.0814446484
0.7197293283
1.0617936656
0.7102355887
0.9595187882
0.7783438717
0.9769010177
0.6917701377
1.1688445211
0.5549851031
0.6349327579
0.8675128419
0.9765553946
0.8296093880
0.8927338341
1.0129238053
0.4767926664
1.2114359281
0.4442144077
1.1393453104
0.6588103973
0.2676841658
1.2203428026
0.5324869579
1.0512189567
0.3302870211
1.4678543725
0.2816509363
1.3901770520
0.4124852071
1.4353738952
0.2430798263
1.3013599674
0.5390400338
1.2303742248
0.5975879363
1.1021520568
0.6859986585
1.0940508154
0.7217696451
1.1226951338
0.6997395617
1.1011225996
0.7637848321
1.1038217929
0.7247421670
1.0451867486
0.8218050063
0.9702917789
0.9116493665
0.8095020671
0.8757226008
0.8719290448
0.9225256388
0.9154094721
0.0273672822
1.2478679477
0.5477430049
1.3371901754
0.3629472981
1.3049182701
0.4523816326
1.0712245227
0.5131538885
1.3035724850
0.1582322403
1.1567429531
0.6479308774
0.8156432643
0.9333587492
0.8578308721
0.9487645512
0.8474660157
0.7653495638
0.8758367322
0.8585080202
0.9812871480
0.8252292449
0.8806164391
0.7858783399
0.8866416428
0.6819981729
1.2178349243
0.6352076768
1.0303222372
0.7190648776
0.8302943285
1.0459232746
0.5618567047
1.1736333646
0.5492830938
1.0772906058
0.7405496775
0.9795272381
0.8274307874
0.9583385427
0.7709365126
1.0904552615
0.6469198722
1.1199791585
0.1594687742
1.4264420857
0.2713758831
1.4170218292
0.3553940752
1.3759427290
0.2144778843
1.5674592022
0.0136978623
1.6654904500
-0.1449039523
1.2913360211
0.3779770157
1.1337615826
0.1424162144
1.3484463695
0.3467910549
1.4175636931
0.1776778438
1.5913102991
0.1680680840
1.3230943761
0.3762673864
1.2589740841
0.5990631731
1.1908036372
0.5619273487
1.1051884485
0.6058245348
1.2450797394
0.6222925836
1.2445716276
0.4406678830
1.2956609019
0.5604014584
1.0972307388
0.7130018235
0.7830676288
0.8047646878
0.5723166235
0.8135101786
0.5782684982
0.0752663128
1.5415847885
0.3258037622
1.3405581157
0.4088923531
1.2990493596
0.5026332862
0.6506942290
0.6360669112
0.8214750916
1.0057375817
0.7465000669
1.1774939429
0.6049775731
0.9018843424
0.9621447253
0.8866742690
0.7414148924
1.1149507662
0.6968490720
1.0510897151
0.7919647114
1.0607709226
0.5077184508
1.0865124035
0.4143536752
1.0552817892
0.8624414651
0.8053063738
0.9187951063
0.8193561719
0.5180036493
0.8044310958
0.9853708104
0.7329249918
0.9694494661
0.7798413806
1.1043939089
0.4419810555
1.1678218140
0.6937887485
1.0482663449
0.7706497849
0.8374185984
0.9341728687
0.5330223118
0.7522784529
1.0446830845
0.7848530776
0.9927324636
0.8734512288
0.8333451247
0.9891475951
0.8454803351
1.0481506774
0.5748116833
1.0992953475
0.6048691180
1.2213199861
0.6160347494
0.7830340136
1.0194814246
0.8808619651
0.6125409354
0.8841270169
0.9020412991
0.8230544652
0.9440257454
0.9097958966
0.9158566658
0.8757870835
0.4229534054
1.1070210693
0.6631528976
0.6528270324
1.2586556119
0.3825397773
0.9613937510
0.8313766619
0.9911882277
0.9048877988
0.7648478486
1.0939282964
0.2182892190
1.5416997109
0.0177181034
1.7016692542
-0.2019748928
1.3521471192
0.4322198370
1.0170972439
0.7424880458
1.0056153769
0.8980163774
0.7207708921
1.0765065997
0.5782021219
1.2325350630
0.1000733141
1.1544405540
0.7191131772
0.9290310883
0.9485678178
0.8207968947
0.9685265707
0.6944358424
1.1357584314
0.7069212231
1.1063938607
0.5022895408
1.1113707939
0.5310258975
1.0549636840
0.8223223538
0.7346586551
0.8975889689
0.8983939228
0.7061404515
0.9220294312
0.7528023955
1.0646876606
0.7850046393
0.6362293926
1.2227244833
0.5264453488
1.2571873994
0.5430833137
1.2073605762
0.2560740402
1.4641062913
0.3704301656
1.3033797175
0.4727975147
1.2803501478
-0.0478229455
1.3166099718
0.4372231875
1.4043075976
0.4583104229
1.3670962486
0.4054023618
1.3792696928
0.4562799759
1.1507122408
0.4836339097
1.3221850393
0.4569334730
1.3607400126
0.0090508028
0.9718984272
0.8482215115
0.9316585228
0.6401110056
0.7640809695
0.9479032448
0.7456297486
1.0534578507
0.7042171410
1.1080221020
0.7782189667
0.9132198518
0.8976810600
0.9042954329
0.5520546589
1.2895310747
0.4759125510
0.4650276168
1.1600841404
0.6453346454
1.1208376714
0.8018060095
0.8688037791
0.9726995658
0.8656016043
1.0168836388
0.7740146465
1.1035212035
0.6802041741
0.9951195953
0.7355433894
1.1431262568
0.6555827383
1.2014444141
-0.2224312473
1.6032428569
0.2693596856
1.2306141505
0.4716407717
1.4053767589
0.3842705414
1.3484663234
0.3647578345
0.3718726813
1.0602186023
-0.1826041478
1.8607263158
-0.0521744348
1.3484736490
0.4604767611
1.0612635902
0.4613939768
1.4206785333
0.1733118989
1.4987158546
0.3031040539
0.9787911211
0.7921967337
1.0180201530
0.6986782618
0.8930332655
0.6243707774
1.1882833681
0.3199595462
1.3086230983
0.4451658340
1.3628988673
0.3484251458
1.1612181375
0.6651089682
0.9222927301
0.6916583243
1.2193384554
0.5226700191
0.9652658239
0.6589512177
0.8839990661
0.9179941147
0.9013606549
0.9126263229
0.8047662464
0.5997066875
1.1420149664
0.6465204993
0.9345332310
0.6997287563
1.0579094819
0.7407710846
0.6439192166
1.1539386859
0.5037144369
1.1847793810
0.5950315202
1.2411840561
0.4021729272
1.4441663612
0.2715039234
0.8791528610
0.8359400078
1.0319157106
0.7443426481
0.9862131174
0.9196230629
0.7075779764
1.1257701998
0.7435786808
0.8621635154
0.7527356655
0.6287558919
0.7539449323
1.0259979011
0.8602879968
0.1741113865
0.9758039577
0.4160359721
1.2977742039
0.4974529438
1.3305612863
0.4392414563
1.2614512699
0.6121303606
1.1861366517
0.5224165426
1.2147650836
0.6566634728
1.1720178292
0.6932338467
0.9280998522
0.8743079614
0.8783171588
0.8433925636
0.9934029841
0.8460506047
0.9579581949
0.7193324972
1.0857264945
0.6924236650
1.0833976620
0.7224702556
0.9302142735
0.8359434999
0.9867121127
0.6429632569
1.1850556954
0.5418867952
1.0968388874
0.6605447905
1.0799406848
0.3691028978
1.3170185784
0.1524848289
1.0938025041
0.6496973319
0.9965487081
0.8596763085
1.0230349266
0.8398944797
0.7704798932
0.9874844042
0.5556805559
1.1494806558
0.6760698241
0.8360459023
0.9838588283
0.4701167455
1.1962854610
0.2145291193
1.4262716962
0.3365003534
1.4572727438
0.3337164169
1.5346941289
0.2133642078
1.1685139277
0.5473552190
1.3071111672
0.4712080299
0.9903029468
0.4574125026
1.3113170476
0.3374098495
1.4044992619
0.4100978660
1.0567160072
0.7497959841
1.0766554989
0.5973414337
0.9861272640
0.7892425968
0.9871919209
0.7389276801
1.0961952696
0.7017771256
1.2197761937
0.0311170823
0.4374230309
1.2775908712
0.4291642477
1.2334267605
0.5251134848
1.1597774900
0.6544009640
1.0770087978
0.7940623599
1.0355562503
0.6883789923
1.0516201092
0.7294363758
1.1172309522
0.7701548018
1.0768897231
0.6238199517
1.2001494590
0.5218335507
0.7544479542
1.0808698784
0.7723451649
0.9589146507
0.4716740381
1.2215993434
0.6079984442
1.2508183734
0.5405071816
0.8304028560
1.0483758667
0.6835929736
0.7894653901
1.0590672151
0.7231307387
1.0761932784
0.7625328247
0.6812122729
1.0524417019
0.6219431666
1.2206714984
0.6751423018
0.7439726989
0.9159288325
0.7585978332
0.0195753761
1.6430130014
-0.1141905209
1.6223694734
0.2223492097
1.5462257291
0.0079707712
1.5220801572
0.2793058641
1.4401336734
0.1707261439
1.6182219972
-0.3778248651
1.6331968065
0.1312451665
1.6629903127
-0.0689824517
1.6775653508
-0.0528336281
1.5675779713
0.1950773286
1.5997692072
-0.3068746686
1.0401808600
0.7158101667
-0.1349246570
1.6613319377
-0.0387254613
1.1379328742
0.7047357149
1.0136215650
0.4946227081
1.3181129523
0.4785156356
1.2723927650
0.5322164949
1.0896268907
0.3836809097
1.3879684819
0.2823585702
1.3769745392
0.3558986761
1.4875014421
0.0135591827
1.8262250007
-0.3712934869
1.7118279709
-0.3071764118
1.1766206252
0.5408225196
1.2881248730
0.5291841482
0.7579791768
1.0742462203
0.6868279649
1.0759259320
0.6479852397
1.1482252794
0.4480075394
1.1669950647
0.5656808170
1.1920179915
-0.1100726194
1.6240530712
0.0140987884
1.7269122248
-0.0957975679
1.5557487814
0.2002073496
1.2193571629
0.4400413838
0.9583613459
0.8680341015
0.8041702589
0.9876605328
0.7023760034
1.1920059397
0.5406874049
1.3325459870
0.5711526974
0.7767795768
0.7468590585
1.0099236828
0.8191094049
0.9462063459
0.9126432634
0.7439329186
1.1132525720
0.5691065865
0.8966992254
0.9063862259
0.9465608053
0.8316002057
0.8965086149
0.9316647520
0.8591783889
0.9945475813
0.6350457139
1.1004572701
0.3249699535
1.3674670428
0.3889473364
1.4910882084
0.2854732596
1.4000550329
0.3390327721
1.2614063135
0.6095165853
0.9415384351
0.7514034514
1.0738532641
0.5832012917
1.0179256612
0.7886840418
0.9328818698
0.5729641473
1.2676200242
0.1817554471
1.2575887689
0.3124696041
1.2226555730
0.6178591288
1.0501921246
-0.3905847540
1.7278101741
0.0603068174
0.9847183299
0.8489382828
0.9011297124
0.9548220693
0.7017810905
1.2043978616
0.3490504913
1.1483017032
0.7033577643
0.9047742431
0.8800783238
0.7576347152
1.1137010332
0.6940206806
1.1074650966
0.5861121012
0.9083109657
0.8324915813
0.6862462649
1.1238256603
0.5026615489
1.0729755909
0.6861970193
0.9832962298
0.4794346246
1.2925093660
0.4682515063
1.2846792995
0.4972451500
1.2275755616
0.6134024448
1.1141764573
0.7172088038
0.7892296741
0.7910600203
1.0535412554
0.6726431752
1.0938145369
0.6611124528
1.2192744101
0.6203183232
1.0769322256
0.7040858308
1.0311830492
0.7297251581
1.0001082978
0.8277323884
0.8791105414
0.7430311193
1.0276245694
0.7286689931
1.0288627286
0.7537133107
0.8785819792
1.0130031018
0.4526572590
1.3025930766
0.4388265005
1.3546176117
0.4900885178
1.1536209173
0.3885590503
0.6319907541
1.1890152043
0.6482477489
1.2174606803
0.3691109321
1.4595168316
0.0865565939
1.2904151872
0.2456469228
1.4923221878
0.2988045436
1.3791247532
0.2433656052
0.9198816477
0.8806574603
0.9142992853
0.5721062619
1.2615395232
0.6098459330
1.1545485788
0.7403239869
0.9130776820
0.8334151644
0.9143557525
0.8331240754
0.9561501453
0.8176173597
0.7054776248
1.0274895772
0.8451608019
0.5912847713
0.9278774043
0.7597087649
1.0216792524
-0.0244483143
1.5934448455
0.1891113640
1.4193672478
0.3940290457
1.4500514356
0.3571738559
1.3523888893
0.3043855284
1.3197054735
0.1994746148
1.4933756174
0.2620741885
1.3324494285
0.5275839259
0.3605967161
1.1147230931
0.4077530844
0.9907462980
0.7341165885
0.0900206023
1.6599576251
-0.3304752932
1.3388845839
0.4523984363
1.3116585097
0.4935164958
1.0471469570
0.7841695732
1.0809377321
0.4836805962
1.2078333462
0.5401432085
1.1762474234
0.6918187228
1.1130543164
0.6947582212
1.1259286400
-0.2607835550
1.6013818620
-0.5899292712
1.4885561118
0.4093582454
1.3319692511
0.3113823490
1.1904463345
0.5675926563
0.9721514802
0.7848398445
0.6427645120
1.1616515628
0.5787649094
1.1920941647
0.5463682520
1.1212947916
0.5437216375
1.0186520586
0.8067899299
0.9428052174
0.8929712979
0.9624439723
0.6434125499
0.9759125334
0.8574736686
0.5602554144
1.2301100389
0.3470198035
1.4523462942
0.2265159802
0.5798717975
1.0007826042
0.6088760791
1.0675483951
0.6769647758
1.0311991178
0.8237715616
1.0623961375
0.5485106691
0.9108054374
0.8317377120
0.8021903332
0.9877060040
0.7173252950
0.7989406394
0.9561343178
0.8405213766
0.7680475216
0.8575088695
0.7253358104
1.1458448189
0.0796860018
1.6016136850
-0.1296213590
1.1226553628
0.5461813339
1.1045895909
0.3585198883
1.4731385979
0.2902475673
1.3582303914
0.1864297012
1.4672023203
0.2316898138
0.2660963527
1.5057728071
0.3295353817
1.0219300749
0.6170399914
1.0191266481
0.7849600736
1.0528642025
0.7752875207
1.0902091156
0.5876121285
1.2112453907
0.1795709154
1.4360280933
0.3161489168
1.4800295013
0.2937838240
1.5773518349
0.0524287915
1.4287906252
0.0794211525
0.6062187501
1.1117715762
0.7724817953
0.8385606737
0.7849725136
1.0456630852
0.2410419874
1.4436155733
0.3302165125
1.2678590074
0.3123248710
1.2990436379
0.5099121618
1.1501377576
0.3772926164
1.3224334326
0.4400889891
1.3786447150
0.5166359998
1.3217284771
0.5418152895
1.2918206513
0.3467365220
1.3225840697
0.3214122859
1.2961422086
0.4446277659
1.0852560659
0.6599419259
0.8163555481
1.0239322114
0.7041410124
0.8368410843
0.8574645737
0.7910769181
0.9176483682
0.9021500804
0.9727310500
0.8900398046
1.0003837936
0.8745572404
0.8622038614
0.9173972563
0.7704663630
1.0793064177
0.5328842620
1.2428263657
0.4536129126
1.3287725444
0.5760092370
1.0887260835
0.5590970434
0.9728616783
0.8515399694
1.0562346132
0.7447874131
0.8872104258
0.9382067654
0.8068538261
0.2854729059
1.4674169427
0.3613551094
1.1288021548
0.7130952668
0.6813962295
1.0663837192
0.8411985963
0.7102606473
1.1511628221
0.3343085250
1.5209312950
0.3058275777
1.3633249085
0.3591771467
1.3306516270
0.2200897237
1.5262791327
0.2072355800
1.5878856002
-0.0913190288
1.7523764999
0.0467213740
1.6567645830
-0.7468610209
1.2686781568
0.2182472346
1.3349221856
0.2478994153
0.9952499422
0.7718322212
1.0766170752
0.7419251407
0.8404266015
0.8524652957
0.9770782836
0.8225509444
1.0403676698
0.8675863197
0.9012991240
0.8419625871
0.8602388267
0.9278689285
0.8731008153
1.0241415671
0.6256006671
1.0576128503
0.5398393072
1.2900995535
0.4570182193
1.2376797024
0.5347409443
0.9905279160
0.7964407169
0.9851436811
0.7952289662
0.8478779467
0.9575595295
0.4535138702
0.9408982005
0.7529522086
0.9069544586
0.8793824696
0.8364905905
0.9425061897
0.8609778597
0.9127336408
0.7976473725
0.8960670562
0.5951655644
0.8380188141
1.0465764691
0.5978902588
1.0364186099
0.6176711809
1.1314506875
0.5333976684
1.0402096649
0.5170019832
1.2926210894
0.5358053571
1.2749835445
0.5529331643
1.1624406642
0.5894858655
1.2856548166
0.5941640782
1.2171214507
0.5466405228
1.3205641431
0.3744865819
1.4278552101
0.3152000684
1.3179018159
0.4427568827
1.3933494988
0.4802035524
0.9849721715
0.6039548127
1.0321123060
0.7749785054
1.0216400992
0.7993913247
0.9190083350
0.6949201666
1.1293478783
0.5263696987
1.2014546953
0.4356197815
1.2468778863
0.5310320984
1.1718948738
0.6382496224
0.8701935003
0.8298067276
0.7794297118
0.8515408384
1.0189976721
0.7100268560
0.5152527065
0.3465873061
1.2093728366
0.5638977335
1.1855360434
0.7129775833
0.8200159069
0.8321006734
0.9285010931
0.8092601762
0.9497381309
0.8243522948
1.0969285823
0.7451444370
0.8501970388
1.0208453714
0.8205180872
0.7907331889
0.8387084455
0.9469257194
0.8571371753
0.9438764362
0.9355533864
0.8278485191
1.0726066673
-0.0741606872
1.6554088588
-0.4689409826
1.3078912296
0.4552071625
1.3105194708
0.3142481617
1.4718783588
0.2689997574
1.4145110920
0.2270996096
1.5756174201
-0.5052289152
2.0480617049
-0.7264794306
2.0275085522
-0.3624136352
1.4068966730
0.3364674645
1.4533300311
0.1677045609
1.6943135532
0.1843366259
1.4934872630
0.1763941224
1.3650025277
0.3963994671
1.3585024022
0.3749950005
1.2779835905
0.3958616801
1.3347164440
0.2697858207
1.4470086185
0.2987897631
1.4513333188
-0.0528258662
1.4924997032
0.2254719290
1.2472665242
0.5147135993
1.0658129131
0.8073969264
0.7989657081
0.9736153669
0.6006996331
1.1573797203
0.6145855398
1.0816120258
0.2961420557
1.1068250091
0.7614904471
1.0107033843
0.6983164755
0.8181672137
0.9808486622
0.8379116787
0.9355160119
0.6802690935
1.1319314039
0.6814630983
1.2020887022
0.5767546520
1.2171112327
0.6137534840
0.6308774751
0.6277780951
0.8088166868
1.0274883151
0.2066163092
1.4784789655
0.1490964911
0.9523007637
0.6576854346
1.2180637554
0.4834284229
1.2311515901
0.6819474483
1.0727600329
0.5417260390
1.1999992220
0.4565454614
0.6822415338
1.0334043653
0.5608255649
1.1101011746
0.6925757705
0.8170259938
0.7603828383
1.1211350439
0.6205801371
0.8015525122
1.0562745470
0.6534442822
1.0862643905
0.7496511126
0.8764449029
0.8590060049
0.5346302707
1.1265178459
0.5228600730
1.1597894177
0.4002512837
1.3376703651
-0.6422645162
0.2438347794
1.4176674360
0.2947988266
1.4794582194
0.1289675867
1.3774469998
0.4994473544
1.2897364613
0.4295676852
-0.4720438677
1.5590935190
0.3285117419
1.5641650627
0.2225105133
1.4928573817
0.2283567867
1.5177432520
0.3393806396
1.4433734609
0.3613429024
1.5129146871
0.3225056400
1.4488938475
0.3400052478
1.3641735187
0.4692817720
1.2514738715
0.5903701749
1.1038927859
0.4900639542
1.2579056528
0.5767925918
0.9257520841
0.4487261428
1.1507489141
0.5914425229
1.2488024206
0.4709238794
1.3685111939
-0.0583237975
1.8481278664
-0.1731581278
0.4342559996
1.0770246306
0.6875134418
0.8267580778
1.0689964869
0.7011886204
0.9408546337
0.9131828473
0.8367422369
0.7609155219
1.0306949237
0.7381936955
0.5710526605
1.0840897671
0.7631763010
0.6645532046
1.1914150371
0.2765946077
0.5992703989
1.0832866031
0.7462976264
1.0873382389
0.7514270884
0.9707387667
0.9101626408
0.8071133106
0.9336101207
0.8364365394
0.7872039244
0.6633388666
0.6347233147
1.1232279019
0.4107314138
1.2156163652
0.4815381483
1.3101656689
0.2510525821
0.5531073057
1.1890288825
0.2416875482
1.3077248076
0.4464130904
1.2836073673
0.5046702010
1.1084321645
0.6478300492
1.1177743207
0.6992061729
1.0816428535
0.5874738954
1.2912962056
0.6091839749
1.0372996697
0.5103290255
1.2138336195
0.6379928264
0.9988080588
0.8814700128
0.7597777696
0.9976480899
0.6022319158
1.2067943231
0.1105943799
1.2213145818
0.6046024141
0.7474880831
1.0138450621
0.8076112378
0.9081366666
0.9534058923
0.6040873134
0.8072807230
1.0260868810
0.8411836153
0.7740195443
0.8152075489
1.0381932338
0.4847837289
1.2170033722
0.5857295098
1.0235515244
0.8555043142
0.9273191546
0.9204458693
0.9164291514
0.8150382941
1.0282389994
0.6646028955
1.1258773311
0.7023699074
1.1311151044
0.6935728344
1.0578569740
0.8289754045
0.6656444124
1.1414039517
0.7696839450
0.8928351128
0.9152794331
0.5416455051
1.2343209837
0.4600081149
0.6948031371
1.0175117807
0.8282713747
0.7934314510
0.8018677317
0.9162659099
0.9534355952
0.5869380356
0.7885678946
0.8266233572
0.9129606654
0.9085632317
0.9891003519
0.5048628070
1.3442057544
0.4801655894
1.1459629557
0.6440296864
1.0783832164
0.7952228844
1.0327305826
0.7320380032
1.1377756250
0.6976873601
0.8123008571
1.0953044827
0.7770561025
0.8809390390
0.7028238052
0.9980919970
0.5831152058
1.2539959829
0.4761568449
1.3305006052
0.4723634993
1.1184428161
0.5829261420
0.9227342461
0.9061488667
0.3043390692
1.3363368065
0.5146478106
1.2468936106
0.5770448684
0.6064826417
1.2175849069
0.6527472326
1.0628709335
0.8368596635
0.9325632228
0.9138032095
0.7005098868
0.9386303847
0.7875017399
0.9023314181
0.7926097890
1.0851871290
0.7952964675
0.8867249573
0.5820581885
1.1298117264
0.7639538221
1.0511633089
0.6545444354
1.1951562330
0.5574299003
1.2271454075
0.3695968363
1.1590864118
0.7101826049
0.8144249847
0.9959141458
0.7903851193
0.9568335451
0.8839723163
0.8937391260
0.7263521140
1.0033107969
0.7120499391
1.0261890075
0.4741062498
0.9019498083
0.5395176362
1.1204018990
0.6196658772
1.0601602736
0.6590549353
0.9582629008
0.6395771821
1.0856970645
0.7542917941
0.9820440066
0.8558605714
0.8554237857
0.9072293206
0.8473824206
0.6512797592
1.0207799043
0.8092775600
0.9956310157
0.8808701569
0.8941514371
0.6425760611
1.2198827333
0.5760239228
1.2128875222
0.5305913134
1.1961723142
0.4931478926
1.2517179567
0.4591988096
1.3612268443
0.3762016771
0.5873255485
1.1901505811
0.6150163152
1.2273448768
0.5752154248
0.9140183022
0.5678072146
0.7439237744
0.9882847513
0.7759753702
0.9772147843
0.8203802336
0.9849718690
0.8568051962
0.8207445670
0.9065338264
0.9333700597
0.9311373511
0.6793287600
1.1130192262
0.5843356144
0.6415445911
0.7561467515
0.7800620364
1.0754045551
0.6446061672
1.1805678253
0.5295964894
0.8900611803
0.6673291838
1.0431353758
0.6994599033
1.0716354854
0.4670635034
0.9083329591
0.8611510317
0.6651669190
0.7561363404
0.8593678479
0.4454404969
1.2935792118
0.3944589739
1.3363315069
0.5461609381
1.0900010433
0.7331690056
0.6811793981
1.0834718792
0.3856773130
1.4591595876
0.3360015159
1.3644232460
0.4594067588
1.1317229604
0.6453991348
0.9286294122
0.8271376155
1.0092593783
0.3004075833
1.1445864967
0.0974099670
1.5802434088
0.1768959716
1.6347532719
0.0152959373
1.2341238190
0.6546937348
0.8556701924
1.0090973684
0.6838005150
1.1525887459
0.1737393239
1.5386553892
0.3106319268
0.2890648625
1.3661700847
0.3812084970
1.0874960646
0.6343387069
1.1705509796
0.6565186144
0.6563146021
1.2330646682
0.6092837083
0.9729817198
0.8709053591
0.8822677749
0.4320602886
1.4030760865
0.4362531727
1.0017480938
0.8560079173
0.8898603710
0.7709944633
1.0582960838
0.6752219722
1.0734850352
0.6562157946
0.8012456074
0.9928080604
0.7122687471
1.1657597610
0.7356077804
0.8544024408
1.0298939800
0.7905646118
1.0556697155
0.7344087016
1.0697846650
0.7529321580
1.0717692685
0.7095659510
1.1105148646
0.6192379878
0.4506443326
1.0881076608
0.6272766877
0.1472315944
1.4414348500
0.3877915046
1.3122216719
0.4493825816
1.3541355292
0.5192064511
1.1904178841
0.5908164534
1.1725434313
0.4933213780
1.2962877093
0.3323411067
0.9198058384
0.5710713665
0.6267202858
0.9076986002
0.8592324027
0.7256255245
0.6701466613
1.2237093700
0.6655129634
1.1034074620
0.6263535106
1.0145308590
0.7046675448
1.0274315780
0.7338408568
0.9613289122
0.6681489933
0.9242099248
0.8528876966
0.8757441196
0.6313099537
1.2620537386
0.6064692304
0.8550887076
0.9586137077
0.8177119553
1.0498416706
0.6571794870
1.1369566749
0.7039968420
0.4383368443
1.3588848047
0.5197637768
1.2994833437
0.5511829798
0.9509867684
0.7763430843
0.7952769316
0.8166108710
0.9394071874
0.6855302190
0.8456219867
0.7387251058
0.8506838803
0.9729961960
0.7536843947
1.1353152622
0.7243317861
1.0271653740
0.8355303156
0.5314578109
1.1637136266
0.5365823781
1.2786515485
0.5722847759
1.2483493310
0.5267620665
1.3031476119
-0.1530701481
1.4514874106
0.2991231710
1.4948961436
0.1129469666
0.9642745517
0.6161140945
0.8858448479
0.9450938818
0.8870449436
0.9469139905
0.6877538306
1.0751938046
0.8049215700
0.6586338346
1.1879935186
0.5213580614
1.1283188762
0.4187900609
0.8141309824
0.9949346405
0.7403987965
0.8026957906
1.0633369325
0.7790599339
1.1232730712
0.7434566068
1.0241524435
0.8632968643
0.8697126533
0.9574267271
0.7467167683
0.9212814426
0.7608364157
1.0904931136
0.7424228890
1.1343512594
0.2010845641
1.4971036870
0.3719284710
1.4001250588
0.3312141319
1.4937181550
-0.0992761179
1.5957182731
0.1440777488
1.5853487553
0.2292643987
1.3859619427
0.3545147426
1.0623358748
0.6816264080
1.1286514455
0.7220955699
0.9308010680
0.7946215480
0.4303938461
1.3519469423
0.2717118201
1.4455899846
0.3644298348
1.4214764875
0.2470968944
0.9925141953
0.9011594250
0.9517863725
0.9334358353
0.0624408337
1.5564244532
0.2154472428
1.3912947509
0.4699541339
1.3973746681
0.3540946999
1.4547303862
0.2829109338
1.0147844550
0.5111620693
0.9092955604
0.7700389942
0.7885219646
0.9444585295
0.7883719255
0.9543197946
0.7071941480
1.0435471107
0.7975504031
0.9310061297
0.8505071869
0.7985873408
0.8377720118
1.0050858034
0.7776335714
0.8253583177
0.9541727754
0.9057854046
0.4354414384
1.0499256912
0.6184267590
1.1102140328
0.6184664986
1.1392291974
0.7432316018
0.6479570724
1.1435053402
0.0178304639
1.6076726446
-0.3137587267
1.9970498037
-0.3884916389
1.3397277857
0.1307667294
1.6687130549
0.1266406042
1.2872980581
0.5263804948
1.2313737337
0.5198494527
1.3359798695
0.1162890596
1.2263905082
0.4964925052
1.3475031236
0.3618596779
1.5186606644
0.1525234497
1.3576413436
0.2418112723
1.5144695924
0.2425181235
1.5306676302
0.3332199720
1.2350290853
0.5283431907
0.9698704027
0.8194761301
0.9115556070
0.5580779997
0.8716227181
0.9457220072
0.5622915269
1.2323795176
0.5682606067
0.9205513061
0.5633705452
1.2210705258
0.3978762584
1.1930634372
0.6693393362
1.0319831185
0.8076670589
0.9634814755
0.4929647961
1.3774806401
0.4416299413
0.9769758002
0.8627830303
0.9604595177
0.8925850951
0.9293768647
0.7683047732
0.7573782450
0.9950005186
0.8293440158
1.0015377173
0.8120761627
1.0085852919
0.6106946823
1.1081512712
0.6465490943
1.1478032143
0.6880431977
1.0244040291
0.8833485464
0.9555019302
0.7182445402
1.1629715100
0.6316435125
1.1496883851
0.6054807996
0.9416100132
0.6799468170
1.0335844358
0.6932187239
0.7284103393
0.8538823042
0.5266296452
1.0309784565
0.4341290139
1.1988797415
0.6980004888
0.3187921116
1.1060480738
0.6908903956
1.1065286724
0.3336652467
1.1926935043
0.3924849538
1.2701733959
0.3452022448
1.3939191126
0.3831290767
1.2711999923
0.5611627247
1.1408026996
0.5271184755
0.9943383851
0.7275966582
0.7721014918
0.8583772117
0.9793232962
0.7972445569
1.0928272621
0.7612357448
1.1046215551
0.6818224338
1.0246291979
0.8790334177
1.0096810882
0.6055907533
1.0193180475
0.6740234123
1.2238988762
0.5984366028
0.9997148643
0.7597318442
1.0189643747
0.8356394820
0.9753495071
0.7836149070
0.8810778407
0.9086080563
0.7966284632
1.0766054537
0.6162351825
1.1834760379
0.2265564102
1.5631494132
-0.0866509950
1.6260017124
0.2105680779
1.4130207755
0.4389802512
0.7740330393
1.0530586549
0.6130183092
1.1391840080
0.1930005979
1.6055149651
0.2458779607
0.9890382449
0.8286070365
0.9317319157
0.8088378608
0.5907472240
0.7750099557
0.5983282940
1.0952677473
0.6493244324
1.1755504851
0.6352171254
1.1910225243
0.5823044260
1.1325220192
0.7060951562
1.1565588528
0.6195720449
0.9624287933
0.9074622353
0.9477221713
0.5861856527
1.1756461440
0.3876973082
1.2030767002
0.5451581430
0.8666351999
0.9316953108
0.6477646284
0.9464820414
0.9509235674
0.8502879166
0.9432729707
0.8486165338
0.9099902787
0.6934807629
0.9913633419
0.4009522394
1.3851210833
0.4161737252
1.3872255969
0.4063193819
1.0944169716
0.7018039419
0.5873621347
1.1856693329
0.5405167477
1.1750595743
0.6437122436
1.2380828750
0.3050015226
1.1895819761
0.1555063260
1.5604537198
0.1486613438
1.3247711312
-0.0023006302
1.6498437725
0.0743909671
1.6999605143
-0.0585055977
1.6741723252
0.1187428292
1.5080128757
0.2894992746
1.5459338500
0.3204930715
1.3616103561
0.4505424996
1.1853738989
0.6981700288
0.9179246493
0.8793571298
0.2831300215
1.4339162857
0.4240288452
1.2383424182
0.6357318359
0.9675566322
0.9154741843
0.7185939751
1.1469261377
0.4119241698
1.1923511180
0.6530506090
0.9350289473
0.6556940412
1.1749908975
0.5903858921
1.1999518991
0.6620805748
1.2577234379
0.5323300549
1.2784573644
0.4440307888
0.8565342185
0.7732064417
0.8780068413
0.7259345016
0.8157977659
0.8675014158
0.8882294586
1.0213176253
0.8276799239
0.9743786443
0.8879981437
0.8928583248
0.8419607261
0.9589076755
0.8687218266
0.8787733252
0.8499615285
0.7642064966
1.0666549333
0.7833094701
1.0853885471
0.7526194319
0.8944168549
0.9758294783
0.7502583205
1.0163201280
0.8058336952
0.9951027290
0.8811881249
0.6853622124
1.0438688517
0.6290989131
1.0088447909
0.7514901771
0.9915375760
0.4815850599
1.2640631490
0.5291707176
1.3743802249
0.4661500750
1.2892742541
0.5431552436
1.0809690728
0.7865007016
0.8955898028
0.4267261017
1.4132332444
0.4567804115
1.2315925625
0.2913485245
1.0644962137
0.6850402920
0.8259330915
0.8914836856
0.2605246334
1.4039976209
0.4176653588
1.3752884040
0.3948680903
1.2796647219
0.4549375018
1.2751950903
0.2842751136
1.5883259132
-0.1870068585
1.2132463322
0.6341178218
0.6595676229
1.2392457974
0.6132836831
0.8278355066
0.9449052196
0.9320374134
0.9290637547
0.5977139362
1.0113793408
0.8556112030
0.9289547112
0.4316481524
0.9176290260
0.8193337954
1.0806328064
0.8217620573
1.0196034527
0.8586313674
0.5641966411
1.1265712021
-0.2190968965
1.5039752822
0.3265032099
1.5055403130
0.0332834807
1.3850219193
-0.0314052298
0.9319480831
0.8656379553
0.6738055264
0.9397354255
0.5122953821
1.1393211223
-0.4911385204
2.1961778220
-0.7103229433
1.2892601375
0.4161790941
1.3404518569
0.3704008376
1.2695333855
0.4752480245
1.2842875658
0.0524106954
1.6845069162
-0.0558242514
1.7979116224
-0.3602686116
1.1104866173
0.6971331894
0.8829416451
0.9975001039
0.7290297294
1.0678100958
0.4341801471
1.3516766236
0.4798787056
1.2267476280
0.6224821840
1.1106926369
0.6749906379
0.9658297793
0.7872502429
0.9030791098
0.9440318318
0.8537332513
0.3909138003
1.3437195784
0.3895849440
1.4717165809
0.2386453450
1.3205267726
0.5458139370
1.2160908278
0.5960537351
1.2083001208
0.5677337494
0.9296010910
0.7518808149
0.8238574101
0.6471612989
1.1449736193
0.6605939648
1.2267519490
0.6222542728
1.1634369352
0.5542056591
0.9403179097
0.6987569706
1.1230050738
0.5757469364
1.1300920377
0.4354513725
1.3928684395
0.3540016990
0.9530627938
0.6691206743
1.1233167822
0.6020861443
1.2201774736
0.5342008712
1.1930673230
0.5314870825
1.2576931764
0.4769798055
1.3420518784
0.4550793230
1.3432240931
0.4926014097
1.1306357303
0.2585528861
1.4765418337
0.1841719002
1.5789658059
-0.1572958830
1.8116052359
-0.1230420013
1.2830980789
0.5415243042
0.7842047133
0.9250813036
0.7802804781
0.9443233523
0.7983629882
0.9280158343
0.6660289599
1.1121766906
0.5873155181
1.0549692902
0.8324212261
0.9537718659
0.8035881949
1.0306722839
0.7734544338
0.8465320101
0.9641487899
0.9014129716
0.9778255268
0.6797055584
1.0579667870
0.2331543614
1.5124820914
0.1696875181
1.6689823035
-0.0496455218
1.6569928478
-0.0980070554
1.4154982940
0.2715616560
0.9849883674
0.7587021466
0.7353535729
0.9025719860
0.9309214834
0.8740357293
0.7497933407
0.6239325633
1.0612202327
0.7637927239
1.0600637006
0.5670450805
0.8150575487
0.8563815199
0.7440158958
1.1240409979
0.5766730638
1.2881403828
0.5315839575
1.1266539088
0.5744677426
1.2512458108
0.5634635768
1.0085907459
0.8818595543
0.7832432083
0.7802447067
0.9452685541
0.4772734301
1.1180792551
0.5791887858
1.1700830046
0.5856219819
1.2137013735
0.5188130804
1.0518638967
0.8308083064
0.9884176983
0.7972996398
0.9816935359
0.5088450209
0.9951450775
-0.3256868324
0.8623023813
0.9339302716
0.3174193300
1.4168792434
0.1833834677
1.3703571503
0.5052166507
1.2634504607
0.5508258423
0.3934164195
0.9522684816
0.8239945729
0.8723372822
0.7880776259
0.8680727305
0.6481274381
1.1000089397
0.5360835823
1.3106900797
0.4552330966
0.8446503814
0.8696063402
0.9072965023
0.8436196631
0.9122720491
0.9693532802
0.8481300975
0.9546481899
0.7707301545
1.0834678282
0.6104478186
1.0611910078
0.7404285704
1.1180681639
0.6742377565
1.1672676477
0.6653390544
0.7928740546
0.9126504556
0.5042369308
1.2822940669
0.4958480885
0.8428991903
0.8271741892
0.8476253982
0.9099304302
0.8743816127
0.8265082792
0.8956052601
0.7992209890
1.0121638664
0.8866955520
0.8744766894
0.9965126694
0.7478649340
1.0086698775
0.8674225833
0.9201615980
0.8818746025
0.2933548291
1.4034637310
0.2457129707
1.5689116896
-0.3947009068
1.6622721558
0.2034186517
1.4174111974
0.2909279208
1.5662227129
0.1241051273
1.5578574689
0.1663986401
1.2065411818
0.1681866156
1.3533669602
0.1996505926
1.5152931167
-0.0056728256
0.4894373022
1.3296562928
0.5528768029
1.2076007468
0.5720794266
1.0396281904
0.8471849944
0.9774749159
0.7422164822
1.1786881988
0.6390744657
1.2729341842
0.4580428388
1.3259548793
0.3839267190
1.2981129191
0.2936880449
1.4714305881
0.3420147247
1.3700462048
0.4481678073
1.2737252220
0.6279144856
1.0048058739
0.5289068461
1.1951637609
0.5996422606
1.1873198053
0.1510846321
1.2109156087
0.1047031914
1.2156489034
0.3674505073
1.3599027216
0.1270007643
1.3652033148
0.4247331121
1.3351437594
0.4854219943
1.2336719805
0.6123757535
0.9706073451
0.3330654869
1.2447615715
0.5656836524
1.1807181501
0.6437764347
1.0738213453
0.8150078527
1.0215813348
0.7882900491
0.9526776650
0.8843238638
0.9528080704
0.9169795063
0.9507599311
0.8309885837
0.8439957654
0.9865356121
0.8216161262
0.9559409608
0.6044824242
1.1078802327
0.0790612802
1.2526048951
0.5453388351
1.2766107235
0.1462816334
1.4357895146
0.4055395889
1.1389961040
0.3729542651
1.4522262780
0.3707926339
1.3733001401
0.3526287642
1.4081780243
0.3066525939
1.0623201918
0.7646002831
1.1353401535
0.5956924345
1.1683794303
0.5185719073
1.2584732984
0.3356418053
1.1373969533
0.2574737801
1.4809712286
0.4098420125
1.4044019348
0.0142765436
1.5505407372
0.1209822071
1.6409697086
0.1445981162
1.1538724794
0.7089332540
0.9975834484
0.5654469962
1.2060727780
0.6565060171
1.2108969752
0.5491326634
1.0586293632
0.4084071381
1.4369239036
0.2241577878
1.3439848159
0.4494283868
1.0383759301
0.6291485335
0.7588268422
0.9235629109
0.9049903540
0.8165454647
0.9779350481
0.8906525657
0.9392048172
0.6847976333
1.1077599257
0.5973357223
1.0785200659
0.7484293245
1.1580128868
0.6904428382
1.1526627574
0.5001031314
1.1816515986
0.6438407037
0.8773154292
0.7645710424
1.0919525546
0.7713046936
0.9974631286
0.6888419147
1.1453443157
0.5703557639
1.0925814022
0.4680793469
1.1527499622
0.7297409376
1.0494331723
0.3760549823
1.1630259551
0.5737305306
0.9946316524
0.7472455986
1.0387843774
0.4902129619
1.3052439741
0.4911770729
1.0418423699
0.5593734468
1.1927552577
0.5016882935
1.3668256156
0.3623156287
1.2549163354
0.5190037965
1.2219304917
0.5862093272
1.2626539783
0.5126941326
1.3066931215
0.4007366527
1.3270169851
0.4502688250
1.0442261950
0.6930950189
0.9942202971
0.8370595848
0.9969063592
0.6266512813
1.1579189232
0.5707093647
1.2692030981
0.3699036632
1.1813723090
0.5951258853
1.2093312246
0.3353499506
1.0422552227
0.7872552294
1.0136494322
0.7457532206
1.0837133407
0.6621124309
0.9971401547
0.6168705806
0.8304867731
1.0553087566
0.5863136273
0.8429825481
0.9410834569
0.7834270262
0.8369775298
1.0151632908
0.8271590441
1.0055038543
0.7440930497
0.9653862660
0.9217849218
0.8141293957
1.0470474748
0.7795486498
1.0514576150
0.7903193804
0.7846072405
1.0745348105
0.7006113652
1.0530586755
0.6283682727
1.1736380209
0.4663276249
1.2405431808
0.1801685909
1.4739543548
0.2858034760
1.5872005120
0.0112963929
1.5001449147
0.2288380155
1.3202669152
0.3972689096
1.3602540463
0.2339226322
1.5110237272
0.2327253148
1.4430771368
0.2002412613
1.1978691762
0.3242854410
1.3548218729
0.1585042926
1.2681353033
0.0298217273
1.7030923158
0.0521505096
1.5122768060
0.1187835189
1.4595242968
0.4178031420
1.3895296208
-0.0209251941
1.7098138378
0.0622880513
1.4884018815
0.3244633534
1.2921459680
0.4449997838
1.4047440579
0.4900631425
1.1063976438
0.7808105093
0.8604033426
1.0316886715
0.1769136324
1.6431812274
-0.2234153722
1.2732000680
0.5352493001
1.2898972829
0.5548685462
1.1570061145
0.3266049674
1.0741943501
0.6521913985
1.0965262962
0.1132393646
1.7476095705
0.0249219290
1.5631392911
0.0979630535
1.3475943501
0.4701375513
1.2804066811
0.5705186783
1.2414020276
0.5478229545
1.2653734974
0.5669433595
1.1717630757
0.5414868727
0.9206662540
0.8151037822
0.8634719939
0.7356418514
1.0109189195
0.6540079407
1.1291637955
0.6464590814
0.8740091862
0.6178876140
1.1476828156
0.2689977817
1.2440518476
0.4552432374
0.8717826416
0.9646930835
0.9441095813
0.3020571849
1.2979389169
0.5130408233
0.8995891515
0.7577172180
1.1345014823
0.7250219751
0.9990329557
0.7103810905
1.0879795722
0.7608559545
1.0620065204
0.6996376157
1.0273248949
0.7258660671
0.9485173925
0.9147259533
0.8113416047
0.9448455284
0.8358239201
0.9402514792
0.5872648728
1.0211862254
0.8089040142
0.8083572656
0.5173574001
1.2548215418
0.4251634268
1.4114174093
0.2431327187
1.1268297075
0.6421565716
1.0123147314
0.7652704086
0.5585062731
0.9572135288
0.8335442211
0.8037621576
1.0918078577
0.3279126787
1.0395551506
0.6208448660
1.0237149193
0.6569302433
0.8976002585
0.7925279474
1.0702444958
0.7371032117
1.0045749221
0.6411514517
1.0994018953
0.7228393151
1.1648108796
0.3618340278
1.4271314671
0.3192850823
1.1678002285
0.3045980261
1.3393640270
0.5217116306
1.3154837724
0.3876823231
1.2634864388
0.5474206527
1.1571159297
-0.4461733728
2.0730627251
-0.4171816183
1.0800788035
0.7712749583
1.0925848606
0.7752154265
0.9900667493
0.7750085124
1.1362521718
0.5269258830
1.2577990704
0.4028794914
1.1231909024
0.6809845918
1.1139832551
0.6982553850
1.0563741140
0.7866497773
0.9508032512
0.9281277430
0.8632798724
0.6674000385
1.0150575369
0.6016122933
1.0424205858
0.7833097076
1.0580164223
0.3822873697
0.8068739431
0.6092134779
1.2617673744
0.3975070853
1.2297345087
0.4988522157
1.3264040379
0.4715359800
1.3268682089
0.4414479129
1.3103760448
0.4232450019
0.0458987378
1.3757873859
0.4273431422
0.2328906730
1.0228674160
0.7392418116
1.0881985079
0.7428436727
1.0282984889
0.5708038869
1.2260240533
0.5568103392
1.2534221772
0.3404379760
1.2415817138
0.6332980086
1.1508029720
0.6174164017
1.2255364436
0.4519118385
0.8060946457
0.9677114534
0.6848692305
0.8427113832
0.8843052614
0.8419233428
1.0377231169
0.8128258086
0.7468355732
1.0826475999
0.7683955495
1.0525999757
0.7708627117
1.0363273503
0.7557788558
1.0135838052
0.8237973775
1.0488231446
0.8310285196
0.8338336074
0.6946763756
0.8113666423
0.9707484216
0.8932247203
0.8525255634
0.9822802427
0.7859859822
0.9452301943
0.7812602025
1.0134504395
0.9051627863
0.9371436493
0.9527258816
0.7611422442
1.0074214096
0.8252531144
0.8509250625
0.8253209994
0.9916539963
0.8024976031
0.9245441592
0.8393810198
0.8757008306
0.8081291000
1.0026764292
0.7465895696
0.7361886935
0.8501372379
0.9829566504
0.8031314527
1.0178659931
0.6333454654
1.1930073479
0.5428410346
1.1590902027
0.7228436092
1.0190909510
0.7628801940
0.9832832926
0.8900504630
0.0458551165
0.9837482947
0.9011839444
0.9399609988
0.8385255433
0.8864311244
0.8516413147
0.8408734611
0.6703231464
0.7637502701
0.9591007293
0.6778052907
1.1245341317
0.6725668171
0.8109223632
1.0169622422
0.2600715590
1.4972236593
0.3468855615
1.4584973170
0.2563485359
1.4219291888
0.2787373399
1.3226401144
0.5265129436
1.1771092796
0.4594059935
1.0036461175
0.7093493686
1.1293964613
0.6905046012
1.0345878310
0.6747708096
1.0854962918
0.6697724178
1.0865393947
0.6075910350
0.9743103119
0.5165880250
1.0354928802
0.6424988183
1.2225329238
0.6379558774
1.2102996877
0.6652282827
1.1376029858
0.6169063564
1.1380819477
0.6168110831
0.9178227883
0.8739854096
0.9587635288
0.7823438492
1.0512056344
0.4452780338
1.3705233415
0.4144647717
1.3480688241
0.4384691506
0.3634510599
1.4119121055
0.3619827654
1.0282829881
0.7880047704
0.8704367117
0.9564612198
0.8975988256
0.4948818743
1.2891061152
0.5324299619
1.2564667577
0.5761971856
1.1808716047
0.5717145796
1.1409326800
0.6324614863
1.1151760744
0.7302170192
1.1418389481
0.4819687605
0.9872322289
0.7928984331
0.6992721721
1.0933050573
0.6413550765
0.4820940526
0.8514539062
0.4916844845
0.6973031819
1.1463044836
0.6401738595
1.2019440016
0.6335579661
1.1933598695
0.5387977336
1.2387177769
0.4569520763
1.3094858204
0.1433035728
1.4398482515
0.0739315180
-0.0730470571
1.7883761744
-0.0210997115
1.7076166202
0.1116407343
0.9920726182
0.2618883619
1.3699267427
-0.0953735490
1.4287812445
0.1321495639
1.6147943076
0.2934832379
1.2095087821
0.5734007669
1.0131692345
0.8419993609
0.9406642136
0.9080892606
0.7064677674
0.9970551663
0.7240381551
0.8842888227
0.8893775095
0.7604531952
1.0963510673
0.6956756001
0.8518367163
0.9067909519
0.5813010110
1.1841414165
0.6382009463
0.9655368016
0.4357513213
0.7014168718
1.1683311699
0.6972649550
1.0582914078
0.5614284325
1.0234597723
0.3215539669
0.9172054735
0.7176030559
0.8423422166
1.0327528502
0.8276311128
1.0372271374
0.5834171987
1.1119331273
0.5462324860
1.1180685334
0.5306195291
1.2525989025
-0.3041683544
1.4756204843
0.2581940683
1.4114612800
0.2856391628
0.9783163364
0.3682676896
1.3320677115
0.3356030343
1.2968207570
-0.1066299502
1.5276482179
0.3008729936
1.3402629406
0.3948183880
1.3120724325
0.3505694566
1.3983924321
0.3655619380
1.5008892064
-0.0099475947
1.6720681470
-0.0435065705
1.4940828533
0.3045533274
1.2489312337
0.5610935000
1.2572409976
0.3685251595
1.4890240399
0.2987652364
1.5923561906
-0.0363613914
1.7986685286
-0.1029925404
1.6369050156
0.0191319255
1.0025937702
0.3407972696
1.3271985135
0.1261403571
1.1615990729
0.6987036993
1.1517064743
0.6327511302
1.0218993213
0.7691834460
1.1423160562
0.5695035585
1.1466311316
0.6119173368
1.2143080646
0.5704551456
1.2940192430
0.5599016585
1.1592611156
0.5822436043
1.3156602972
0.4457172536
1.1615672720
0.6875935424
1.1712794423
0.6937246483
1.1957148065
0.6860940037
1.1541108416
0.5973754091
1.1219918427
0.5819516444
1.3183461291
0.3181304438
1.2757733879
0.5641232513
1.0488098973
0.6026704235
1.1652681328
0.4905273924
1.2924111781
0.5273109348
1.3403278225
0.5306827770
1.2411655391
0.0711406438
1.7206482897
0.0773053022
1.4581672306
0.3527525048
0.9946645688
0.4883056325
1.2330573871
0.5364567523
1.1833094680
0.6031312239
1.2745296301
0.5358482180
1.0535086882
0.3636577231
1.1142995159
0.4206504097
1.4892639349
0.2694349018
1.3581199996
0.2860333395
1.5633796658
0.1746388418
1.3164451739
0.3056296651
1.0445040284
0.7508830572
1.1172070272
0.4775245653
0.8290201803
0.9548436834
0.7007799449
0.9846295132
0.8038933793
0.7330950098
1.0575542228
0.7250881493
1.1328892606
0.4980090351
1.2370139294
0.5986727818
1.0846312521
0.1706321712
1.2225310942
0.5141125120
1.3024121713
0.5536434451
1.0621574420
0.6777068437
1.1124111875
0.7327188049
1.0087716924
0.6211724524
1.1199080004
0.6391730326
1.1473146023
0.7270012760
1.1338423002
0.5644108280
1.1101589940
0.7077653564
1.0233339372
0.7618825380
1.0720070983
0.6616404501
1.1643565491
0.6372276335
1.0825064863
0.6516672345
1.1225634670
0.7279261449
1.1526107683
0.6289795249
1.1277873888
0.6419774761
1.0984656987
0.5252809855
1.1914455935
0.6527900959
1.0335767035
0.8424369066
0.9726811784
0.8799759597
0.9438215637
0.8368905695
0.9279516705
0.8977424929
0.8908368940
0.6743418703
1.2015050382
0.5686713323
1.2218707878
0.6554130301
0.9948197401
0.8515434037
1.0334141537
0.5345292875
1.1569327940
-0.1316114172
1.8576827993
-0.3530505280
1.5960489131
0.1118042468
1.2814119660
0.5312348156
1.1819079156
0.3446885241
1.4127803659
0.1886511037
1.5456709230
0.0230415417
1.3666218517
0.5044070865
1.1243437971
0.7400805879
0.9922611329
0.7954655479
0.6888436183
1.1396602193
0.5675920885
0.9843334885
0.7096806325
0.9803228560
0.8269671848
0.9527716495
0.8318664913
0.8464757736
0.2834353105
1.3352338755
0.1505099072
1.6005378440
0.0258871025
1.0374459901
0.6427759072
1.1631756063
0.5963399084
1.0916411912
0.3074922329
1.4249394050
0.2134315750
1.5287020730
0.1658008952
1.3556181445
0.2779055988
1.1724582235
0.7093898952
0.9987649337
0.8744893437
0.3939009251
1.4316179268
0.3462922929
1.4499127387
0.2839534313
1.2215523368
0.5951067533
0.7220300019
1.0360557031
0.4791388121
1.3223273952
0.0843827462
1.6892377120
0.0404136973
1.5723314879
0.2243029696
1.4029103160
0.3484282819
1.2442223553
0.4844593517
1.2827617543
0.1784205876
1.0763760068
0.8368677875
0.7608998537
1.0144137132
0.6238075731
0.2485098382
1.4310646856
0.2549618192
1.2775923412
0.1109346121
1.6590562574
0.0292170219
1.7285588477
0.0243857859
0.4397261025
1.1743132573
0.3338816800
1.3236681691
0.3868714761
1.1159937355
0.5036089169
1.3282254973
0.4481395577
-0.0784998922
1.4974743892
0.1968521386
1.4933639660
0.2768465146
1.2464969245
0.6124458334
1.2020051979
0.6100691754
0.9312665527
0.8430829318
0.9361243931
0.8662113982
0.8397420823
1.0539970682
0.7932182991
1.1347134515
0.6789194846
0.7666140630
0.8916956046
0.9794890549
0.5258142838
1.2134321850
0.7125078772
0.9066351962
0.6169017145
0.9515836831
0.7955095779
0.9277660806
0.8626623534
0.9827297089
0.8986333884
0.9184318815
0.7621457745
1.0379949256
0.7277259164
1.0672270722
0.0806222012
0.8840078634
0.8264108301
0.9635826767
0.8939967443
0.8951110299
0.9393938132
0.9153304358
0.7613874202
0.9847352729
0.6111138607
0.8579681909
0.8642907822
0.4568927599
1.0040183795
0.5835376522
0.8371272191
0.9217556015
0.9113273632
0.6323946652
1.1552158443
0.7023765406
0.6519104677
1.0386191231
0.6956867536
1.0381193709
0.4805182788
1.0002099124
0.5137321070
1.3394228081
0.5249374510
1.0746951662
0.7067650686
1.0752845340
0.6846099866
1.0934516497
0.5463262411
1.1168202399
0.5575029711
1.2995670920
0.5367353274
0.8591333343
0.6636035508
1.2331120303
0.5552659090
1.2171454117
0.6535680267
0.8996251756
0.8149285799
0.9917421583
0.8186348177
0.9693308634
0.8421509930
1.0652606137
0.6443318316
1.2138167915
0.5350413076
1.2916537391
0.5782208133
1.2136544911
0.6481374426
0.9123933693
0.7399616508
0.8432225984
1.0371251870
0.6415688526
1.1038652630
0.6859315845
0.8848890754
1.0075714823
0.8783903239
0.8601404932
0.8354649380
0.9876883405
0.7832747946
0.7055742787
0.9509620961
0.7471305844
0.8918524734
0.4349010391
1.0512222372
0.4563680182
1.3093171926
0.0547170849
1.5673060405
0.2664935426
1.4109652598
0.1988582136
1.0996484164
0.7298446055
1.1439945210
0.4247170494
1.1955232367
0.5928679165
1.2112790596
0.5624050711
1.1904896978
0.6995759334
0.8771112959
0.9750107557
0.8283526851
1.0321241979
0.8477569852
0.8238974251
0.3945903098
0.7438904509
1.0302934355
0.3761224922
1.4177828719
0.2012539471
1.4888687987
-0.1514401779
1.6030982135
0.2255295345
0.8645023892
0.9272358488
0.9113372486
0.8064755081
1.0437338326
0.7929094854
0.9510321900
0.7361959178
0.9713409071
0.6507422922
1.0878946984
0.6130939805
1.2868285903
0.5416644717
1.2045481765
0.5173002391
1.2891510346
0.2250604244
1.3750908481
0.2895742721
1.1143226430
0.3410749601
1.3911513732
0.3906881568
1.2384744562
0.4733293449
1.0425546682
0.7734895667
0.6986697493
1.0411432440
0.7543108413
0.9685070340
0.6557065913
1.0870532174
0.7165979090
0.9500276143
0.7145723478
0.7562007776
0.8436614428
0.9249030536
0.9160799621
0.8552969435
0.7319229099
0.8667039768
0.9511148285
0.8948541193
0.6050758698
1.0766514221
0.3226851297
1.0829745851
0.5596419233
1.2349458964
0.5651410351
1.2523970015
0.4940604929
1.2517017416
0.6214317699
1.0256488302
0.6747063799
1.1164292894
0.7294394398
0.9528715518
0.5792776647
1.1434265316
0.6390450154
1.2034013082
0.4531756835
1.3496822325
0.4871244567
1.3562153000
0.3455599631
1.2579605702
0.4665730212
1.3431903942
0.3240566890
1.3782415952
0.2313415173
1.1413081361
0.7188215672
1.1761349497
0.5598197313
1.0329113522
0.6416379314
1.1916213677
0.2847178792
1.4915507215
0.2861991098
1.3997038390
0.2689978928
1.5485249555
0.0546552026
1.5756076737
0.1615447905
1.6671515756
0.0984429588
1.5368799635
0.1572742110
0.8013503262
0.9237647013
0.8184869331
1.0044752083
0.7171186920
0.8640790896
0.9850398679
0.6835895374
1.0300632415
0.5602615242
1.2625683660
0.5752868006
1.3150876383
0.4784328618
1.1872627000
0.5552134624
0.5950278622
1.0657084322
0.6397625751
1.2148604832
0.4985955780
1.0022270861
0.8579782067
0.8042265803
0.3601321718
1.3454270739
0.4960204162
1.3169823189
0.3783493706
1.3499816481
0.3816016540
1.4300648827
0.1707734733
1.5136019013
0.3230196628
1.4556374341
0.3183893627
1.4011036221
0.2081768417
1.4293662140
0.4055544903
1.2527086391
0.1154606322
1.7634363655
-0.7313267088
1.7193367876
-0.0057844791
1.5950087478
0.2039478306
1.6296519723
0.1537587831
1.2498865966
0.3409724291
1.1624101944
0.4978228626
1.1849692374
0.5831764683
0.9143449380
0.7831829514
1.1033398037
0.6917302462
1.0229936784
0.4225930953
1.0903433910
0.6903196070
1.1267227320
0.6206039472
0.5347345327
1.3212765844
0.5107919088
1.2828314650
0.5297583851
1.1600410403
0.3454222305
1.4207246750
0.2359271661
1.2555604964
0.4699454922
1.2843285136
0.5335065264
1.2953866004
0.5559182241
0.6336422391
0.9923361255
0.5625999494
1.1733289942
0.5282909987
1.2601176990
0.4408362479
1.2828971207
0.3066976108
1.5408265074
-0.7782303489
2.1148430935
-1.0051987346
1.4903501979
0.1941146394
1.5741658475
-0.2390425687
0.6802470643
1.0587816209
0.6864560142
1.1713746215
0.6492279621
1.0749273480
0.4225818378
1.3308546310
0.3251880242
1.2747718335
0.6035862656
1.1714248536
0.6481067129
1.0736388382
0.7913976305
0.9402675789
0.8705939868
0.8988923359
0.9135648913
0.5985683840
1.0909210425
0.5466057885
1.2550585841
0.4636095646
1.1819045464
0.6158109180
1.1817240057
0.6372603230
1.1468943465
0.6380753267
0.9023501820
0.8250360168
0.6274659932
1.1726866198
0.3437867408
1.2337348598
0.2959887670
0.9771282187
0.8803109345
0.7204241629
0.8741625243
0.8000259186
0.9760550741
0.7544819286
1.1312744916
0.5318081702
1.0555101295
0.7744306294
1.0253875697
0.8397724188
0.9200215775
0.6125038223
0.8285106629
0.1390436090
0.9607890692
0.6947808507
1.0341338744
0.8010200969
0.9704973807
0.7281952719
1.0829221732
0.3476665649
1.4593286600
0.1835300806
1.5575466675
0.1185724070
1.3450434451
0.5212703407
0.7826005695
0.9092571211
0.9404984183
0.6273065698
1.0132919096
0.7299482963
1.1460724813
0.7490344246
0.9092798818
0.8787939911
0.6579347457
0.8343024723
1.0349515832
0.8558435752
0.8335977311
0.9692193120
0.8391449011
0.6282021628
1.2232454743
0.5318828819
1.1012497558
0.7320297908
0.9112817695
0.8248399165
0.9361399949
0.8597106129
0.8963658279
0.8660938061
0.9130400298
0.8306424665
0.7623633903
1.1184979423
0.6601811396
0.9681996571
0.8670816156
0.8964137827
0.8321003491
0.7306297476
1.1245651393
0.7426056345
1.0800221590
0.7458500565
0.2089462301
1.2898788022
0.5399260613
0.9455183824
0.9563868505
0.1436837891
1.4634813102
0.0470371976
1.3524459823
0.5521446588
1.2731453450
0.5147843718
1.0638532240
0.7013994728
0.9981192512
0.8575177425
0.9469755938
0.8766877618
0.9710440157
0.7257194523
1.1319718637
0.7510978416
0.9606313363
0.5897241228
1.1282226229
0.7540046739
1.1043043153
-0.1131300110
1.7561060582
0.0436206705
1.6176151893
-0.1738598769
1.6860755572
-0.0088003244
1.4631126573
0.2107085396
0.5059478691
1.3565121591
0.4356053949
1.3142798393
0.5800207940
1.1635632082
0.7003727849
0.7340915622
0.9506328244
0.7251347680
1.0586258243
0.8089726206
0.9529379357
0.7259424551
0.7757734482
0.9429866655
0.9130360408
0.7603485999
1.0725753089
0.3694651880
1.4161205490
0.4040003225
0.7881083991
0.9346647641
0.7814141979
1.0916759554
0.6811466699
1.1323251934
0.7052019243
0.8268224246
0.8659607604
0.9944038915
0.6363077216
1.0164550779
0.5201929959
1.1848611361
0.6447501688
1.0579462397
0.6253955917
1.1167990056
0.6659898379
1.2118540279
0.5838481897
1.0518358017
0.6623808698
1.0426951104
0.7171185112
1.1140505276
0.2717002606
1.0606077295
0.7199871203
-0.2797330404
1.6263236529
0.1287330663
1.4195632461
0.4389387884
1.1643260732
0.6116075964
1.0997158037
0.7760404754
1.0619125351
0.7790897562
0.8075515456
1.0531462025
0.4677406921
1.2593367932
0.5238566361
1.0993220442
0.8302419332
0.2854855096
1.1054315029
0.5616263070
0.7839899297
1.0646539624
0.6252349167
1.1834631879
0.4911339359
1.3413209884
0.4535847088
1.3453836524
0.0988919596
1.5314681675
0.2336046296
1.4697605437
0.1442320777
1.3180143040
0.5177033557
0.5125879533
1.2681910545
0.5176533001
0.8345991651
0.8823670367
0.8142716142
0.6841638541
1.1839502349
0.5366257524
1.1396402217
0.6549192403
1.1423759681
0.3494301397
1.1265169253
0.5304406797
1.1162693274
0.5324921498
1.1838609275
0.5962188557
1.0464160832
0.6772969513
1.2017634607
0.6445029546
0.9845407519
0.2075447117
1.1947912177
0.5475887705
1.1783104989
0.7038827150
1.0988522531
0.6636668873
0.6414361044
1.0156038081
0.8166870092
1.0821464681
0.5821703207
1.2562783026
0.1385153744
0.5783592420
1.1428086219
0.4918368077
1.1745871899
0.6887112211
1.1797462911
0.6159934654
1.2190273221
-0.3702186187
1.8383956693
-0.1971843457
1.3094529728
0.4002312074
1.3667298405
-0.0340498863
1.3222558733
-0.2028212178
1.5309834066
0.2555995530
1.4603441775
0.4111740736
1.1263216870
0.6124765990
1.2209261182
0.6660629013
1.2015765100
0.6156752246
1.0791924125
0.7828907906
0.8828820232
0.7326964237
1.0174751123
0.8390306021
0.2578483907
1.2870756443
0.5556538159
1.2859399505
0.5232800108
1.0310937181
0.6565192332
1.2466679943
0.5875248511
0.8998554663
0.2441881689
1.0679833321
0.7073199090
1.0085862725
0.8580561652
0.8168638498
0.8120411573
0.8790185659
0.6449784884
1.1911815091
0.5638906039
1.2074255095
0.5784046120
1.2451790271
0.5865170013
0.9253509548
0.7333617081
1.1624868425
0.5246048699
1.0375402766
0.5404138501
1.1039964607
0.5372183399
1.2878520841
0.3592572217
1.5035170291
0.3726740374
1.3385167564
0.5137928213
0.9092215163
0.9682870920
0.6372382182
1.0290175486
0.7160535403
1.0607150743
0.8255492361
0.9062674560
0.9134867946
0.5285033804
1.1378092480
0.7127511928
0.9648042120
0.3396019281
1.5282104458
0.2390816057
1.3201107662
0.3632447292
1.4642401345
0.3603448019
1.3501760918
0.3572492782
1.2196736157
0.3907189862
1.2536031808
0.4276467330
1.0514701343
0.7685249242
1.0557166907
0.6917760476
0.9674332723
0.8790661780
0.8726705537
1.0176039501
0.8200843885
0.7964077049
0.8182687980
0.8838345907
0.6608777398
0.9776896410
0.8586069521
0.5205869761
1.0534546401
0.8257661585
1.0680866087
0.7116030488
0.8857853818
0.9318686923
0.6274372740
0.6150661183
0.7249174948
0.8907033767
0.4306153755
1.3651552788
0.4830345223
1.3323646947
0.1372311051
1.5860813472
0.1926013054
1.3028761625
0.4276637258
1.0658933986
0.4404653901
1.3270823444
0.3531511365
1.3278918068
0.2143905879
1.2632957066
0.5375714107
0.9950273920
0.7833061026
0.8697274827
0.7214802647
1.0780115993
0.4010467253
1.3787678172
0.4218704830
1.2343379984
0.1382401855
1.3180744282
0.3164601909
1.4989813944
0.0354771212
1.5059747157
0.1484677195
0.5419022912
0.8539730063
0.8877119501
0.6627220340
0.9777481504
0.7501792553
1.0217640184
0.7984922097
0.9151960856
1.0024787494
0.8786520715
0.9404010928
0.6676568974
0.9859948441
0.7999765709
0.8854816952
0.9252137975
0.3321772573
1.4874014189
-0.1368074156
1.1412968291
0.6330456983
1.2428440462
0.3973371441
1.3234996855
0.4597745511
1.3233073307
0.3250227170
1.3528444674
0.3172943554
0.6762163292
1.0176057027
0.3455055109
1.3469160742
0.4746946573
0.8485177128
0.8925131554
0.7126355087
0.9264779979
0.8660915045
0.9776261398
0.8180964500
0.8819300644
0.8426592258
1.0424865808
0.7896835013
-0.1299222802
1.3758554383
0.2398095198
1.1687920034
0.5319284477
1.1246489942
0.6952496904
1.0525556112
0.4945736908
1.1564933746
0.6132529433
1.2597329866
0.6406323906
1.1011774292
0.3636644211
1.4624427900
0.4129386640
1.1714904107
0.6981247201
1.0088794966
0.7464898433
1.0090886702
0.5291550539
1.2135817130
0.6345057210
1.1744258050
0.5992746581
1.1644515805
0.5147489892
1.3384648309
0.5080215099
0.5809792516
1.1243108852
0.7782923329
1.1178881185
0.7766648321
1.0741404866
0.7149248888
1.1484732384
0.4294324364
1.3796950742
0.3119645802
1.1560342930
0.6965292605
0.9676951313
0.6624890847
1.0498998664
0.8224156926
0.8508363780
1.0565607372
0.7679566313
0.9859782948
0.7779369232
0.9560367893
0.7191910245
0.9137714688
0.8675907193
1.0257393478
0.5827231804
1.2144861298
0.5663383958
0.9156096211
0.8635550247
0.9385436815
0.9536558432
0.5558884296
1.1595250452
0.7390219185
0.9692428490
0.7156628183
1.0964726472
0.7868657589
0.9175422804
0.8008179516
0.5012149320
1.2528350484
0.4990855503
0.8769317458
0.7452431176
1.0654382492
0.4274816663
0.9727383544
0.8893166465
0.9688857615
0.5441347948
1.0274992974
0.7099815335
1.0079654132
0.8081270831
0.6174385768
1.1414400511
0.4575102619
1.3609194723
0.0817380685
1.5386702070
0.1965854839
1.6340628946
0.1500277123
1.5340056862
0.0063902949
0.5059981413
1.2968606414
0.4730946896
1.3617461599
0.1670668747
1.5307670645
0.2065172421
1.4011800572
0.3187072858
1.0160466611
0.5349846770
0.3867102414
0.6605918850
0.5667325473
1.2258238986
0.5943736742
1.2696586955
0.4711168869
1.3468496138
0.2621699409
1.5412043843
0.2631553487
1.5750037901
0.2455744810
1.2267891397
0.5721984432
1.2349338675
0.6667410768
0.8698940065
0.9535714398
0.7604267773
1.0760685016
0.7069468974
0.9613584015
0.4414264342
0.8926500868
0.8354788473
0.9019693028
0.8126173966
1.0887669841
0.7781414795
0.9785978958
0.9128251882
0.6526751438
1.2489748116
0.6037409611
1.0176788266
0.7664152186
1.0404439501
0.8174247993
0.9580360344
0.7912985530
1.1021848642
0.7638267152
0.5124299751
1.2204698773
0.5586577401
1.0485977398
0.7723529826
0.9780962019
0.8070379957
0.9880277742
0.8604172793
0.9010710045
0.8696343870
0.8068156503
1.0800616044
0.8032250619
0.8468942998
0.8459565048
0.8561377073
0.9115863826
0.9179471374
0.7717092941
0.9764288704
0.6611882628
0.2691056392
1.5094040968
-0.0362799529
1.4602982734
0.3617194412
1.4413853538
-0.3075397584
1.5579217552
0.3387616779
1.3419621197
0.4180897378
0.8469532599
0.8718336321
0.9939699102
0.7406751920
1.0930680600
0.7363191734
0.4048286988
1.4048089321
0.3641383091
1.4909607850
0.2396943848
1.2843304544
0.3859569202
1.4322893552
0.1633012748
1.4334729027
0.3109037882
0.4915630558
1.2768797850
0.4998711698
0.8108326105
0.9513679031
0.9398405205
0.8045447425
1.0393957819
0.7129693315
1.1611700867
0.6378850088
1.1294156138
0.6596456886
1.1764028120
0.3992654211
1.2505896827
0.5065854101
1.1007430937
0.7373042822
1.0421693179
0.6934017770
0.9875284473
0.8316729367
1.0256144002
0.8285486393
0.9657057635
0.6363042076
1.1400677849
0.7195555206
0.9910145251
0.8662610310
0.8385481682
0.5966474707
0.9403113672
0.8674369014
0.6508648687
0.8596395120
1.0381867392
0.7599674270
1.0594452795
0.6390483518
1.1103170127
0.7287652728
1.0883672687
0.5100506429
1.3158085684
0.4142126961
1.3467200250
0.1440754085
1.3969693205
-0.0769384275
1.7477466762
0.0700856649
1.7138559700
-0.1451056128
1.9684813120
-0.4124941733
0.6720443982
1.2150901346
0.5086164716
1.2525394961
0.5675993687
1.2812178899
0.3465935845
1.2399011171
0.6377620341
1.1952835237
0.4602152101
1.0819959899
0.4226443973
0.8365437137
1.0265127291
0.8188476167
0.8265175866
0.9750507737
0.7701001009
1.1385486569
0.7016100701
1.0816802538
0.6396856478
1.1020067285
0.5507381573
1.2015241534
0.5123660270
1.3028421219
0.5174626047
1.3247922509
0.4884724757
1.3698830842
0.3229364429
1.3690890003
0.3659821381
1.3083121569
0.3768973259
1.2600043805
0.3487956223
1.1649425038
0.7378873213
1.0532327480
0.6204776230
1.2501459410
0.6444572035
0.8125223055
1.0468354858
0.7803078824
1.0153370045
0.3546712575
1.2727505584
0.5496562953
1.0579746281
0.8553790219
0.8686398535
0.9333684174
0.7200926399
0.9333442883
0.8674277366
1.0287253691
0.7478785261
1.1240907042
0.6346066469
0.9253715810
0.8948082376
0.9239533248
0.8991159051
0.5908533181
0.7883057180
0.6110312291
1.0911861491
0.8038790743
0.9897559905
0.7461484655
1.0390838622
0.7664013976
0.9033634571
0.7677328499
0.8273876799
0.9920219399
0.8620158988
1.0391710832
0.8383261409
0.9204760779
0.5385777545
1.1151973988
0.7732807631
1.0185611329
0.7085984132
1.1203877214
