1.000000
0.784757
0.712331
0.664450
0.641269
0.625015
0.602596
0.585515
0.576832
0.568678
0.557538
0.551233
0.537676
0.536442
0.536693
0.532730
0.529246
0.522297
0.517780
0.514385
0.521162
0.513724
0.508028
0.496995
0.496368
0.495722
0.493956
0.481413
0.478747
0.472911
0.468985
0.467527
0.462281
0.456091
0.456716
0.458018
0.464313
0.459125
0.451598
0.456978
0.454928
0.451495
0.452018
0.450504
0.445495
0.443995
0.447909
0.443373
0.440655
0.433222
0.429187
0.426645
0.428642
0.423468
0.422041
0.417025
0.424915
0.420035
0.410176
0.402838
0.395267
0.395969
0.393050
0.387722
0.387117
0.379534
0.378067
0.378614
0.379069
0.379067
0.373662
0.368816
0.365296
0.363415
0.359689
0.362755
0.363801
0.366569
0.363033
0.353084
0.351523
0.343130
0.353267
0.355229
0.353818
0.351670
0.342411
0.344648
0.349062
0.344514
0.345090
0.341293
0.348711
0.346153
0.335265
0.331645
0.329258
0.327607
0.318064
0.318730
0.320183
0.315390
0.316652
0.310280
0.307992
0.305468
0.308750
0.303584
0.288942
0.286520
0.280660
0.277032
0.268719
0.261562
0.263418
0.263437
0.253249
0.252089
0.254662
0.253729
0.262258
0.254186
0.254313
0.244763
0.245516
0.237605
0.228794
0.230863
0.233165
0.230667
0.230877
0.220145
0.220751
0.227248
0.226182
0.221600
0.216359
0.208983
0.215422
0.218089
0.218240
0.220075
0.226645
0.227394
0.226738
0.219875
0.223533
0.217023
0.214322
0.203718
0.202912
0.204782
0.202485
0.198527
0.193731
0.191214
0.181381
0.177672
0.182175
0.181686
0.180642
0.185586
0.180347
0.172864
0.175867
0.174915
0.173815
0.171414
0.172771
0.167956
0.173174
0.164049
0.171566
0.167478
0.164180
0.165904
0.167357
0.161932
0.160137
0.167323
0.165978
0.162997
0.158874
0.155597
0.152885
0.153234
0.155318
0.155710
0.158280
0.161792
0.160861
0.156544
0.162376
0.151298
0.152950
0.147725
0.144717
0.145318
0.133629
0.139879
0.138645
0.143032
0.148400
0.144481
0.144802
0.144512
0.144197
0.141758
0.136585
0.137057
0.132085
0.129363
0.130692
0.127676
0.125507
0.120891
0.115052
0.105819
0.104981
0.100187
0.102443
0.101535
0.108224
0.108490
0.107542
0.103910
0.107463
0.105364
0.099500
0.101011
0.096691
0.105584
0.099709
0.100345
0.096144
0.091907
0.089409
0.086052
0.085773
0.082651
0.075400
0.063982
0.068951
0.066637
0.065755
0.066027
0.059724
0.063771
0.072570
0.071875
0.069852
0.066562
0.059594
0.065591
0.061690
0.061733
0.059824
0.063982
0.072943
0.068583
0.058318
0.055748
0.060018
0.063286
0.060016
0.052211
0.055266
0.057006
0.058466
0.055499
0.050490
0.049782
0.051566
0.048813
0.047618
0.050522
0.052117
0.058197
0.054364
0.059862
0.056912
0.052580
0.045385
0.043602
0.039480
0.038893
0.034990
0.037531
0.037971
0.032912
0.027644
0.020313
0.022623
0.022219
0.024203
0.019622
0.016513
0.011387
0.015231
0.018365
0.014046
0.023352
0.026982
0.025264
0.022298
0.016925
0.014721
0.013735
0.008812
0.003412
0.007506
0.007406
0.009213
0.010988
0.006906
0.012348
0.007676
-0.000263
-0.003033
0.009773
0.000758
0.003883
0.003806
-0.002210
0.000554
-0.002191
-0.000789
-0.002327
-0.004521
-0.007616
-0.008444
-0.006588
-0.008228
-0.007218
-0.019952
-0.018323
-0.016579
-0.010891
-0.012251
-0.020132
-0.018227
-0.020108
-0.020429
-0.021393
-0.021014
-0.021656
-0.014861
-0.014531
-0.016835
-0.018050
-0.021827
-0.022849
-0.017314
-0.022957
-0.024081
-0.021084
-0.023858
-0.026274
-0.028375
-0.026409
-0.024829
-0.026273
-0.017006
-0.024204
-0.020043
-0.022378
-0.025589
-0.017189
-0.018773
-0.017065
-0.017662
-0.015573
-0.018526
-0.018966
-0.024921
-0.030406
-0.030491
-0.031496
-0.034288
-0.031967
-0.030601
-0.031042
-0.032455
-0.033440
-0.039134
-0.041028
-0.034825
-0.032356
-0.027384
-0.034081
-0.043826
-0.043312
-0.043462
-0.045650
-0.045578
-0.045282
-0.051406
-0.060093
-0.065950
-0.072587
-0.073365
-0.070952
-0.072756
-0.067283
-0.057507
-0.058310
-0.055818
-0.050589
-0.049618
-0.052439
-0.045255
-0.042582
-0.044004
-0.048434
-0.045122
-0.046948
-0.045354
-0.040966
-0.038417
-0.037249
-0.040764
-0.037561
-0.037463
-0.040770
-0.039058
-0.045205
-0.048549
-0.045792
-0.042153
-0.045526
-0.045784
-0.051020
-0.053944
-0.058178
-0.052776
-0.050837
-0.053196
-0.051989
-0.060150
-0.061451
-0.060496
-0.065892
-0.060994
-0.063779
-0.066047
-0.066598
-0.063937
-0.059615
-0.062617
-0.062893
-0.055479
-0.052829
-0.047537
-0.045515
-0.046670
-0.039478
-0.038490
-0.037204
-0.040613
-0.043712
-0.036554
-0.036908
-0.028779
-0.017685
-0.020195
-0.023960
-0.028600
-0.029732
-0.028734
-0.025486
-0.034889
-0.024551
-0.019339
-0.015535
-0.014703
-0.012487
-0.014664
-0.018053
-0.023049
-0.028393
-0.030465
-0.033292
-0.028405
-0.030581
-0.035426
-0.040315
-0.047171
-0.043650
-0.040124
-0.040453
-0.044615
-0.040916
-0.043324
-0.044762
-0.049726
-0.048385
-0.043522
-0.045141
-0.046456
-0.053737
-0.059807
-0.057239
-0.054374
-0.054203
-0.053870
-0.058653
-0.049703
-0.050892
-0.048448
-0.046734
-0.040283
-0.035779
-0.034646
-0.038777
-0.042392
-0.046704
-0.047474
-0.046661
-0.043802
-0.039407
-0.043957
-0.041577
-0.041423
-0.052312
-0.047906
-0.047570
-0.049806
-0.049557
-0.051798
-0.047693
-0.036413
-0.034640
-0.039065
-0.042057
-0.041085
-0.040433
-0.041150
-0.044238
-0.042914
-0.039043
-0.036669
-0.021001
-0.031914
-0.040979
-0.042457
-0.038904
-0.038013
-0.039338
-0.043529
-0.035242
-0.032863
-0.027854
-0.024351
-0.024831
-0.022271
-0.023215
-0.010108
-0.000549
-0.000830
0.005384
0.002591
0.002742
-0.003419
-0.010140
-0.006752
-0.011094
-0.004704
0.001044
-0.004775
-0.009526
-0.008078
-0.006168
-0.013468
-0.011016
-0.009871
-0.006709
-0.012964
-0.009176
-0.010193
-0.009643
-0.006453
-0.001674
-0.002077
-0.000152
-0.007407
-0.012246
-0.016539
-0.024387
-0.024556
-0.021315
-0.024244
-0.027415
-0.035538
-0.024051
-0.022983
-0.018572
-0.012852
-0.009051
-0.005441
-0.009515
-0.005030
-0.005390
-0.009578
-0.007291
-0.004571
-0.012306
-0.007210
-0.008958
-0.008841
-0.005232
-0.004506
-0.008644
-0.006587
-0.001603
0.002360
0.010887
0.003680
0.011789
0.021170
0.014235
0.013797
0.011810
0.013200
0.013368
0.008704
0.003795
-0.004784
-0.014316
-0.020909
-0.011933
-0.014852
-0.015105
-0.017499
-0.015257
-0.015459
-0.011619
-0.013239
-0.013412
-0.007926
-0.000529
-0.001652
0.003457
0.005235
0.008921
0.009789
0.008221
0.004471
0.004001
0.005797
0.008656
0.011845
0.009495
0.009499
0.009316
0.006453
-0.006029
-0.011242
-0.006681
-0.002376
-0.006450
-0.002758
0.002308
0.005606
0.011155
0.009920
0.007202
0.006155
0.007902
0.013188
0.013579
0.006706
0.008115
0.006071
0.010944
0.015056
-0.000049
-0.002822
-0.004805
-0.006976
-0.009707
-0.020518
-0.020371
-0.021481
-0.022579
-0.018258
-0.013681
-0.009738
-0.011609
-0.007938
-0.002783
-0.000396
-0.005544
-0.007273
-0.002159
-0.007343
-0.008955
-0.011499
-0.009700
-0.012662
-0.013918
-0.004070
-0.000273
-0.008777
-0.011295
-0.011527
0.000879
-0.007067
-0.006525
-0.008700
-0.010814
-0.009711
-0.011781
-0.020624
-0.017731
-0.017271
-0.016640
-0.019290
-0.013906
-0.022086
-0.020029
-0.021958
-0.018962
-0.016287
-0.017270
-0.012447
-0.014242
-0.012190
-0.009831
-0.011632
-0.009666
-0.011587
-0.007391
-0.008019
-0.008558
-0.011883
-0.001345
-0.006673
-0.003143
-0.014274
-0.020659
-0.020115
-0.023258
-0.024587
-0.011192
-0.017598
-0.016428
-0.020090
-0.018017
-0.019756
-0.021282
-0.009901
-0.003076
-0.012542
-0.007105
-0.005844
-0.011384
-0.011406
-0.005259
0.000102
-0.001191
-0.016957
-0.006179
-0.007762
-0.000559
0.001613
0.001045
0.003944
0.007581
0.006390
0.004030
0.006862
0.002701
0.000941
0.002389
-0.001489
-0.011446
-0.013378
-0.014338
-0.012166
-0.004491
0.001910
-0.007307
-0.007369
0.001202
0.003528
0.008062
0.001906
0.000269
-0.002253
-0.005762
-0.002331
-0.006372
-0.008301
-0.007042
-0.011477
-0.008017
-0.013272
-0.003328
0.000277
0.007364
0.004709
0.001491
-0.009366
-0.010372
-0.003844
-0.006327
-0.004766
0.003511
-0.003386
-0.006294
0.000612
0.003687
0.007180
-0.007610
-0.005897
-0.005923
-0.006967
-0.012950
-0.010072
-0.000534
0.007858
0.014376
0.006547
0.008502
0.013527
0.020537
0.013074
0.008470
0.015905
0.016891
0.018447
0.017449
0.017292
0.017389
0.024408
0.027532
0.022437
0.020125
0.019362
0.021704
0.026725
0.028037
0.020906
0.017994
0.017542
0.020980
0.027595
0.021630
0.013092
0.016857
0.021187
0.028629
0.025850
0.019344
0.029190
0.031136
0.036143
0.026780
0.028426
0.023798
0.019353
0.007564
0.000023
0.000853
0.003508
0.011936
0.012630
0.014662
0.014108
0.013552
0.020369
0.022557
0.026893
0.031208
0.029656
0.027674
0.028021
0.037059
0.037525
0.039163
0.041512
0.040499
0.035810
0.041656
0.024192
0.024978
0.028951
0.032701
0.024931
0.024949
0.018700
0.008399
0.010975
0.011324
0.002119
-0.001537
0.001921
0.014930
0.019215
0.021188
0.021076
0.024110
0.031821
0.041922
0.043489
0.037862
0.032815
0.038544
0.029319
0.023582
0.018732
0.016999
0.024842
0.023232
0.023060
0.015227
0.013363
0.014070
0.019726
0.026115
0.029048
0.038111
0.038416
0.040458
0.035969
0.045649
0.050493
0.056558
0.059949
0.062914
0.055045
0.051665
0.059249
0.056608
0.050906
0.046410
0.042928
0.039946
0.041383
0.042135
0.046085
0.048710
0.042531
0.050977
0.051859
0.042898
0.037383
0.034569
0.039574
0.041381
0.035127
0.036020
0.036646
0.035379
0.030691
0.031973
0.029686
0.021608
0.024281
0.020047
0.019547
0.016077
0.022854
0.022220
0.028211
0.036879
0.030889
0.027069
0.018848
0.021742
0.024941
0.027761
0.027468
0.022091
0.015427
0.015562
0.015045
0.021855
0.013636
0.014817
0.014915
0.010177
0.007363
0.001858
-0.000573
0.008085
0.003235
0.000372
-0.003489
0.009139
0.014497
0.018079
0.018138
0.020237
0.021858
0.017709
0.014348
0.011561
0.007601
0.005981
0.009419
0.016370
0.013257
0.012321
0.014986
0.015253
0.020443
0.016158
0.011569
0.018364
0.028936
0.028287
0.021579
0.025071
0.020583
0.025695
0.021946
0.023012
0.018834
0.015065
0.018633
0.027456
0.018193
0.019489
0.008844
0.013236
0.018709
0.017053
0.019003
0.020331
0.031365
0.035065
0.032271
0.034771
0.036605
0.030915
0.028176
0.024382
0.022538
0.014138
0.012642
0.021068
0.015426
0.020292
0.018977
0.017991
0.018710
0.022087
0.021305
0.015963
0.019015
0.008903
0.008183
0.006806
0.007265
0.015979
0.012154
0.023006
0.023099
0.013378
0.004332
-0.001572
0.009494
0.004381
0.002474
0.000328
0.002836
-0.001439
-0.002065
0.008463
0.006506
0.004942
0.007635
0.010688
0.006700
0.009623
0.002668
0.005861
0.001350
0.003344
0.000561
-0.003560
0.007374
0.012555
0.009196
0.005942
0.015408
0.017699
0.013482
0.001862
-0.000530
0.009599
0.005225
0.003485
-0.001702
0.002576
0.000790
0.000211
-0.000590
0.004833
-0.001187
0.006249
0.007780
0.009035
0.010362
0.009523
0.009796
0.012048
0.007688
0.010592
0.012382
0.006723
0.004840
0.014040
0.008427
0.004504
0.003853
-0.000105
0.003069
-0.002398
-0.002655
0.005617
0.005336
0.012006
0.008351
0.008266
0.003128
0.005013
-0.000315
-0.006756
-0.003619
0.004533
0.002476
-0.002707
0.001394
0.008334
-0.001323
-0.003973
-0.007047
-0.008433
-0.012368
-0.004694
-0.008364
-0.004365
-0.005586
-0.002218
-0.008866
-0.004044
-0.018992
-0.018614
-0.019092
-0.016281
-0.015804
-0.011295
-0.008124
-0.000087
0.001247
0.009605
0.008497
0.014940
0.003752
0.007114
0.007943
0.012709
0.010894
0.007760
-0.003956
-0.000843
-0.001103
-0.007057
-0.007400
-0.000970
-0.001569
-0.008665
-0.006586
-0.006012
-0.004493
0.002830
0.011998
0.020508
0.024342
0.024340
0.028192
0.023967
0.016947
0.017955
0.014165
0.006015
0.003508
0.001776
0.006087
0.015986
0.023773
0.025162
0.017569
0.018523
0.018861
0.013657
0.024424
0.027153
0.019625
0.023227
0.024357
0.028363
0.027887
0.026667
0.019200
0.026563
0.028228
0.032296
0.030351
0.030980
0.026884
0.022804
0.022893
0.024719
0.022908
0.025172
0.037749
0.040266
0.043494
0.048103
0.043613
0.057084
0.054344
0.057706
0.055821
0.060152
0.062410
0.057146
0.048783
0.039232
0.029512
0.027775
0.039333
0.045808
0.042360
0.039075
0.040561
0.040872
0.035845
0.036305
0.039392
0.041535
0.044563
0.047460
0.046470
0.053215
0.051527
0.050723
