1.000000
0.865987
0.747251
0.638791
0.552671
0.477023
0.410548
0.351001
0.306188
0.268352
0.237752
0.212939
0.190740
0.168960
0.149275
0.130065
0.112223
0.089950
0.072402
0.060776
0.052309
0.044872
0.039846
0.031441
0.026913
0.018282
0.015816
0.007314
0.011065
0.016774
0.021864
0.025515
0.030430
0.030642
0.028538
0.027423
0.022315
0.012782
-0.000786
-0.011242
-0.020433
-0.030217
-0.033492
-0.040745
-0.042446
-0.038107
-0.030411
-0.024625
-0.019912
-0.020803
-0.019601
-0.020284
-0.015825
-0.018790
-0.025148
-0.027532
-0.026770
-0.026223
-0.025180
-0.023289
-0.023132
-0.023868
-0.021194
-0.019768
-0.019020
-0.018770
-0.010097
-0.003087
0.002641
0.004763
0.002365
0.003545
-0.002637
-0.005676
-0.008426
-0.012345
-0.017297
-0.024191
-0.030723
-0.039043
-0.046994
-0.053394
-0.054470
-0.053641
-0.050789
-0.048225
-0.046807
-0.039237
-0.030333
-0.021918
-0.013119
-0.007016
-0.000245
-0.002444
-0.006831
-0.011600
-0.020573
-0.025964
-0.034305
-0.039416
-0.039230
-0.033204
-0.023532
-0.011300
-0.002714
0.007324
0.011826
0.017896
0.017266
0.020807
0.019451
0.016245
0.009341
0.000523
-0.007818
-0.014643
-0.024743
-0.024937
-0.021101
-0.014629
-0.006977
-0.010022
-0.013172
-0.020831
-0.026921
-0.033995
-0.040468
-0.042462
-0.044804
-0.049180
-0.055812
-0.064632
-0.066434
-0.063755
-0.059621
-0.055606
-0.046218
-0.042969
-0.033362
-0.029183
-0.024905
-0.016621
-0.005926
0.005473
0.014362
0.016173
0.016562
0.012558
0.010634
0.011179
0.014004
0.012283
0.007306
0.003348
0.001083
-0.006818
-0.019418
-0.026170
-0.026185
-0.027419
-0.030914
-0.036956
-0.045599
-0.051718
-0.056386
-0.061800
-0.064712
-0.063114
-0.059795
-0.056678
-0.053003
-0.056926
-0.049290
-0.039606
-0.029741
-0.026872
-0.021805
-0.018107
-0.015423
-0.015475
-0.016676
-0.017807
-0.016265
-0.012629
-0.009327
-0.008374
-0.000239
0.007102
0.010227
0.005662
-0.000524
-0.004839
-0.009330
-0.016840
-0.019052
-0.020451
-0.020716
-0.015139
-0.008921
-0.002877
0.002962
0.007225
0.011243
0.015642
0.016346
0.018637
0.021551
0.025758
0.026336
0.027557
0.029395
0.028818
0.030599
0.029316
0.028119
0.027591
0.024376
0.017269
0.009407
-0.002157
-0.007922
-0.013032
-0.011729
-0.009115
-0.005122
-0.003454
0.004845
0.005999
0.002899
0.002211
-0.000969
-0.000135
-0.000862
0.001214
0.004398
0.007524
0.012609
0.012834
0.010604
0.002410
-0.007628
-0.017247
-0.024698
-0.025786
-0.025886
-0.025743
-0.025970
-0.019411
-0.014844
-0.002460
0.008499
0.018558
0.022079
0.023575
0.016936
0.013283
0.009968
0.008324
0.008202
0.000080
-0.009477
-0.007173
-0.001912
-0.001129
-0.002167
-0.005660
-0.002722
0.001911
0.005512
0.002331
-0.002016
-0.003044
-0.007225
-0.015776
-0.021243
-0.022356
-0.026113
-0.021299
-0.023001
-0.019850
-0.017802
-0.019373
-0.019835
-0.015832
-0.020569
-0.025784
-0.027181
-0.031841
-0.035762
-0.041432
-0.042136
-0.042668
-0.035636
-0.024877
-0.013785
-0.002018
0.006511
0.014388
0.024239
0.033486
0.039420
0.040532
0.038638
0.031686
0.018698
0.002602
-0.011390
-0.022243
-0.030963
-0.036329
-0.035415
-0.029277
-0.013638
0.000747
0.010936
0.024320
0.030947
0.029306
0.028231
0.029593
0.026628
0.023655
0.020802
0.027541
0.039281
0.051363
0.059215
0.072974
0.081355
0.080702
0.076504
0.067995
0.060481
0.056704
0.048651
0.044833
0.040288
0.043962
0.048677
0.046445
0.039146
0.040954
0.045390
0.052371
0.056931
0.060652
0.063115
0.057711
0.050538
0.042494
0.038296
0.032253
0.026968
0.024287
0.023894
0.020762
0.017948
0.011003
0.003252
-0.004397
-0.011792
-0.022031
-0.026202
-0.034786
-0.042156
-0.049135
-0.058680
-0.061803
-0.068610
-0.077217
-0.084112
-0.087530
-0.094999
-0.093153
-0.090196
-0.086360
-0.081744
-0.080345
-0.076488
-0.071941
-0.069033
-0.069997
-0.069202
-0.067725
-0.068842
-0.067523
-0.059959
-0.046076
-0.035350
-0.026687
-0.014232
0.002829
0.014515
0.013313
0.009005
0.006364
-0.001673
-0.011012
-0.022696
-0.030967
-0.032619
-0.025417
-0.008019
0.009196
0.030368
0.047134
0.056421
0.058670
0.056807
0.052264
0.056348
0.058076
0.058203
0.063849
0.067554
0.067795
0.067316
0.070200
0.067753
0.067367
0.064764
0.059569
0.053633
0.047972
0.043392
0.035603
0.030215
0.020458
0.004989
-0.009280
-0.019948
-0.026375
-0.034257
-0.034750
-0.032907
-0.035860
-0.038133
-0.037237
-0.037530
-0.032257
-0.031701
-0.034477
-0.032467
-0.031816
-0.035365
-0.032672
-0.031007
-0.031197
-0.029494
-0.023613
-0.011230
-0.004172
-0.000191
0.003987
0.006123
0.008506
0.007841
0.010269
0.010373
0.014457
0.019681
0.026218
0.036314
0.044635
0.047813
0.049168
0.049448
0.045507
0.037267
0.031245
0.024536
0.019436
0.011386
0.011523
0.012651
0.011225
0.005494
-0.005464
-0.011836
-0.017348
-0.014359
-0.011836
-0.005578
-0.002033
-0.002095
-0.001100
0.003115
0.004269
0.003163
-0.002618
-0.015045
-0.027759
-0.036579
-0.038259
-0.044968
-0.047297
-0.046654
-0.043480
-0.040436
-0.043682
-0.043857
-0.045806
-0.042876
-0.045511
-0.052462
-0.055064
-0.053687
-0.056620
-0.062160
-0.069144
-0.073983
-0.076031
-0.072640
-0.072256
-0.073712
-0.072336
-0.072255
-0.068815
-0.067328
-0.066722
-0.068797
-0.071369
-0.075331
-0.078155
-0.075699
-0.073068
-0.069084
-0.070746
-0.074047
-0.071222
-0.069301
-0.070694
-0.069717
-0.069951
-0.069308
-0.071135
-0.076348
-0.079716
-0.076307
-0.069874
-0.063063
-0.057226
-0.058039
-0.064301
-0.067537
-0.071253
-0.070325
-0.071369
-0.071584
-0.068847
-0.060553
-0.046381
-0.040887
-0.032837
-0.023176
-0.015804
-0.008089
-0.001302
-0.002704
0.005029
0.005602
0.009628
0.012361
0.017514
0.028433
0.040222
0.047290
0.053168
0.052240
0.053162
0.052409
0.048533
0.046830
0.042800
0.040593
0.035648
0.033423
0.036925
0.037203
0.037038
0.037703
0.031450
0.022501
0.017506
0.007996
0.002196
0.001245
0.005355
0.013054
0.018185
0.018115
0.018311
0.019567
0.027338
0.029519
0.030481
0.034555
0.035446
0.034907
0.034462
0.037291
0.037582
0.038086
0.037522
0.033302
0.031503
0.029718
0.031710
0.031362
0.032388
0.033977
0.035010
0.032207
0.029009
0.024181
0.027742
0.029638
0.034402
0.041250
0.039984
0.043628
0.049202
0.051379
0.050147
0.049479
0.045379
0.046808
0.049383
0.051338
0.050427
0.044767
0.041735
0.037901
0.030204
0.016954
0.003658
-0.010565
-0.019079
-0.022145
-0.020015
-0.015230
-0.003619
0.000737
0.005160
0.007464
0.009320
0.011482
0.011739
0.009132
0.004602
0.006805
0.007009
0.004890
0.005257
0.001789
-0.002043
-0.002048
0.002487
0.006228
0.008310
0.014574
0.020131
0.027134
0.032195
0.032319
0.031734
0.034154
0.031594
0.029871
0.028632
0.029007
0.023491
0.021633
0.016593
0.018580
0.018038
0.018765
0.019249
0.020517
0.023584
0.019948
0.016013
0.011315
0.009364
0.013850
0.023924
0.031182
0.032286
0.029734
0.028403
0.029333
0.025875
0.026250
0.025077
0.023173
0.015882
0.001185
-0.011678
-0.025680
-0.033510
-0.032987
-0.033705
-0.034674
-0.037828
-0.033277
-0.027312
-0.025228
-0.019458
-0.010472
-0.003327
0.001966
0.009488
0.014689
0.018401
0.019561
0.019784
0.021594
0.024794
0.029609
0.034168
0.039421
0.044921
0.046591
0.039155
0.027825
0.016867
0.009916
0.003760
0.000518
0.006594
0.010738
0.015230
0.013778
0.012325
0.007135
0.005900
0.001926
0.004544
0.001600
-0.001367
-0.005258
-0.007318
-0.009948
-0.008934
-0.012998
-0.016090
-0.022310
-0.026399
-0.027286
-0.024273
-0.015441
-0.008341
0.000821
0.009588
0.015562
0.017529
0.021274
0.028515
0.030610
0.030800
0.024084
0.024222
0.023238
0.022798
0.022136
0.023923
0.026950
0.030478
0.032293
0.031396
0.031359
0.025035
0.019941
0.018970
0.015597
0.015962
0.019407
0.020034
0.014837
0.015582
0.012400
0.002418
-0.008971
-0.014178
-0.022136
-0.027930
-0.040913
-0.047563
-0.058708
-0.061504
-0.064728
-0.064946
-0.067922
-0.071348
-0.072502
-0.068213
-0.062103
-0.056257
-0.055705
-0.052152
-0.048954
-0.043822
-0.036942
-0.034177
-0.024761
-0.012441
-0.002356
0.005797
0.012384
0.012946
0.016747
0.020087
0.026091
0.031056
0.037850
0.043254
0.046250
0.046705
0.048534
0.055151
0.058203
0.062312
0.058373
0.054543
0.059294
0.067496
0.069670
0.071088
0.078474
0.087128
0.093403
0.088613
0.075534
0.055947
0.036117
0.012973
-0.010511
-0.030817
-0.045040
-0.053689
-0.061351
-0.065601
-0.071195
-0.071315
-0.064524
-0.060843
-0.060180
-0.066284
-0.072802
-0.073847
-0.070074
-0.066527
-0.064480
-0.063302
-0.053844
-0.044953
-0.039485
-0.042317
-0.042918
-0.041423
-0.039785
-0.041779
-0.044537
-0.047370
-0.040623
-0.031972
-0.017876
-0.007326
-0.006922
-0.006889
-0.008650
-0.006325
-0.005842
-0.008291
-0.013455
-0.013173
-0.007219
0.008764
0.020290
0.036781
0.048695
0.052232
0.051957
0.046958
0.037900
0.029666
0.024750
0.015927
0.010594
0.005457
0.003646
-0.002440
-0.001748
-0.005871
-0.008518
-0.010363
-0.009483
-0.008523
-0.010716
-0.009731
-0.013878
-0.018481
-0.020128
-0.012314
-0.006036
-0.007397
-0.011002
-0.016348
-0.020212
-0.025304
-0.031603
-0.033840
-0.027997
-0.023542
-0.024768
-0.027691
-0.023941
-0.018272
-0.011899
-0.000706
0.005447
0.017554
0.016220
0.017098
0.020180
0.021114
0.022499
0.028881
0.030476
0.029052
0.022685
0.014730
0.013698
0.015071
0.010773
0.004888
-0.001952
-0.009922
-0.019239
-0.025861
-0.031322
-0.038830
-0.045463
-0.038895
-0.030828
-0.024982
-0.019488
-0.019415
-0.014817
-0.015571
-0.026356
-0.035203
-0.042161
-0.049913
-0.060368
-0.067203
-0.069389
-0.067951
-0.062802
-0.058250
-0.054296
-0.045133
-0.039192
-0.031376
-0.025448
-0.013352
-0.000736
0.008660
0.018643
0.030939
0.037593
0.040982
0.043574
0.040713
0.037182
0.024996
0.015614
0.004816
-0.006874
-0.014844
-0.019646
-0.027007
-0.030307
-0.036058
-0.034590
-0.030192
-0.031011
-0.030497
-0.023583
-0.008399
0.003541
0.008954
0.004776
0.002606
0.002555
0.002923
0.001357
-0.000613
0.001676
0.004006
0.007442
0.014828
0.018723
0.021783
0.028097
0.035826
0.041908
0.044351
0.046462
0.052610
0.060468
0.064925
0.067012
0.070405
0.072668
0.074786
0.070816
0.064907
0.052505
0.040695
0.037357
0.039113
0.035385
0.038349
0.044992
0.049456
0.051255
0.048164
0.046239
0.040391
0.038499
0.039092
0.036506
0.033282
0.027569
0.028484
0.030867
0.034219
0.033311
0.035261
0.034637
0.035708
0.035857
0.033791
0.027213
0.024464
0.017939
0.012556
0.001858
-0.005661
-0.012881
-0.024119
-0.028024
-0.025900
-0.024055
-0.015313
-0.007547
0.003940
0.011672
0.010176
0.010186
0.007657
0.013617
0.023295
0.032313
0.039724
0.047876
0.057566
0.068021
0.080993
0.084720
0.084159
0.087443
0.096393
0.100162
0.094353
0.082811
0.079944
0.077968
0.082400
0.089643
0.093917
0.100419
0.095521
0.088359
0.082202
0.079163
0.075376
0.068551
0.063597
0.055528
0.052242
0.046292
0.040730
0.039024
0.044331
0.044889
0.041403
0.034562
0.034191
0.023274
0.015524
0.006133
-0.002651
-0.009626
-0.017071
-0.019295
-0.015938
-0.013157
-0.014758
-0.019727
-0.024707
-0.027387
-0.027591
-0.030504
-0.027017
-0.024536
-0.027938
-0.035217
-0.046354
-0.053036
-0.050686
-0.056355
-0.057153
-0.058103
-0.063167
-0.070765
-0.075212
-0.076173
-0.074168
-0.071999
-0.063242
-0.055564
-0.051304
-0.051304
-0.052511
-0.057481
-0.060155
-0.063788
-0.067369
-0.069743
-0.067646
-0.066558
-0.056550
-0.049504
-0.035362
-0.028171
-0.014663
-0.004629
0.003133
0.007099
-0.000946
-0.007734
-0.012655
-0.009378
-0.004180
0.000731
0.008598
0.017964
0.027773
0.028859
0.031725
0.036362
0.041757
0.039501
0.038876
0.036620
0.037115
0.035856
0.028809
0.024053
0.021760
0.014916
0.006094
0.000735
-0.004277
-0.007283
-0.006047
-0.005751
-0.001592
0.005891
0.011686
0.022710
0.031400
0.036848
0.036353
0.030315
0.030654
0.029998
0.025584
0.018638
0.017731
0.019674
0.018122
0.013413
0.013871
0.015326
0.017307
0.022539
0.022848
0.022513
0.022342
0.018054
0.010829
0.005918
-0.000503
-0.007458
-0.008931
-0.017696
-0.020769
-0.017769
-0.010352
-0.007513
-0.012359
-0.018694
-0.020721
-0.016351
-0.014358
-0.001949
0.009194
0.021049
0.029801
0.031459
0.043159
0.047599
0.052870
0.051628
0.050002
0.037098
0.026100
0.014952
0.005876
0.000263
0.001495
0.005328
0.011254
0.014700
0.012197
0.005144
-0.000166
-0.005756
-0.010798
-0.010466
-0.013849
-0.018004
-0.023015
-0.028834
-0.030221
-0.034672
-0.040074
