0.429083
0.437884
0.515438
0.541495
0.555528
0.583412
0.420855
0.435610
0.286841
0.311185
0.479888
0.502631
0.460841
0.426762
0.432990
0.387152
0.398054
0.318645
0.381210
0.384896
0.421705
0.419661
0.411758
0.382028
0.348442
0.405296
0.415027
0.468639
0.528532
0.472920
0.437980
0.485225
0.395972
0.443033
0.385437
0.461158
0.439649
0.325920
0.300432
0.265908
0.276267
0.295777
0.309681
0.398352
0.506697
0.452566
0.389823
0.394953
0.362387
0.399347
0.386151
0.329399
0.352925
0.390587
0.350728
0.323269
0.282510
0.403825
0.280969
0.353274
0.290097
0.252673
0.242891
0.252237
0.183726
0.322893
0.358998
0.377994
0.320211
0.359951
0.359177
0.222501
0.322600
0.411861
0.352812
0.321333
0.309936
0.358398
0.429202
0.473858
0.545517
0.507156
0.537804
0.437002
0.447976
0.457413
0.520509
0.532510
0.635718
0.590636
0.567672
0.491711
0.382834
0.393648
0.497286
0.451209
0.409809
0.465668
0.351034
0.390153
0.419802
0.411057
0.357560
0.362559
0.410712
0.404395
0.336875
0.367952
0.388629
0.466183
0.579099
0.624269
0.663806
0.688004
0.633665
0.617663
0.567825
0.547984
0.533944
0.487174
0.478824
0.410055
0.471706
0.458473
0.402002
0.388472
0.360154
0.359254
0.411717
0.501451
0.559475
0.632159
0.672800
0.644875
0.634507
0.594390
0.629529
0.569178
0.582562
0.548288
0.574047
0.667629
0.632343
0.580193
0.522694
0.549407
0.647157
0.642884
0.593623
0.610778
0.589825
0.459605
0.503617
0.549667
0.501114
0.543237
0.454588
0.462955
0.581757
0.514381
0.577107
0.492181
0.586671
0.619384
0.608304
0.583418
0.577844
0.507915
0.547826
0.540937
0.598704
0.525627
0.570858
0.608606
0.634541
0.482604
0.466419
0.386645
0.383003
0.334403
0.274420
0.306450
0.396830
0.440494
0.393356
0.380208
0.437890
0.463590
0.533136
0.633184
0.619944
0.598168
0.566694
0.569883
0.577174
0.653394
0.601192
0.573090
0.511715
0.563249
0.549807
0.541770
0.540308
0.485405
0.496960
0.509099
0.514121
0.474265
0.500512
0.406494
0.343253
0.333499
0.319864
0.357681
0.356537
0.386867
0.423525
0.440166
0.425687
0.410716
0.338579
0.276753
0.409985
0.373981
0.357064
0.329898
0.361409
0.337179
0.312270
0.261106
0.348479
0.412956
0.471368
0.512733
0.509008
0.501350
0.587272
0.646953
0.660169
0.641123
0.690194
0.650000
0.673471
0.651807
0.627938
0.613365
0.655772
0.699419
0.633274
0.568683
0.532036
0.546921
0.559864
0.578163
0.555004
0.500647
0.540331
0.495894
0.500943
0.454775
0.456710
0.469884
0.468882
0.496389
0.434131
0.417735
0.375827
0.346685
0.447241
0.437356
0.327724
0.196060
0.202693
0.250308
0.298638
0.447214
0.389350
0.363514
0.383398
0.386823
0.403473
0.420943
0.582581
0.609833
0.554007
0.610543
0.632339
0.576282
0.528340
0.536387
0.549843
0.561723
0.621999
0.606555
0.680120
0.540983
0.559610
0.437561
0.417437
0.430685
0.468110
0.423192
0.487507
0.488338
0.502526
0.463039
0.539487
0.398567
0.501017
0.425704
0.505876
0.521054
0.498138
0.495352
0.545285
0.498020
0.618619
0.698696
0.690846
0.649478
0.619510
0.607687
0.617244
0.595134
0.576685
0.536681
0.547790
0.492040
0.517338
0.515081
0.546708
0.451096
0.449548
0.446672
0.417308
0.428059
0.396600
0.486312
0.438456
0.454654
0.396216
0.423189
0.436252
0.431060
0.331891
0.293049
0.399381
0.422903
0.408135
0.350616
0.394219
0.438864
0.453914
0.407181
0.456739
0.487579
0.579149
0.575012
0.592701
0.613258
0.510042
0.407408
0.338092
0.410345
0.290283
0.343946
0.319038
0.253322
0.225294
0.369474
0.358991
0.382030
0.538854
0.538615
0.483203
0.494367
0.454513
0.351587
0.360562
0.314730
0.320346
0.366313
0.311310
0.272013
0.406184
0.406752
0.335287
0.427290
0.411913
0.424514
0.475727
0.436557
0.433449
0.342466
0.343175
0.315682
0.328737
0.276180
0.331181
0.143928
0.075791
0.148045
0.179592
0.284775
0.260363
0.273516
0.407176
0.456882
0.444728
0.244448
0.279924
0.447228
0.596734
0.608763
0.620048
0.598826
0.621670
0.667616
0.682740
0.684035
0.741400
0.750925
0.750620
0.737767
0.720446
0.726278
0.706112
0.715028
0.683010
0.617916
0.616546
0.636417
0.570597
0.470372
0.444880
0.440919
0.509868
0.490759
0.558962
0.447070
0.560689
0.554077
0.444454
0.402167
0.413864
0.356010
0.487400
0.490070
0.456456
0.516599
0.508471
0.455617
0.480659
0.483738
0.382626
0.373273
0.443003
0.361721
0.454747
0.370953
0.261580
0.275622
0.348360
0.419743
0.473980
0.465767
0.548771
0.524929
0.515301
0.515509
0.468750
0.389043
0.295244
0.335216
0.275252
0.285168
0.283511
0.358376
0.305473
0.196508
0.250386
0.174854
0.195629
0.236559
0.288936
0.334931
0.323873
0.342615
0.378241
0.424299
0.451797
0.419293
0.529098
0.626997
0.588271
0.515689
0.517901
0.566046
0.527827
0.595989
0.546888
0.543013
0.484451
0.523649
0.411320
0.374093
0.429399
0.345482
0.372314
0.422223
0.415462
0.491025
0.426446
0.352756
0.420075
0.498643
0.450829
0.402982
0.476793
0.403907
0.415283
0.447920
0.416554
0.508209
0.517258
0.561087
0.589741
0.566558
0.601060
0.563118
0.575874
0.596091
0.623798
0.634487
0.620823
0.674056
0.596023
0.611529
0.695672
0.650202
0.650282
0.563642
0.577373
0.542711
0.439193
0.434527
0.491378
0.446336
0.399575
0.396863
0.484029
0.416019
0.338071
0.307908
0.325856
0.385402
0.509665
0.429837
0.515611
0.549683
0.520552
0.528721
0.519623
0.583332
0.606247
0.592003
0.643706
0.657144
0.586242
0.674773
0.704942
0.657960
0.593915
0.567708
0.503515
0.558217
0.537936
0.575795
0.587092
0.547100
0.516104
0.455570
0.497456
0.375352
0.387842
0.466107
0.490577
0.524974
0.416294
0.477177
0.549812
0.535392
0.623635
0.612473
0.637791
0.579740
0.537833
0.517639
0.491689
0.466265
0.550737
0.614167
0.577137
0.493060
0.488540
0.581977
0.599305
0.565243
0.611606
0.593006
0.604938
0.542514
0.501142
0.566012
0.499257
0.525413
0.530905
0.523719
0.560994
0.559681
0.507182
0.498942
0.478027
0.477545
0.399962
0.332268
0.255883
0.267305
0.286036
0.294129
0.299432
0.281842
0.246734
0.277716
0.358807
0.371503
0.434064
0.422331
0.433918
0.438634
0.367785
0.360188
0.418409
0.454847
0.535415
0.536372
0.466246
0.544436
0.553460
0.572303
0.554703
0.551238
0.516620
0.527987
0.503798
0.557618
0.543315
0.427437
0.460127
0.486425
0.546016
0.558428
0.493005
0.413333
0.326761
0.342660
0.363270
0.382031
0.415315
0.452084
0.502814
0.471930
0.463001
0.511645
0.569599
0.513286
0.533839
0.502724
0.399086
0.322369
0.274252
0.377096
0.371903
0.439074
0.423062
0.356628
0.304616
0.318897
0.331607
0.368422
0.306880
0.247981
0.287092
0.235323
0.176422
0.167484
0.083565
0.164290
0.176872
0.244936
0.389465
0.375253
0.425881
0.344792
0.377339
0.299114
0.422989
0.460828
0.477872
0.519224
0.485942
0.492435
0.444270
0.447608
0.498937
0.387674
0.350613
0.233018
0.309295
0.352187
0.466122
0.444871
0.404139
0.515029
0.451024
0.523702
0.492486
0.542254
0.431296
0.476491
0.549325
0.409981
0.424006
0.431057
0.386184
0.380600
0.433292
0.477737
0.381986
0.508454
0.551866
0.503356
0.546301
0.536942
0.429386
0.511341
0.559486
0.495155
0.550027
0.537801
0.497822
0.537440
0.518682
0.519054
0.500832
0.427505
0.456526
0.436650
0.532355
0.625453
0.568256
0.633527
0.640199
0.663918
0.653093
0.655671
0.660231
0.670421
0.655520
0.665905
0.634135
0.513621
0.469776
0.451614
0.298394
0.325802
0.403962
0.423952
0.435688
0.493269
0.571610
0.561094
0.560160
0.565827
0.522679
0.553016
0.502330
0.422615
0.348815
0.249887
0.217446
0.259720
0.226477
0.159604
0.344010
0.469145
0.485862
0.471440
0.443723
0.430393
0.434127
0.439959
0.426820
0.385867
0.350783
0.378206
0.380606
0.314969
0.465903
0.540888
0.469371
0.501011
0.505591
0.570555
0.539338
0.557928
0.589247
0.469092
0.517823
0.596225
0.626791
0.656027
0.591288
0.565922
0.505813
0.458312
0.463242
0.418144
0.363809
0.319749
0.286755
0.356644
0.357862
0.482943
0.542561
0.538444
0.588590
0.490165
0.483855
0.459030
0.511586
0.562457
0.596344
0.589403
0.626683
0.495768
0.478884
0.484133
0.542592
0.493716
0.416664
0.363055
0.311690
0.381569
0.438446
0.487769
0.443135
0.459589
0.543049
0.461696
0.526566
0.500849
0.479891
0.411643
0.326286
0.380526
0.382038
0.330616
0.431780
0.486471
0.596422
0.638624
0.628173
0.680184
0.650839
0.660279
0.622334
0.582806
0.544631
0.590911
0.611089
0.663749
0.557715
0.573521
0.638667
0.651852
0.627241
0.669827
0.576403
0.575249
0.571714
0.602077
0.629199
0.610845
0.592823
0.530332
0.516374
0.545800
0.586009
0.546166
0.524993
0.409024
0.461214
0.417771
0.455196
0.496031
0.540934
0.506664
0.433472
0.539123
0.583092
0.643865
0.503653
0.520275
0.536198
0.527636
0.589198
0.656394
0.638104
0.668407
0.646460
0.573047
0.496831
0.427047
0.403033
0.351929
0.362408
0.366096
0.378966
0.353141
0.375918
0.439861
0.436361
0.453221
0.418621
0.385700
0.453140
0.467048
0.421184
0.442404
0.510187
0.406144
0.361877
0.338927
0.359588
0.360416
0.391394
0.493915
0.404788
0.444414
0.311287
0.367312
0.265975
0.413117
0.416883
0.399069
0.321403
0.440595
0.492456
0.458988
0.493544
0.511137
0.504101
0.577681
0.488478
0.445088
0.434193
0.515637
0.494879
0.610391
0.575442
0.548501
0.492043
0.536694
0.540516
0.583662
0.644446
0.606463
0.593240
0.530962
0.537452
0.522283
0.439119
0.371140
0.421171
0.350438
0.407750
0.440740
0.383229
0.310868
0.368728
0.329617
0.323055
0.419044
0.414330
0.470089
0.480668
0.395448
0.510734
0.543887
0.476735
0.521550
0.549972
0.590928
0.606518
0.570907
0.501547
0.501577
0.531558
0.563967
0.577666
0.596889
0.539995
0.530286
0.520748
0.543018
0.573779
0.553856
0.647860
0.663607
0.617591
0.673583
0.664053
0.660474
0.637549
0.577842
0.523532
0.509906
0.491754
0.410447
0.366751
0.277914
0.256251
0.188659
0.210191
0.376980
0.245137
0.217756
0.276277
0.338081
0.256723
0.249153
0.212424
0.245835
0.220221
0.291601
0.335604
0.349456
0.415938
0.419379
0.389910
0.347104
0.347199
0.289709
0.270650
0.354341
0.379877
0.498830
0.550151
0.606416
0.601051
0.576839
0.659098
0.706563
0.646165
0.601559
0.563799
0.652828
0.659432
0.609050
0.592697
0.591643
0.625371
0.631607
0.612982
0.571828
0.574495
0.544276
0.606654
0.568077
0.587222
0.489304
0.552778
0.475850
0.496424
0.562349
0.555309
0.604795
0.509419
0.545443
0.503709
0.511284
0.401507
0.493203
0.570252
0.494027
0.521208
0.519214
0.506646
0.415424
0.335615
0.251547
0.271416
0.291671
0.373096
0.416766
0.476968
0.483684
0.481416
0.524821
0.586555
0.579643
0.528686
0.587314
0.623494
0.548937
0.555859
0.487393
0.463346
0.460454
0.388827
0.424037
0.370326
0.338718
0.473135
0.494641
0.511201
0.522182
0.518681
0.464309
0.446950
0.351065
0.419004
0.456903
0.513642
0.531905
0.482715
0.499212
0.396756
0.432107
0.423409
0.432652
0.471653
0.567710
0.494918
0.456820
0.350362
0.413882
0.416257
0.399405
0.292714
0.362859
0.386280
0.484016
0.462653
0.501170
0.541009
0.547542
0.569306
0.635168
0.687185
0.670873
0.673938
0.639227
0.687146
0.634836
0.631732
0.508423
0.529774
0.590687
0.571249
0.627539
0.577662
0.637430
0.583776
0.634510
0.562816
0.532512
0.572548
0.521486
0.463199
0.516334
0.513792
0.538756
0.590492
0.704795
0.691593
0.700962
0.666756
0.581938
0.531507
0.493324
0.441807
0.385647
0.370932
0.386087
0.530455
0.571700
0.581739
0.623249
0.615330
0.591331
0.597510
0.614019
0.595047
0.571277
0.517896
0.555215
0.592547
0.641138
0.655953
0.609203
0.652295
0.620988
0.611952
0.622768
0.625633
0.668750
0.601362
0.584164
0.541590
0.506214
0.502248
0.498628
0.415176
0.443255
0.467254
0.603183
0.633303
0.634153
0.650729
0.609182
0.648928
0.609872
0.503749
0.573681
0.634044
0.614791
0.536826
0.473550
0.468742
0.406101
0.401286
0.274587
0.315544
0.386839
0.450455
0.465351
0.467020
0.459619
0.476692
0.412892
0.552061
0.461777
0.419016
0.482675
0.385394
0.524496
0.572670
0.496160
0.503058
0.573994
0.616614
0.541215
0.500471
0.562076
0.564416
0.462045
0.389294
0.391849
0.521084
0.616776
0.640814
0.682158
0.593142
0.571543
0.412194
0.412821
0.480246
0.560275
0.493925
0.472217
0.368858
0.299797
0.347003
0.292302
0.273431
0.203432
0.221551
0.040113
0.290775
0.292871
0.300762
0.302479
0.360834
0.358871
0.366114
0.376257
0.417747
0.312051
0.408361
0.389984
0.490269
0.421256
0.379022
0.418673
0.375370
0.479878
0.465357
0.493242
0.414695
0.467428
0.515418
0.513819
0.561140
0.553220
0.554450
0.516194
0.508421
0.483580
0.533794
0.544440
0.428552
0.458391
0.453668
0.556843
0.537253
0.515121
0.580076
0.585277
0.596585
0.614578
0.605017
0.539665
0.504676
0.450310
0.374014
0.419210
0.451478
0.557745
0.596520
0.604490
0.574060
0.510239
0.465133
0.509401
0.481139
0.476417
0.412762
0.492769
0.491568
0.417831
0.375788
0.419377
0.411254
0.472177
0.471230
0.478878
0.464053
0.501123
0.489043
0.543320
0.556971
0.588768
0.617149
0.580771
0.479608
0.515433
0.483413
0.539758
0.453137
0.520108
0.520412
0.479249
0.517301
0.429647
0.420496
0.406140
0.406152
0.408381
0.408024
0.359656
0.398052
0.382154
0.367522
0.480393
0.495911
0.492686
0.535162
0.548002
0.500303
0.525382
0.580959
0.637484
0.588343
0.575720
0.461017
0.507594
0.485349
0.588772
0.548987
0.569611
0.514935
0.491548
0.467983
0.396718
0.399938
0.334945
0.314856
0.385700
0.423693
0.383731
0.297425
0.305681
0.369534
0.428844
0.385647
0.312529
0.302501
0.269014
0.388345
0.374116
0.480246
0.515104
0.494328
0.468426
0.522937
0.546353
0.498864
0.584643
0.542484
0.481582
0.472420
0.381807
0.362515
0.350031
0.381535
0.392531
0.443396
0.436439
0.401344
0.500629
0.531165
0.535657
0.541025
0.459475
0.408082
0.224826
0.178495
0.246270
0.142709
0.227869
0.204484
0.230268
0.370856
0.415096
0.456561
0.324930
0.266207
0.305336
0.305194
0.289903
0.278544
0.224942
0.269611
0.246122
0.365288
0.387685
0.310341
0.315994
0.350165
0.364738
0.381696
0.485412
0.514134
0.532624
0.512423
0.566839
0.531676
0.507779
0.523333
0.580272
0.581021
0.617771
0.634219
0.556662
0.531667
0.438946
0.481212
0.492040
0.410724
0.387500
0.369125
0.386115
0.412492
0.398831
0.396811
0.382121
0.429094
0.542962
0.536841
0.596352
0.575818
0.568482
0.623700
0.618955
0.620020
0.497270
0.512053
0.473607
0.552870
0.426053
0.448590
0.556524
0.550246
0.528170
0.620168
0.592577
0.606211
0.590829
0.539185
0.435713
0.424512
0.364796
0.419274
0.355268
0.246961
0.346930
0.468163
0.488808
0.497333
0.462745
0.552813
0.577277
0.550274
0.674780
0.675256
0.751715
0.717172
0.717022
0.679577
0.659401
0.595585
0.619998
0.636359
0.632164
0.644309
0.634107
0.704254
0.657770
0.582160
0.574462
0.578182
0.590775
0.482010
0.438163
0.327581
0.298112
0.255625
0.312673
0.246503
0.258365
0.314186
0.371342
0.427840
0.442458
0.501202
0.456493
0.346336
0.340961
0.391670
0.416556
0.462331
0.459766
0.553158
0.585807
0.594171
0.577429
0.602818
0.625152
0.663683
0.693482
0.677095
0.633412
0.647963
0.647037
0.636709
0.566840
0.552216
0.422852
0.388387
0.423449
0.486419
0.393109
0.405121
0.477784
0.442212
0.368405
0.462340
0.511059
0.533663
0.518076
0.548338
0.528404
0.466098
0.503540
0.606300
0.579932
0.582833
0.544595
0.563423
0.502629
0.456778
0.358985
0.417523
0.545626
0.591946
0.498285
0.508047
0.484234
0.547895
0.572692
0.514196
0.570515
0.548017
0.480702
0.503575
0.563160
0.623202
0.606426
0.563651
0.476078
0.558099
0.520688
0.503839
0.521593
0.467111
0.432820
0.352942
0.344521
0.405738
0.400006
0.433010
0.510445
0.544121
0.492530
0.516170
0.489369
0.472154
0.508631
0.620149
0.645529
0.670369
0.618096
0.595659
0.611911
0.546224
0.500691
0.559592
0.606179
0.598963
0.559563
0.595001
0.564599
0.537495
0.469217
0.447861
0.537930
0.545905
0.451514
0.420024
0.417015
0.379045
0.383677
0.417720
0.350172
0.414617
0.446480
0.403861
0.355742
0.389361
0.373300
0.490822
0.481252
0.467095
0.476981
0.490487
0.514451
0.575127
0.571288
0.607069
0.575666
0.579760
0.578117
0.521393
0.505914
0.484787
0.522125
0.557910
0.504320
0.525559
0.506613
0.563556
0.514444
0.480170
0.487826
0.524324
0.453392
0.394722
0.446388
0.476845
0.476212
0.521017
0.508871
0.480541
0.429911
0.361684
0.477767
0.434455
0.364677
0.396308
0.392105
0.357908
0.438624
0.492026
0.532678
0.521019
0.503086
0.584414
0.563194
0.610989
0.624244
0.642526
0.659133
0.596017
0.636709
0.623063
0.611141
0.569066
0.588461
0.536771
0.533582
0.438132
0.460522
0.474003
0.596510
0.546222
0.538426
0.529400
0.506908
0.489239
0.518580
0.462741
0.508607
0.510154
0.522559
0.483026
0.439449
0.368339
0.392703
0.325742
0.308819
0.203179
0.322392
0.373742
0.396517
0.368765
0.386845
0.502265
0.552389
0.450075
0.509441
0.539436
0.534559
0.566049
0.545888
0.530554
0.599998
0.678353
0.633015
0.684198
0.634115
0.691037
0.573859
0.641571
0.556614
0.513231
0.535250
0.579534
0.613326
0.596510
0.511032
0.452882
0.440968
0.453445
0.327280
0.503984
0.538682
0.546886
0.516562
0.489559
0.524048
0.538465
0.584132
0.609580
0.606955
0.630572
0.646958
0.634146
0.600058
0.530623
0.515134
0.484818
0.433186
0.441017
0.408760
0.442760
0.454558
0.397274
0.327048
0.367291
0.278756
0.272755
0.274243
0.211287
0.304015
0.466711
0.348670
0.352699
0.403855
0.338979
0.317709
0.456638
0.521429
0.509477
0.485371
0.511825
0.556598
0.582468
0.569574
0.554374
0.541459
0.511134
0.567887
0.545048
0.538910
0.540586
0.542626
0.469146
0.435345
0.480345
0.435785
0.335643
0.386506
0.366566
0.463832
0.431906
0.383372
0.400260
0.383482
0.404847
0.308133
0.269898
0.317023
0.294084
0.441122
0.348896
0.298413
0.280184
0.276428
0.268514
0.236939
0.240551
0.356932
0.399771
0.410018
0.374882
0.394002
0.440829
0.546014
0.469994
0.521649
0.518120
0.475205
0.391155
0.402452
0.487490
0.550313
0.522828
0.510841
0.534356
0.524625
0.342798
0.474560
0.496180
0.447648
0.506583
0.570017
0.618134
0.608015
0.594008
0.686914
0.636518
0.643922
0.595749
0.547408
0.558713
0.573398
0.584990
0.578023
0.606493
0.587304
0.641352
0.634782
0.561556
0.534643
0.480540
0.454405
0.493052
0.541172
0.449313
0.359420
0.279699
0.410573
0.380849
0.378427
0.378405
0.456725
0.483642
0.527322
0.528541
0.545190
0.529104
0.369252
0.361065
0.409332
0.263512
0.214369
0.252231
0.336613
0.399834
0.423698
0.373363
0.427269
0.446817
0.496897
0.439991
0.423560
0.513517
0.532671
0.528987
0.580258
0.540078
0.449455
0.464354
0.426621
0.370806
0.373872
0.374778
0.479885
0.531846
0.469540
0.515518
0.561209
0.584937
0.600566
0.610763
0.607254
0.600729
0.621842
0.665868
0.703130
0.656153
0.583324
0.513204
0.522679
0.577405
0.561077
0.590038
0.579415
0.560932
0.538346
0.551385
0.663685
0.678287
0.721342
0.682856
0.667291
0.675154
0.632006
0.590512
0.605296
0.603674
0.580748
0.570344
0.545532
0.512065
0.536635
0.524408
0.449790
0.403128
0.459363
0.474347
0.511475
0.468444
0.519145
0.504146
0.497549
0.575778
0.564075
0.562161
0.551893
0.608400
0.461042
0.388668
0.493670
0.537683
0.538611
0.520483
0.507851
0.481435
0.410683
0.337891
0.347104
0.316676
0.375732
0.409490
0.346355
0.410510
0.297028
0.375918
0.461726
0.525952
0.510750
0.521312
0.499715
0.487573
0.543670
0.534002
0.484912
0.427554
0.413849
0.478928
0.510144
0.501672
0.478019
0.488933
0.484671
0.493189
0.464895
0.423364
0.348116
0.317843
0.303677
0.419751
0.495204
0.555843
0.615960
0.626394
0.606362
0.601085
0.583795
0.523140
0.532838
0.564870
0.546907
0.579968
0.497536
0.551019
0.558571
0.577229
0.580932
0.447038
0.495620
0.507600
0.444700
0.478884
0.446997
0.490375
0.543662
0.447201
0.487502
0.522324
0.549321
0.579470
0.580891
0.565357
0.553032
0.548944
0.547348
0.583304
0.638831
0.580793
0.517240
0.521006
0.446262
0.476515
0.465124
0.346087
0.275023
0.187199
0.108529
0.235543
0.284965
0.382600
0.443119
0.498945
0.484810
0.511914
0.483735
0.512544
0.424435
0.432745
0.365570
0.210633
0.337908
0.403448
0.470952
0.537225
0.461166
0.343038
0.362291
0.250315
0.261827
0.222870
0.328757
0.533139
0.494477
0.503858
0.462356
0.521499
0.529004
0.571109
0.516222
0.498612
0.479913
0.436886
0.450852
0.415455
0.492269
0.505130
0.447180
0.453546
0.377515
0.412530
0.457581
0.420282
0.327996
0.234338
0.365680
0.455587
0.466318
0.417713
0.384777
0.283443
0.219389
0.204406
0.177868
0.318806
0.411027
0.493164
0.442833
0.438695
0.403932
0.396886
0.363332
0.414457
0.254425
0.272502
0.300467
0.339658
0.337790
0.276279
0.184482
0.240231
0.235835
0.261722
0.142451
0.188944
0.299285
0.323190
0.337219
0.369249
0.346584
0.400992
0.421097
0.540415
0.464335
0.510066
0.479897
0.475480
0.508933
0.481843
0.509068
0.552253
0.500073
0.590748
0.599712
0.703554
0.641247
0.690297
0.672151
0.665908
0.628882
0.552555
0.445929
0.453460
0.368436
0.326608
0.418812
0.492896
0.502285
0.475007
0.489940
0.613864
0.580643
0.567846
0.555743
0.591504
0.588646
0.646092
0.673626
0.652669
0.625933
0.703735
0.681949
0.641277
0.663392
0.694356
0.716783
0.756915
0.778137
0.779598
0.747782
0.719398
0.677716
0.743432
0.688824
0.654019
0.671072
0.625002
0.574251
0.579081
0.532123
0.557852
0.579835
0.644967
0.686551
0.682058
0.574355
0.639173
0.661033
0.638273
0.649735
0.576705
0.492643
0.498708
0.501510
0.502027
0.511603
0.596525
0.606726
0.560789
0.464772
0.420380
0.353431
0.549857
0.551200
0.540607
0.496769
0.590911
0.582723
0.549417
0.497686
0.434499
0.457781
0.536490
0.476166
0.392367
0.420138
0.387965
0.379469
0.407772
0.349538
0.392474
0.415012
0.494886
0.446929
0.464136
0.510985
0.493615
0.373265
0.343007
0.351197
0.427038
0.500243
0.467732
0.459550
0.487596
0.534376
0.526996
0.476964
0.483133
0.481452
0.506476
0.574706
0.623399
0.585320
0.559858
0.576587
0.561649
0.561500
0.592989
0.568582
0.598957
0.602051
0.584131
0.560762
0.567296
0.603205
0.661537
0.648112
0.637808
0.622189
0.608616
0.551660
0.545479
0.582273
0.555328
0.613305
0.623139
0.650016
0.657703
0.644769
0.629581
0.640444
0.633372
0.565866
0.631497
0.617559
0.627632
0.673768
0.630905
0.652320
0.698772
0.629361
0.606298
0.460828
0.549702
0.496552
0.499224
0.492542
0.457310
0.491275
0.491123
0.417706
0.464631
0.416601
0.471776
0.420186
0.403004
0.500040
0.474631
0.539963
0.528155
0.533990
0.457103
0.507847
0.482797
0.435423
0.414022
0.403459
0.439168
0.457742
0.472661
0.445903
0.316847
0.333045
0.264086
0.361620
0.341724
0.285258
0.275931
0.346929
0.364613
0.367008
0.275482
0.339111
0.315778
0.389742
0.387050
0.382129
0.349607
0.320177
0.438694
0.431717
0.513930
0.400461
0.485487
0.502039
0.553082
0.541660
0.503681
0.530578
0.437679
0.450758
0.377813
0.442042
0.348353
0.452311
0.468506
0.491681
0.526839
0.523764
0.520957
0.497490
0.483121
0.510013
0.423195
0.365148
0.521121
0.467400
0.482354
0.438054
0.294306
0.339511
0.334124
0.327591
0.237215
0.357568
0.366226
0.466105
0.495053
0.375920
0.366069
0.297200
0.323179
0.325346
0.298086
0.265939
0.371112
0.399078
0.228202
0.257139
0.269995
0.330451
0.370708
0.354917
0.442960
0.492138
0.517677
0.462544
0.472028
0.484927
0.505494
0.483393
0.580082
0.610922
0.727587
0.719117
0.641067
0.597213
0.643613
0.563368
0.563598
0.692394
0.640000
0.564356
0.511574
0.502137
0.489059
0.502826
0.549185
0.613694
0.623100
0.581713
0.591679
0.579422
0.588730
0.456644
0.373668
0.368130
0.403218
0.476575
0.492284
0.532101
0.578035
0.538799
0.531392
0.472748
0.406057
0.402018
0.300532
0.259866
0.223282
0.171645
0.218805
0.305772
0.254634
0.318081
0.409084
0.320493
0.325703
0.333641
0.352097
0.287541
0.250363
0.195304
0.333561
0.436492
0.408289
0.427837
0.454975
0.457202
0.479018
0.434894
0.423667
0.395816
0.491280
0.535899
0.458369
0.390877
0.525006
0.533329
0.549178
0.606613
0.546577
0.522274
0.542686
0.557980
0.563582
0.576521
0.666499
0.628800
0.668459
0.643481
0.668264
0.702181
0.700193
0.720354
0.660004
0.609762
0.551587
0.617244
0.574115
0.567968
0.569102
0.512771
0.599274
0.656608
0.630455
0.594056
0.611245
0.599195
0.521741
0.489052
0.463881
0.429573
0.326506
0.290567
0.228997
0.300188
0.207759
0.273750
0.377114
0.406311
0.365982
0.317126
0.382670
0.484979
0.421537
0.409348
0.433956
0.479879
0.486769
0.500560
0.588135
0.531386
0.576813
0.583597
0.626269
0.672106
0.627404
0.511840
0.412415
0.435865
0.342278
0.419472
0.380938
0.422402
0.321160
0.355289
0.441605
0.356213
0.392795
0.452891
0.439768
0.503972
0.541334
0.531513
0.498611
0.482886
0.434686
0.443797
0.423177
0.557837
0.584891
0.583742
0.557062
0.588130
0.509597
0.501607
0.467910
0.417091
0.333007
0.382809
0.415154
0.409619
0.398798
0.358414
0.406806
0.335994
0.356661
0.392101
0.394479
0.354982
0.377022
0.414309
0.395341
0.368835
0.303946
0.274748
0.311526
0.388559
0.407546
0.359687
0.325311
0.383680
0.450953
0.377897
0.375644
0.283723
0.247658
0.229065
0.307528
0.356433
0.427353
0.429484
0.454283
0.536012
0.504042
0.477074
0.503021
0.547523
0.518827
0.447103
0.452902
0.466921
0.528847
0.486148
0.533502
0.572886
0.624841
0.591641
0.564071
0.541233
0.580964
0.540350
0.547640
0.494453
0.442488
0.510799
0.607616
0.583189
0.537953
0.499485
0.548359
0.462405
0.517300
0.532429
0.539232
0.504306
0.575794
0.526001
0.543283
0.541482
0.624408
0.629754
0.628469
0.599850
0.504301
0.491423
0.483012
0.519289
0.498443
0.447515
0.507252
0.470193
0.462786
0.406873
0.472369
0.520170
0.618871
0.618975
0.593678
0.573075
0.462222
0.443494
0.424607
0.505031
0.483435
0.430310
0.500239
0.464859
0.341551
0.376180
0.448820
0.505392
0.479693
0.500167
0.489817
0.548500
0.494749
0.519350
0.571182
0.602881
0.602122
0.606823
0.551023
0.549269
0.588589
0.569731
0.465386
0.622991
0.487269
0.512759
0.515926
0.531597
0.562939
0.638634
0.647088
0.598061
0.534847
0.491680
0.452806
0.449695
0.457553
0.399438
0.384916
0.498731
0.512282
0.499749
0.410538
0.372924
0.397347
0.451172
0.448434
0.335081
0.444901
0.495929
0.531524
0.553321
0.537925
0.457855
0.501819
0.467300
0.438418
0.430089
0.460799
0.497609
0.551746
0.595684
0.489442
0.455331
0.391799
0.412227
0.395959
0.444616
0.425968
0.446779
0.393113
0.508402
0.328540
0.445264
0.337119
0.370284
0.363659
0.445058
0.345523
0.266508
0.298152
0.314960
0.417860
0.460526
0.460365
0.382601
0.425252
0.394790
0.390226
0.493126
0.513022
0.539017
0.528218
0.582494
0.563644
0.576656
0.570204
0.583836
0.506676
0.491779
0.445938
0.491885
0.474511
0.459913
0.481767
0.514061
0.539751
0.554650
0.555679
0.496350
0.482021
0.400375
0.447227
0.374162
0.364068
0.301056
0.243308
0.347477
0.308355
0.279141
0.271956
0.315261
0.323650
0.452279
0.417813
0.387794
0.440996
0.472277
0.538045
0.533303
0.461749
0.390460
0.245160
0.187926
0.183016
0.221040
0.307818
0.343015
0.334541
0.393137
0.305938
0.402376
0.375140
0.441783
0.427385
0.410978
0.499842
0.411205
0.397947
0.466535
0.406347
0.385533
0.389698
0.492844
0.587298
0.547617
0.552225
0.481844
0.416105
0.501220
0.586836
0.552100
0.565258
0.576320
0.493519
0.557620
0.546448
0.515647
0.548941
0.508979
0.496318
0.498007
0.513097
0.509353
0.507812
0.514844
0.504419
0.450934
0.543642
0.542952
0.503206
0.540263
0.535970
0.517761
0.456248
0.524862
0.582214
0.604399
0.618354
0.479674
0.453968
0.500339
0.439886
0.556070
0.419882
0.435377
0.368142
0.355691
0.511297
0.558998
0.563385
0.519436
0.515670
0.497040
0.549852
0.563489
0.583414
0.615952
0.578686
0.624291
0.674127
0.642480
0.570564
0.558255
0.622254
0.658280
0.515228
0.559941
0.600491
0.615866
0.533844
0.551402
0.533748
0.519136
0.490390
0.369477
0.481053
0.502154
0.522595
0.615279
0.606975
0.645578
0.562897
0.533281
0.496688
0.513114
0.572638
0.565472
0.527094
0.456932
0.448401
0.511754
0.477159
0.523419
0.432143
0.488253
0.528083
0.433635
0.429022
0.417526
0.508523
0.509635
0.542044
0.573853
0.508447
0.482897
0.544790
0.493917
0.466718
0.397785
0.408190
0.459192
0.451486
0.423862
0.437706
0.453837
0.548309
0.556494
0.522003
0.497864
0.485275
0.483542
0.529598
0.428220
0.370831
0.395479
0.207420
0.258539
0.312467
0.329114
0.432349
0.412876
0.429585
0.431038
0.516397
0.558121
0.588815
0.530720
0.585032
0.507086
0.514968
0.522821
0.492224
0.650434
0.525508
0.468772
0.433917
0.351791
0.432938
0.409554
0.460192
0.429144
0.503272
0.521811
0.560420
0.470173
0.490553
0.505885
0.528052
0.480799
0.455138
0.506832
0.385813
0.433351
0.454860
0.375881
0.374416
0.363503
0.299879
0.416909
0.407738
0.405006
0.432854
0.470642
0.390785
0.354451
0.328261
0.326318
0.300500
0.328440
0.360385
0.347818
0.348062
0.467738
0.520859
0.484044
0.357300
0.325955
0.338622
0.363763
0.473250
0.504444
0.501437
0.403345
0.387077
0.442237
0.557045
0.513797
0.567431
0.467361
0.354868
0.373080
0.337609
0.344569
0.436586
0.523881
0.535005
0.579859
0.413980
0.471820
0.463399
0.431587
0.419226
0.464628
0.357556
0.338498
0.203438
0.238203
0.306823
0.364238
0.477876
0.440235
0.435175
0.498593
0.584082
0.639111
0.644755
0.616654
0.650947
0.607799
0.551920
0.545724
0.589617
0.458529
0.439710
0.498354
0.559338
0.574953
0.524531
0.491320
0.608615
0.629215
0.560428
0.431086
0.373347
0.394742
0.396508
0.479393
0.449946
0.411009
0.396213
0.332994
0.415927
0.422232
0.454431
0.471107
0.523409
0.557124
0.495228
0.457393
0.568355
0.531248
0.485376
0.424627
0.409230
0.372034
0.447861
0.411009
0.529839
0.613011
0.609035
0.644286
0.570017
0.627275
0.566626
0.536239
0.522183
0.531982
0.605358
0.583100
0.598450
0.508994
0.491493
0.542044
0.513232
0.402020
0.531006
0.541242
0.518657
0.487664
0.558825
0.591711
0.591320
0.562516
0.530645
0.475255
0.466719
0.438445
0.390654
0.436300
0.483711
0.476779
0.450018
0.504949
0.499866
0.587286
0.610846
0.556873
0.506354
0.484440
0.419241
0.394195
0.451440
0.357086
0.331117
0.441701
0.549415
0.548238
0.497844
0.526254
0.460501
0.357418
0.275816
0.256368
0.164877
0.269077
0.369794
0.444325
0.363307
0.430341
0.466493
0.443333
0.437882
0.393072
0.321933
0.380205
0.363169
0.385781
0.325858
0.312535
0.362117
0.323846
0.354725
0.334742
0.294639
0.352751
0.278672
0.355915
0.403562
0.404857
0.305758
0.300115
0.275828
0.388689
0.332733
0.357911
0.342314
0.232454
0.178402
0.214812
0.176174
0.181531
0.207170
0.260732
0.328720
0.333635
0.508663
0.581985
0.597743
0.539279
0.506171
0.514307
0.486802
0.512937
0.396284
0.485124
0.383610
0.338804
0.365252
0.480659
0.437714
0.459783
0.477914
0.515542
0.473908
0.482404
0.451568
0.345726
0.347233
0.251675
0.296487
0.367636
0.293756
0.313513
0.278906
0.267289
0.316628
0.396751
0.426613
0.412970
0.408227
0.512270
0.545196
0.374311
0.360585
0.325365
0.294840
0.292647
0.298600
0.360325
0.381381
0.320970
0.324622
0.350859
0.467868
0.580269
0.572099
0.483658
0.554709
0.627799
0.587983
0.635060
0.607206
0.589450
0.580164
0.506266
0.515485
0.561240
0.585080
0.577540
0.580415
0.540016
0.603926
0.636209
0.524448
0.513863
0.612492
0.681527
0.728066
0.739356
0.720550
0.741882
0.675026
0.692937
0.653241
0.599648
0.631443
0.592457
0.538989
0.524160
0.585542
0.547310
0.645121
0.652092
0.634492
0.617256
0.596135
0.554380
0.511892
0.518197
0.604852
0.544906
0.568719
0.567046
0.500514
0.507321
0.526037
0.607901
0.528948
0.522986
0.614608
0.587161
0.548599
0.571892
0.633400
0.601480
0.572853
0.466717
0.488822
0.485403
0.409899
0.370709
0.421822
0.345626
0.291214
0.390983
0.468900
0.395521
0.362826
0.367293
0.373396
0.419477
0.337153
0.372397
0.326258
0.414034
0.329910
0.371608
0.390235
0.507115
0.537410
0.557488
0.492835
0.379348
0.441604
0.454459
0.526796
0.454903
0.491270
0.493523
0.491524
0.479591
0.413978
0.352272
0.223545
0.132918
0.052076
0.157328
0.245458
0.376964
0.383729
0.458527
0.410913
0.494453
0.531424
0.611108
0.639282
0.592425
0.596306
0.617166
0.690388
0.625196
0.636723
0.603252
0.628932
0.619303
0.581727
0.484941
0.407714
0.404778
0.408061
0.399350
0.529185
0.584973
0.575412
0.643978
0.575854
0.667512
0.688978
0.641873
0.631302
0.636973
0.664387
0.651455
0.627817
0.689706
0.712775
0.611755
0.604513
0.597683
0.554781
0.573779
0.563377
0.563350
0.571916
0.605266
0.592543
0.583933
0.545299
0.620169
0.670500
0.622126
0.585909
0.555335
0.551215
0.577228
0.541781
0.534364
0.486331
0.345259
0.425885
0.352579
0.358656
0.426344
0.494621
0.358510
0.374666
0.532619
0.532654
0.530006
0.443295
0.433621
0.510401
0.495551
0.539912
0.566501
0.443901
0.508123
0.515542
0.600814
0.584803
0.550985
0.512064
0.569779
0.513526
0.511009
0.508277
0.384156
0.427324
0.445100
0.361760
0.383565
0.498252
0.489544
0.539348
0.527779
0.598521
0.600426
0.599427
0.596270
0.627589
0.559508
0.542015
0.534160
0.499799
0.539117
0.546710
0.527785
0.502360
0.529129
0.580239
0.615794
0.615962
0.554961
0.564130
0.607585
0.582286
0.619812
0.586687
0.498451
0.444604
0.474572
0.404785
0.349147
0.484038
0.501329
0.534665
0.503880
0.508618
0.547166
0.572815
0.511515
0.562851
0.543654
0.564051
0.482530
0.472918
0.364084
0.441946
0.517620
0.591739
0.541545
0.664416
0.624618
0.542363
0.624847
0.595315
0.600604
0.614725
0.655691
0.599524
0.567452
0.627907
0.652901
0.602213
0.552226
0.471734
0.386189
0.471405
0.520988
0.480277
0.504133
0.494432
0.612265
0.633618
0.631493
0.599679
0.589212
0.540565
0.547164
0.521186
0.564014
0.585691
0.631916
0.639894
0.687073
0.647697
0.638007
0.614826
0.600609
0.562905
0.543534
0.487527
0.449707
0.566640
0.575590
0.533787
0.605551
0.674305
0.597870
0.637379
0.646851
0.645006
0.543773
0.525964
0.554199
0.515179
0.629056
0.601268
0.605857
0.558090
0.520656
0.534985
0.620808
0.609604
0.658478
0.636765
0.577936
0.593967
0.607333
0.620334
0.539127
0.455274
0.367102
0.373457
0.495992
0.514011
0.499287
0.515030
0.531609
0.499017
0.465140
0.417860
0.462789
0.521046
0.617008
0.662884
0.643718
0.557156
0.530356
0.607134
0.609247
0.581384
0.608810
0.599061
0.553523
0.587659
0.611137
0.641912
0.620084
0.577245
0.600021
0.618242
0.661071
0.632731
0.636049
0.594831
0.588324
0.537024
0.445147
0.553002
0.539382
0.641750
0.636167
0.646602
0.606980
0.569827
0.546819
0.575161
0.603750
0.525272
0.502753
0.460312
0.476123
0.324732
0.373979
0.423823
0.501296
0.456859
0.434664
0.508088
0.396017
0.407977
0.500876
0.608390
0.516348
0.543150
0.392487
0.518323
0.428783
0.422562
0.401377
0.416608
0.462553
0.380940
0.448014
0.483561
0.429264
0.425415
0.290935
0.378748
0.416029
0.433840
0.518583
0.523417
0.420804
0.382263
0.428629
0.405985
0.553126
0.524785
0.457988
0.560085
0.507828
0.573697
0.615714
0.629542
0.502894
0.523383
0.551813
0.519146
0.502728
0.432921
0.443337
0.457196
0.468287
0.409543
0.400757
0.527438
0.532463
0.515828
0.471740
0.474313
0.431663
0.490611
0.447053
0.531453
0.551605
0.612645
0.554159
0.616478
0.624072
0.576367
0.586779
0.609078
0.625440
0.562744
0.565686
0.578493
0.567474
0.483676
0.455663
0.424509
0.405714
0.445345
0.320304
0.403715
0.417464
0.422569
0.507969
0.477760
0.492212
0.465337
0.460263
0.394949
0.486354
0.558630
0.583608
0.644361
0.590334
0.610671
0.627116
0.566224
0.559712
0.584214
0.616036
0.623358
0.521393
0.543032
0.571164
0.586185
0.590706
0.522756
0.626973
0.672880
0.572230
0.560263
0.488134
0.450829
0.496603
0.479589
0.470087
0.540466
0.387469
0.489185
0.408786
0.486377
0.503087
0.549753
0.489414
0.500984
0.460528
0.534131
0.545192
0.600843
0.620380
0.628897
0.610984
0.622271
0.542905
0.563991
0.556364
0.520785
0.459115
0.352958
0.345391
0.389356
0.382793
0.277199
0.212741
0.173542
0.179273
0.273446
0.210395
0.169392
0.238492
0.333889
0.392894
0.388015
0.342139
0.505541
0.566574
0.521926
0.451843
0.460185
0.505590
0.403685
0.524642
0.594809
0.583076
0.610408
0.688892
0.659358
0.513886
0.343697
0.296761
0.301724
0.373211
0.444699
0.287939
0.420929
0.395074
0.401017
0.458473
0.424499
0.471187
0.502957
0.470555
0.453006
0.421722
0.475662
0.404376
0.467920
0.521356
0.505408
0.549374
0.533810
0.588575
0.432769
0.313413
0.359178
0.520822
0.554544
0.465217
0.429414
0.501647
0.442842
0.430514
0.529701
0.549678
0.564050
0.572999
0.535242
0.448876
0.481174
0.462001
0.449153
0.532082
0.507146
0.562730
0.614424
0.581127
0.587822
0.536241
0.547660
0.503615
0.495298
0.632801
0.618724
0.510738
0.463226
0.378254
0.377736
0.432555
0.545929
0.525141
0.460929
0.499279
0.402674
0.362370
0.372495
0.395932
0.361635
0.407329
0.364010
0.386995
0.438218
0.457932
0.422797
0.552826
0.545044
0.628631
0.620001
0.533407
0.510508
0.494544
0.562295
0.553839
0.501384
0.596011
0.622562
0.648839
0.659938
0.675806
0.619623
0.636317
0.595215
0.648877
0.655636
0.683141
0.641326
0.627527
0.563856
0.537021
0.555650
0.488585
0.449249
0.443319
0.384968
0.434935
0.551463
0.582270
0.589692
0.528901
0.536936
0.577666
0.581739
0.530164
0.557900
0.509880
0.481723
0.509390
0.439504
0.360801
0.289151
0.265090
0.162838
0.307987
0.365692
0.433139
0.555067
0.477317
0.570862
0.490557
0.537556
0.549752
0.584796
0.627239
0.640614
0.533643
0.491513
0.538757
0.643173
0.621280
0.652986
0.599523
0.612329
0.521347
0.476637
0.461179
0.464484
0.520502
0.563187
0.610465
0.549021
0.556726
0.645472
0.629958
0.531416
0.519629
0.479687
0.419747
0.479000
0.422728
0.524540
0.360299
0.384364
0.443046
0.496873
0.398284
0.436052
0.438738
0.517597
0.594953
0.609378
0.621573
0.594217
0.553941
0.565723
0.549967
0.456053
0.380020
0.359491
0.430218
0.488893
0.395114
0.334497
0.372223
0.351787
0.367381
0.355686
0.074876
0.111815
0.137274
0.290673
0.298926
0.423702
0.411646
0.458691
0.428910
0.372028
0.391486
0.533105
0.567430
0.517630
0.523912
0.480938
0.374346
0.535105
0.542814
0.548282
0.552958
0.570019
0.475644
0.560804
0.507894
0.387482
0.420367
0.373560
0.433999
0.419218
0.353496
0.360048
0.379059
0.421910
0.419089
0.478015
0.427375
0.478742
0.378054
0.440482
0.540105
0.454354
0.353421
0.275281
0.368086
0.334586
0.331422
0.351995
0.287845
0.254416
0.279039
0.255683
0.353460
0.232488
0.270760
0.370266
0.494908
0.532189
0.481392
0.387434
0.381458
0.269664
0.213042
0.319129
0.270154
0.251089
0.199704
0.254674
0.356372
0.466443
0.449867
0.393963
0.420625
0.479382
0.547469
0.537729
0.566100
0.546876
0.606357
0.511734
0.500298
0.500899
0.503000
0.499361
0.406252
0.386262
0.451033
0.361155
0.453937
0.420716
0.408942
0.426340
0.527526
0.515831
0.478471
0.532278
0.573688
0.606730
0.599951
0.609263
0.553831
0.455068
0.491263
0.513913
0.552902
0.610272
0.649391
0.676134
0.690814
0.741496
0.762410
0.755265
0.705519
0.630661
0.632000
0.647035
0.642150
0.607855
0.635973
0.514039
0.525042
0.506440
0.486167
0.460616
0.483826
0.393075
0.431830
0.536607
0.527229
0.453679
0.447959
0.424652
0.303470
0.366991
0.414083
0.379292
0.379540
0.362663
0.411056
0.440013
0.545531
0.514073
0.577280
0.536880
0.634961
0.563074
0.536656
0.520653
0.424029
0.368037
0.391848
0.412187
0.489976
0.515142
0.539960
0.527403
0.617105
0.620512
0.567197
0.512556
0.619430
0.646175
0.612346
0.639848
0.710886
0.755149
0.728143
0.666567
0.661207
0.613865
0.559877
0.574972
0.546489
0.612553
0.623462
0.667276
0.581680
0.620397
0.664185
0.701079
0.668068
0.626106
0.542516
0.405669
0.418222
0.494369
0.457710
0.503162
0.457542
0.403588
0.484589
0.618057
0.548139
0.541583
0.535228
0.609839
0.579619
0.525880
0.509658
0.474152
0.437330
0.448129
0.478390
0.475567
0.461244
0.520587
0.520976
0.471337
0.379835
0.413915
0.398306
0.449040
0.515873
0.524304
0.553801
0.483842
0.507188
0.523831
0.416818
0.354379
0.403764
0.439068
0.471898
0.476233
0.488336
0.422208
0.494004
0.543058
0.515907
0.514279
0.445832
0.501866
0.532342
0.525002
0.537731
0.619882
0.533451
0.545380
0.572851
0.559180
0.499311
0.562875
0.533661
0.554646
0.544901
0.557040
0.530253
0.541100
0.492232
0.527315
0.524592
0.475350
0.374915
0.331966
0.345549
0.351318
0.317721
0.246675
0.316252
0.305909
0.288221
0.332595
0.459125
0.500817
0.487670
0.525473
0.615983
0.555596
0.508252
0.431075
0.459150
0.429718
0.247866
0.371383
0.322755
0.317394
0.313445
0.372557
0.352327
0.336200
0.380636
0.351552
0.403954
0.416974
0.420823
0.416892
0.296136
0.202117
0.117799
0.224515
0.326341
0.295415
0.398721
0.451383
0.484890
0.505488
0.521183
0.584570
0.495934
0.461046
0.526784
0.548752
0.520205
0.587044
0.501710
0.431654
0.359046
0.475319
0.481537
0.570896
0.477710
0.490681
0.527817
0.458879
0.423327
0.494587
0.547464
0.616181
0.542343
0.509381
0.493167
0.536595
0.481413
0.541723
0.506560
0.459881
0.475344
0.478195
0.420010
0.552087
0.595253
0.611614
0.561565
0.646124
0.652158
0.634157
0.682816
0.623676
0.561963
0.580141
0.585881
0.616222
0.612821
0.645829
0.624618
0.605677
0.598208
0.527261
0.480403
0.471268
0.479703
0.468589
0.519455
0.485651
0.407137
0.355994
0.407417
0.400184
0.347775
0.203310
0.228636
0.219362
0.264996
0.295643
0.202175
0.171502
0.062868
0.110901
0.049368
0.137798
0.179331
0.345024
0.399918
0.509514
0.551504
0.526196
0.576124
0.515103
0.495519
0.452925
0.369107
0.373916
0.339548
0.317937
0.367908
0.419135
0.495877
0.492560
0.436929
0.493221
0.476141
0.388712
0.333674
0.379775
0.429228
0.524322
0.467572
0.438338
0.450640
0.464906
0.510663
0.588408
0.678361
0.646751
0.627869
0.593623
0.611564
0.651562
0.617150
0.642683
0.677328
0.651863
0.609185
0.681670
0.646942
0.569281
0.559304
0.461816
0.527625
0.551314
0.505125
0.541441
0.538534
0.599686
0.612670
0.564694
0.570539
0.631455
0.625728
0.649130
0.640328
0.623261
0.702783
0.700944
0.667295
0.636292
0.714796
0.735231
0.726871
0.712173
0.724275
0.725618
0.701815
0.616961
0.580226
0.616534
0.540447
0.637611
0.614696
0.608657
0.536393
0.521999
0.470969
0.531393
0.518841
0.489649
0.469528
0.416913
0.483896
0.496213
0.472792
0.507372
0.505974
0.533370
0.485633
0.497962
0.490256
0.567242
0.579913
0.495189
0.553290
0.574385
0.602619
0.629098
0.552341
0.494082
0.425108
0.522626
0.587047
0.589833
0.585894
0.626256
0.646311
0.592652
0.579144
0.610657
0.610256
0.616756
0.572055
0.637695
0.677423
0.677555
0.656682
0.602383
0.646376
0.593736
0.508036
0.471574
0.519133
0.411639
0.424941
0.414395
0.461697
0.581196
0.544185
0.544876
0.565452
0.569743
0.604603
0.593448
0.632679
0.628197
0.656464
0.627964
0.560091
0.579645
0.581329
0.614219
0.678433
0.720630
0.698702
0.720498
0.683494
0.599712
0.626463
0.617244
0.615127
0.597098
0.570285
0.582714
0.621940
0.618232
0.573349
0.596453
0.565512
0.567739
0.560464
0.547329
0.515313
0.550227
0.481190
0.522235
0.457328
0.344184
0.440624
0.401680
0.258280
0.284606
0.312293
0.357721
0.420718
0.404216
0.464919
0.425402
0.367532
0.404657
0.464858
0.406979
0.529928
0.489103
0.522924
0.635264
0.711192
0.638205
0.656757
0.557236
0.553212
0.515735
0.562696
0.578974
0.577229
0.573224
0.476715
0.552480
0.496056
0.468272
0.394453
0.420364
0.496279
0.563494
0.538345
0.581883
0.500744
0.512919
0.554019
0.490582
0.443044
0.453409
0.443438
0.489960
0.483172
0.436263
0.476136
0.528937
0.510271
0.547722
0.571482
0.587015
0.572226
0.588051
0.617125
0.575675
0.460226
0.507452
0.564938
0.573804
0.456534
0.519286
0.464496
0.594080
0.553906
0.556310
0.521909
0.531496
0.520913
0.536842
0.648693
0.663681
0.591533
0.510350
0.488530
0.539031
0.545517
0.479869
0.604751
0.597360
0.624268
0.649142
0.690152
0.668551
0.656485
0.660937
0.620440
0.531875
0.498379
0.422970
0.467170
0.383508
0.423992
0.533018
0.573251
0.528336
0.550296
0.379522
0.351665
0.406477
0.485041
0.486032
0.394613
0.438912
0.420185
0.414948
0.502124
0.457738
0.364051
0.383453
0.383490
0.391539
0.366767
0.405749
0.445138
0.477358
0.476547
0.500762
0.480888
0.434597
0.403464
0.363504
0.415502
0.442524
0.484611
0.585820
0.562712
0.607605
0.609850
0.602148
0.585457
0.649931
0.618540
0.552986
0.530782
0.526404
0.504808
0.525722
0.571897
0.554016
0.539534
0.585371
0.558441
0.474190
0.511000
0.444167
0.357366
0.297822
0.342320
0.378836
0.351415
0.345670
0.459965
0.495678
0.451091
0.496695
0.537745
0.519610
0.561553
0.519568
0.523392
0.530823
0.552472
0.566797
0.532025
0.518832
0.423188
0.352876
0.318469
0.353351
0.454082
0.427522
0.387572
0.536387
0.557995
0.544401
0.486422
0.542705
0.456649
0.480562
0.402403
0.430446
0.473463
0.478864
0.463982
0.464639
0.510185
0.471968
0.419001
0.465932
0.478858
0.429263
0.351454
0.371160
0.390271
0.442904
0.438344
0.400388
0.484331
0.480993
0.438076
0.446506
0.440906
0.435689
0.384525
0.301495
0.375260
0.362569
0.324354
0.267918
0.328577
0.394983
0.358278
0.229705
0.257013
0.296595
0.286768
0.317356
0.307638
0.355041
0.313860
0.376076
0.452610
0.541982
0.542148
0.561480
0.494094
0.411156
0.360410
0.353487
0.463832
0.450888
0.534851
0.488627
0.522184
0.435346
0.415254
0.465858
0.455751
0.437480
0.484414
0.487895
0.504720
0.381619
0.407578
0.405065
0.505572
0.501170
0.578902
0.517628
0.484170
0.489025
0.541188
0.534701
0.581979
0.502978
0.505307
0.470160
0.447314
0.470496
0.483429
0.484439
0.462887
0.418959
0.525131
0.451536
0.475232
0.553262
0.519549
0.512187
0.635932
0.647882
0.649449
0.586589
0.592709
0.645052
0.664031
0.633238
0.646834
0.601230
0.508968
0.558640
0.494983
0.449648
0.374772
0.464638
0.562183
0.573112
0.544368
0.538419
0.554251
0.606609
0.585396
0.610240
0.588418
0.510793
0.482526
0.530102
0.505133
0.396911
0.409992
0.395916
0.375211
0.497785
0.429290
0.423081
0.451739
0.451890
0.558146
0.447116
0.455680
0.355130
0.298154
0.321757
0.348269
0.315696
0.286739
0.219945
0.286572
0.419351
0.399519
0.298955
0.282828
0.373469
0.319541
0.353643
0.389725
0.481124
0.539048
0.483611
0.435265
0.487295
0.444413
0.372960
0.383947
0.364551
0.233808
0.211315
0.244220
0.342329
0.467663
0.424074
0.373393
0.413605
0.567448
0.560477
0.498848
0.406558
0.345329
0.380143
0.429788
0.489696
0.479281
0.624940
0.582089
0.583822
0.571714
0.520859
0.567992
0.534582
0.549005
0.520225
0.583703
0.578123
0.583543
0.612744
0.501498
0.486909
0.564006
0.480178
0.542593
0.516988
0.463836
0.398969
0.474964
0.467027
0.557904
0.597322
0.582790
0.600971
0.571255
0.585401
0.549359
0.466842
0.461576
0.419796
0.453094
0.462358
0.421201
0.519822
0.602691
0.566776
0.533395
0.508256
0.536553
0.577774
0.623463
0.645781
0.682401
0.722423
0.726438
0.746245
0.732563
0.596229
0.451295
0.423484
0.347243
0.405090
0.377645
0.436606
0.465925
0.529646
0.533277
0.508647
0.473605
0.335615
0.388337
0.358574
0.385621
0.331511
0.265735
0.292625
0.347538
0.441895
0.456211
0.461030
0.450799
0.420022
0.468655
0.456510
0.482580
0.438478
0.469762
0.471646
0.415522
0.358493
0.419235
0.446672
0.581774
0.491351
0.596792
0.600824
0.603066
0.639849
0.591750
0.533093
0.570354
0.537014
0.480210
0.486644
0.338682
0.404294
0.467787
