0.418846
0.521242
0.558610
0.512688
0.517794
0.533449
0.312266
0.552534
0.327962
0.327962
0.659079
0.659079
0.659079
0.659079
0.659079
0.400337
0.522448
0.405029
0.405029
0.405029
0.405029
0.405029
0.405029
0.405029
0.405029
0.556974
0.481650
0.544243
0.541488
0.433709
0.433709
0.555032
0.391633
0.391633
0.463626
0.563720
0.456634
0.388520
0.388520
0.388520
0.510010
0.487476
0.491066
0.554697
0.567644
0.426536
0.426536
0.510705
0.453588
0.528948
0.467528
0.440493
0.516067
0.511288
0.446006
0.470701
0.449121
0.587572
0.345026
0.345026
0.345026
0.345026
0.345026
0.345026
0.345026
0.345026
0.550492
0.485951
0.434079
0.530673
0.473973
0.356807
0.586018
0.586018
0.409059
0.409059
0.409059
0.543219
0.543219
0.521009
0.560276
0.448642
0.546690
0.382796
0.382796
0.533598
0.545530
0.503075
0.609068
0.433708
0.504544
0.422667
0.403856
0.520913
0.572889
0.432712
0.470535
0.548438
0.365739
0.551839
0.499167
0.482178
0.442121
0.502553
0.525552
0.476250
0.429121
0.429121
0.429121
0.575053
0.579653
0.579653
0.579653
0.579653
0.433105
0.433105
0.474695
0.494781
0.493461
0.456513
0.502031
0.426639
0.565359
0.565359
0.421077
0.495901
0.460895
0.492578
0.531558
0.561362
0.540799
0.574482
0.574482
0.469012
0.517629
0.465959
0.563504
0.427941
0.427941
0.427941
0.427941
0.631775
0.631775
0.631775
0.631775
0.631775
0.631775
0.631775
0.631775
0.631775
0.631775
0.325392
0.325392
0.325392
0.325392
0.588465
0.385386
0.385386
0.637452
0.637452
0.637452
0.375849
0.624671
0.624671
0.624671
0.624671
0.624671
0.396788
0.569669
0.569669
0.546100
0.416201
0.573403
0.530411
0.537950
0.318465
0.318465
0.318465
0.529273
0.432150
0.441723
0.441723
0.568972
0.507465
0.444484
0.444484
0.552284
0.502218
0.561680
0.588653
0.588653
0.466632
0.486751
0.517143
0.513791
0.590737
0.590737
0.456554
0.452180
0.567538
0.567538
0.567538
0.567538
0.428159
0.529375
0.504348
0.505850
0.459028
0.534166
0.392537
0.454695
0.484093
0.471782
0.519019
0.476572
0.516144
0.515166
0.502311
0.478158
0.482436
0.423404
0.442524
0.597477
0.597477
0.441643
0.472758
0.514633
0.456956
0.468843
0.438773
0.560563
0.520650
0.537299
0.526569
0.491191
0.496311
0.586635
0.586635
0.586635
0.475400
0.588550
0.449873
0.566295
0.479743
0.498429
0.502117
0.566070
0.559492
0.422454
0.422454
0.422454
0.541397
0.541397
0.541397
0.474098
0.454650
0.553009
0.443612
0.520255
0.447347
0.510588
0.504870
0.494338
0.525005
0.428733
0.494830
0.450905
0.470473
0.576071
0.576071
0.362885
0.387798
0.387798
0.533984
0.501633
0.596465
0.410004
0.410004
0.410004
0.512547
0.498129
0.505042
0.631300
0.631300
0.631300
0.631300
0.631300
0.631300
0.631300
0.631300
0.631300
0.631300
0.631300
0.631300
0.631300
0.304690
0.304690
0.304690
0.304690
0.304690
0.304690
0.304690
0.304690
0.304690
0.304690
0.304690
0.304690
0.304690
0.304690
0.304690
0.304690
0.304690
0.304690
0.304690
0.304690
0.304690
0.304690
0.304690
0.304690
0.304690
0.304690
0.304690
0.304690
0.304690
0.304690
0.304690
0.304690
0.495357
0.526215
0.493420
0.536936
0.391289
0.391289
0.391289
0.492794
0.502075
0.460283
0.578635
0.428330
0.527176
0.429064
0.531137
0.494458
0.488831
0.395438
0.470881
0.571721
0.571721
0.456626
0.444390
0.535551
0.517831
0.502179
0.447463
0.548525
0.510958
0.584620
0.584620
0.584620
0.584620
0.369550
0.424584
0.440584
0.559252
0.355382
0.355382
0.355382
0.454158
0.457851
0.593246
0.448261
0.448261
0.634152
0.634152
0.634152
0.634152
0.634152
0.354196
0.527785
0.433111
0.433111
0.536300
0.422671
0.461510
0.592282
0.462827
0.428738
0.578339
0.578339
0.578339
0.515575
0.453618
0.501691
0.400830
0.400830
0.481361
0.494365
0.432493
0.538045
0.288219
0.288219
0.288219
0.288219
0.600715
0.600715
0.600715
0.600715
0.600715
0.600715
0.261645
0.261645
0.261645
0.689307
0.689307
0.689307
0.689307
0.689307
0.689307
0.689307
0.689307
0.689307
0.689307
0.689307
0.689307
0.689307
0.689307
0.689307
0.689307
0.689307
0.689307
0.689307
0.689307
0.689307
0.689307
0.689307
0.689307
0.689307
0.689307
0.689307
0.689307
0.689307
0.689307
0.689307
0.689307
0.689307
0.689307
0.689307
0.689307
0.689307
0.689307
0.689307
0.689307
0.689307
0.689307
0.689307
0.689307
0.689307
0.689307
0.689307
0.689307
0.689307
0.689307
0.689307
0.689307
0.689307
0.689307
0.689307
0.689307
0.689307
0.689307
0.689307
0.689307
0.689307
0.689307
0.689307
0.689307
0.689307
0.689307
0.689307
0.689307
0.689307
0.689307
0.689307
0.689307
0.689307
0.689307
0.689307
0.689307
0.689307
0.689307
0.689307
0.689307
0.689307
0.689307
0.689307
0.689307
0.689307
0.689307
0.689307
0.689307
0.689307
0.689307
0.689307
0.689307
0.689307
0.689307
0.689307
0.689307
0.689307
0.689307
0.689307
0.689307
0.689307
0.689307
0.689307
0.689307
0.689307
0.689307
0.689307
0.689307
0.689307
0.689307
0.689307
0.689307
0.689307
0.689307
0.689307
0.689307
0.689307
0.689307
0.689307
0.689307
0.689307
0.689307
0.689307
0.689307
0.689307
0.689307
0.689307
0.689307
0.689307
0.689307
0.689307
0.689307
0.689307
0.689307
0.689307
0.689307
0.689307
0.689307
0.689307
0.689307
0.689307
0.689307
0.689307
0.689307
0.689307
0.689307
0.689307
0.689307
0.689307
0.689307
0.689307
0.689307
0.689307
0.689307
0.689307
0.689307
0.689307
0.689307
0.689307
0.689307
0.689307
0.689307
0.689307
0.689307
0.689307
0.689307
0.689307
0.689307
0.689307
0.689307
0.689307
0.689307
0.689307
0.689307
0.689307
0.689307
0.689307
0.689307
0.689307
0.689307
0.689307
0.689307
0.689307
0.689307
0.689307
0.689307
0.689307
0.689307
0.689307
0.689307
0.689307
0.689307
0.689307
0.689307
0.689307
0.689307
0.689307
0.689307
0.689307
0.689307
0.689307
0.689307
0.689307
0.689307
0.689307
0.689307
0.689307
0.689307
0.689307
0.689307
0.689307
0.689307
0.689307
0.689307
0.689307
0.689307
0.689307
0.689307
0.689307
0.689307
0.689307
0.689307
0.689307
0.689307
0.689307
0.689307
0.689307
0.689307
0.689307
0.689307
0.689307
0.689307
0.689307
0.689307
0.689307
0.689307
0.689307
0.689307
0.689307
0.689307
0.689307
0.689307
0.689307
0.689307
0.689307
0.323712
0.323712
0.323712
0.323712
0.565858
0.418086
0.437037
0.420326
0.420326
0.420326
0.420326
0.420326
0.545219
0.529755
0.460984
0.498382
0.543116
0.548273
0.433829
0.541322
0.460673
0.400471
0.438543
0.450296
0.571633
0.460337
0.554993
0.462050
0.435255
0.450641
0.502175
0.488874
0.515128
0.422111
0.442760
0.518471
0.423071
0.435622
0.471097
0.393434
0.393434
0.393434
0.393434
0.613535
0.613535
0.613535
0.380618
0.380618
0.440394
0.594626
0.594626
0.594626
0.594626
0.594626
0.594626
0.423873
0.423873
0.423873
0.401075
0.401075
0.393792
0.559493
0.559493
0.562096
0.457890
0.464183
0.597038
0.408332
0.587480
0.446332
0.563675
0.367040
0.367040
0.603156
0.324600
0.324600
0.324600
0.324600
0.324600
0.324600
0.324600
0.324600
0.324600
0.324600
0.324600
0.324600
0.324600
0.430899
0.585835
0.585835
0.413767
0.577728
0.472274
0.469846
0.548350
0.472334
0.511022
0.481115
0.428466
0.537725
0.465056
0.590290
0.572508
0.429130
0.600214
0.600214
0.600214
0.600214
0.600214
0.600214
0.600214
0.600214
0.507369
0.482183
0.372416
0.488894
0.481461
0.340360
0.340360
0.340360
0.548215
0.548215
0.532331
0.567244
0.479994
0.513580
0.511494
0.458420
0.546462
0.439527
0.432085
0.435274
0.403927
0.403927
0.527316
0.434857
0.424367
0.620404
0.620404
0.620404
0.449064
0.449064
0.493722
0.496880
0.498516
0.480460
0.456438
0.464379
0.516044
0.483066
0.427351
0.621588
0.621588
0.394394
0.555486
0.489832
0.569230
0.456312
0.537623
0.531828
0.363418
0.363418
0.618352
0.618352
0.517985
0.435362
0.501368
0.441717
0.466732
0.508904
0.448187
0.450568
0.455084
0.459998
0.544510
0.471522
0.597646
0.597646
0.473794
0.565674
0.380798
0.380798
0.380798
0.577255
0.530888
0.537393
0.496016
0.556545
0.341614
0.341614
0.544006
0.543113
0.441659
0.433995
0.454765
0.446913
0.551601
0.551601
0.524282
0.446745
0.523280
0.567591
0.399166
0.584641
0.584641
0.455379
0.439142
0.420933
0.547381
0.473818
0.443733
0.581061
0.519028
0.598941
0.598941
0.479392
0.587385
0.464001
0.545035
0.545035
0.458202
0.479591
0.561362
0.561362
0.559693
0.369708
0.560073
0.564244
0.518856
0.486901
0.573961
0.382316
0.382316
0.538112
0.533297
0.537135
0.486942
0.498842
0.441017
0.505550
0.531557
0.540595
0.456022
0.495673
0.378346
0.378346
0.483117
0.529546
0.525631
0.537662
0.458968
0.434553
0.606565
0.606565
0.606565
0.315376
0.315376
0.567504
0.477465
0.573973
0.573973
0.479727
0.563880
0.479483
0.433846
0.440475
0.442348
0.483048
0.443558
0.443558
0.501573
0.495033
0.462499
0.512720
0.538405
0.478863
0.514194
0.456460
0.469773
0.554920
0.492506
0.452031
0.523315
0.550057
0.377844
0.477296
0.468037
0.507528
0.481709
0.515866
0.572990
0.387384
0.387384
0.385195
0.555916
0.372685
0.624150
0.624150
0.624150
0.378998
0.610699
0.610699
0.610699
0.610699
0.610699
0.610699
0.610699
0.379121
0.379121
0.379121
0.599660
0.599660
0.580914
0.452395
0.493394
0.446846
0.558446
0.493213
0.553511
0.564136
0.456524
0.512084
0.437840
0.437840
0.505937
0.412438
0.447393
0.447393
0.434447
0.434447
0.536931
0.426322
0.426322
0.426322
0.466478
0.482391
0.565134
0.565134
0.522048
0.501031
0.409559
0.613519
0.613519
0.613519
0.613519
0.613519
0.613519
0.613519
0.613519
0.613519
0.613519
0.613519
0.504445
0.523398
0.526490
0.440629
0.511472
0.491550
0.528864
0.531020
0.480146
0.612291
0.612291
0.612291
0.612291
0.612291
0.612291
0.612291
0.612291
0.612291
0.612291
0.450685
0.427009
0.465854
0.407659
0.407659
0.433404
0.433404
0.613600
0.327941
0.489411
0.518131
0.520497
0.399112
0.399112
0.399112
0.399112
0.399112
0.552525
0.498038
0.493050
0.541950
0.481474
0.466756
0.454651
0.493563
0.429699
0.476089
0.549000
0.491532
0.591347
0.524415
0.560203
0.492670
0.488783
0.604163
0.552768
0.432403
0.483400
0.475182
0.611367
0.611367
0.611367
0.611367
0.611367
0.611367
0.611367
0.611367
0.611367
0.611367
0.611367
0.611367
0.611367
0.611367
0.368918
0.596359
0.396454
0.396454
0.593195
0.474706
0.568300
0.383582
0.569380
0.442382
0.524279
0.378062
0.602736
0.543929
0.412215
0.550524
0.487312
0.493486
0.406101
0.435147
0.417678
0.417678
0.511843
0.540314
0.512482
0.541858
0.492594
0.498185
0.541382
0.555247
0.555247
0.438692
0.581731
0.581731
0.405228
0.539959
0.421527
0.421527
0.513597
0.419468
0.540081
0.427894
0.473428
0.600895
0.600895
0.486937
0.517024
0.495327
0.446535
0.492739
0.398695
0.568512
0.568512
0.568512
0.568512
0.433461
0.532554
0.383750
0.550503
0.469543
0.507680
0.526521
0.580641
0.406100
0.484849
0.389934
0.389934
0.520486
0.468261
0.391085
0.391085
0.533064
0.563001
0.459467
0.544056
0.528256
0.505405
0.529017
0.573327
0.561597
0.490015
0.533564
0.471830
0.587625
0.587625
0.587625
0.342893
0.342893
0.342893
0.342893
0.342893
0.342893
0.618565
0.618565
0.618565
0.398141
0.398141
0.398141
0.398141
0.398141
0.574133
0.574133
0.574133
0.574133
0.616539
0.616539
0.616539
0.616539
0.381854
0.381854
0.494335
0.447886
0.450787
0.450787
0.511248
0.607561
0.515120
0.517680
0.553407
0.553407
0.473873
0.527877
0.525756
0.487513
0.490004
0.452762
0.554252
0.532718
0.559248
0.559248
0.447570
0.580867
0.460734
0.518021
0.524601
0.515197
0.566162
0.419076
0.419076
0.419076
0.419076
0.518715
0.492106
0.414591
0.414591
0.538894
0.611388
0.611388
0.611388
0.611388
0.611388
0.611388
0.611388
0.358792
0.608118
0.608118
0.608118
0.608118
0.407151
0.516658
0.428561
0.502804
0.362065
0.362065
0.362065
0.362065
0.362065
0.362065
0.524605
0.505134
0.430914
0.631441
0.371297
0.485645
0.552841
0.383587
0.637621
0.637621
0.385124
0.385124
0.602333
0.602333
0.398229
0.398229
0.589366
0.485966
0.396453
0.448038
0.502669
0.599004
0.599004
0.516381
0.567578
0.389214
0.389214
0.352141
0.528097
0.543119
0.562842
0.417966
0.417966
0.410456
0.441318
0.532396
0.422267
0.422267
0.429082
0.499007
0.295981
0.677365
0.677365
0.677365
0.677365
0.677365
0.677365
0.677365
0.677365
0.677365
0.677365
0.677365
0.677365
0.677365
0.677365
0.677365
0.677365
0.677365
0.677365
0.677365
0.677365
0.365834
0.365834
0.365834
0.535946
0.540342
0.489263
0.512304
0.462720
0.504683
0.474668
0.554825
0.500973
0.377096
0.377096
0.522435
0.584272
0.584272
0.584272
0.543097
0.543097
0.513350
0.531409
0.497211
0.438521
0.438521
0.438521
0.432972
0.543348
0.508150
0.590676
0.590676
0.590676
0.454206
0.449966
0.467579
0.547785
0.459410
0.504200
0.431287
0.580908
0.580908
0.401303
0.401303
0.401303
0.508184
0.542795
0.542795
0.492457
0.484936
0.536013
0.478496
0.558718
0.504439
0.541659
0.533424
0.464796
0.403085
0.559040
0.452925
0.566581
0.393477
0.393477
0.531629
0.451294
0.548568
0.396343
0.396343
0.503518
0.487666
0.494013
0.490154
0.444867
0.532132
0.463969
0.481545
0.586809
0.586809
0.586809
0.516260
0.514536
0.451060
0.539285
0.549859
0.560007
0.443235
0.513862
0.374823
0.573438
0.458115
0.609855
0.609855
0.609855
0.609855
0.446676
0.489405
0.426535
0.509781
0.422720
0.481836
0.543463
0.508397
0.449828
0.415399
0.505082
0.529928
0.528502
0.441787
0.430762
0.486527
0.449691
0.583739
0.449779
0.591172
0.505480
0.479467
0.478733
0.555055
0.512316
0.451754
0.598241
0.598241
0.412984
0.511754
0.400711
0.400711
0.497569
0.510617
0.492824
0.535137
0.476878
0.464123
0.586665
0.586665
0.484610
0.515428
0.412538
0.466118
0.311292
0.311292
0.311292
0.311292
0.575287
0.427120
0.506086
0.577971
0.577971
0.505495
0.357952
0.460749
0.516064
0.472194
0.470266
0.472617
0.432299
0.522921
0.445755
0.581134
0.581134
0.390855
0.390855
0.390855
0.390855
0.390855
0.605995
0.495647
0.522794
0.477360
0.563713
0.453140
0.491806
0.519859
0.556479
0.496863
0.553942
0.521835
0.417605
0.417605
0.424216
0.553026
0.493998
0.416097
0.416097
0.490899
0.502029
0.509746
0.473791
0.492801
0.475570
0.534811
0.584610
0.475781
0.574364
0.574364
0.574364
0.548115
0.499492
0.519431
0.361545
0.361545
0.497325
0.574065
0.346240
0.346240
0.634327
0.634327
0.634327
0.634327
0.634327
0.634327
0.634327
0.634327
0.634327
0.634327
0.394879
0.394879
0.454358
0.390226
0.390226
0.614036
0.614036
0.614036
0.614036
0.614036
0.614036
0.614036
0.600220
0.600220
0.595710
0.459924
0.546231
0.467792
0.509835
0.438774
0.558861
0.558861
0.498939
0.535254
0.535254
0.594262
0.594262
0.400470
0.529731
0.507008
0.523855
0.379078
0.379078
0.379078
0.483359
0.441777
0.534557
0.407844
0.407844
0.407844
0.407844
0.407844
0.407844
0.573193
0.434372
0.398473
0.398473
0.398473
0.536450
0.536450
0.483106
0.588071
0.588071
0.588071
0.588071
0.588071
0.515214
0.560658
0.545986
0.495322
0.470298
0.546277
0.546277
0.546277
0.420935
0.514560
0.358029
0.358029
0.358029
0.586344
0.379054
0.379054
0.379054
0.379054
0.379054
0.598384
0.598384
0.496211
0.489648
0.537110
0.537110
0.427585
0.552016
0.586621
0.460345
0.525942
0.461608
0.537344
0.431313
0.470883
0.402602
0.402602
0.630661
0.630661
0.368114
0.368114
0.368114
0.595732
0.595732
0.418164
0.581791
0.581791
0.411009
0.544409
0.547856
0.560126
0.481504
0.470060
0.417765
0.598718
0.439566
0.501655
0.518780
0.440491
0.477355
0.418356
0.418356
0.556694
0.556694
0.556694
0.547064
0.522898
0.444222
0.538394
0.464257
0.491166
0.535066
0.601248
0.601248
0.601248
0.601248
0.601248
0.601248
0.410051
0.480320
0.564966
0.540039
0.540039
0.457792
0.558856
0.462648
0.489372
0.433955
0.492483
0.579972
0.579972
0.381378
0.381378
0.381378
0.381378
0.520392
0.511185
0.421202
0.559579
0.502347
0.450905
0.454796
0.454796
0.483382
0.591189
0.591189
0.591189
0.479653
0.516509
0.518765
0.558658
0.558658
0.532928
0.469953
0.524059
0.503422
0.445824
0.501580
0.479113
0.541324
0.528763
0.441407
0.538594
0.473512
0.566103
0.436610
0.436610
0.522513
0.528928
0.420076
0.456177
0.546132
0.509717
0.494285
0.542904
0.478906
0.477872
0.452034
0.436480
0.600585
0.600585
0.396101
0.539421
0.472681
0.461677
0.563899
0.563899
0.563899
0.474819
0.491332
0.584056
0.584056
0.584056
0.584056
0.515992
0.537957
0.432257
0.579137
0.579137
0.481632
0.471248
0.539601
0.442723
0.442723
0.414875
0.536530
0.498426
0.613131
0.423700
0.423700
0.516389
0.476295
0.476295
0.534973
0.434503
0.557710
0.557710
0.498374
0.462119
0.463685
0.431274
0.431274
0.440105
0.479312
0.383447
0.383447
0.553956
0.490208
0.463766
0.463766
0.597504
0.597504
0.367810
0.367810
0.367810
0.367810
0.573232
0.573232
0.469783
0.584633
0.577741
0.577741
0.558624
0.444755
0.604283
0.339945
0.339945
0.339945
0.339945
0.339945
0.593589
0.593589
0.470165
0.420715
0.460931
0.460931
0.515419
0.361319
0.660040
0.660040
0.660040
0.660040
0.426005
0.553480
0.553480
0.538265
0.538265
0.502710
0.542845
0.527527
0.498849
0.478521
0.438183
0.504668
0.469596
0.453463
0.511870
0.458203
0.531749
0.495725
0.438433
0.435400
0.435400
0.415598
0.415598
0.496157
0.417201
0.563438
0.589483
0.351632
0.523556
0.520810
0.420295
0.481794
0.598190
0.598190
0.462810
0.486618
0.528690
0.539555
0.525232
0.490767
0.495941
0.495181
0.474799
0.566471
0.466146
0.509333
0.505226
0.506986
0.423854
0.482312
0.539506
0.442074
0.406285
0.406285
0.491788
0.570926
0.444543
0.444543
0.516093
0.467746
0.514092
0.390198
0.470378
0.520661
0.451851
0.608324
0.371941
0.371941
0.371941
0.371941
0.371941
0.477033
0.478040
0.569430
0.569430
0.569430
0.436588
0.519083
0.524443
0.582682
0.401053
0.573201
0.479131
0.463108
0.420077
0.420077
0.586365
0.586365
0.586365
0.586365
0.586365
0.586365
0.282025
0.282025
0.282025
0.282025
0.282025
0.282025
0.618859
0.618859
0.464653
0.627266
0.627266
0.627266
0.627266
0.627266
0.627266
0.627266
0.627266
0.627266
0.627266
0.627266
0.627266
0.627266
0.393574
0.506995
0.444954
0.444954
0.546685
0.534081
0.396152
0.429268
0.425306
0.600741
0.600741
0.600741
0.600741
0.600741
0.491262
0.543960
0.493374
0.523812
0.482983
0.331154
0.331154
0.331154
0.385262
0.385262
0.528025
0.532393
0.526141
0.502657
0.441070
0.548809
0.548809
0.527200
0.433852
0.494152
0.574572
0.574572
0.480016
0.563170
0.448836
0.419012
0.419012
0.479025
0.441940
0.502448
0.484863
0.580844
0.524905
0.431032
0.559907
0.531900
0.525998
0.523048
0.520463
0.506894
0.506591
0.537654
0.559708
0.556266
0.450502
0.441985
0.446029
0.526677
0.552161
0.478647
0.546537
0.488324
0.494081
0.485746
0.523665
0.617370
0.617370
0.617370
0.617370
0.617370
0.617370
0.617370
0.435190
0.547858
0.547858
0.547858
0.486960
0.486192
0.474125
0.534528
0.483104
0.427810
0.466278
0.548838
0.496171
0.534677
0.447694
0.559825
0.470874
0.502208
0.576796
0.476373
0.513900
0.494206
0.569476
0.319752
0.319752
0.319752
0.319752
0.319752
0.319752
0.319752
0.319752
0.319752
0.319752
0.319752
0.319752
0.319752
0.319752
0.319752
0.584244
0.355650
0.580272
0.536762
0.546441
0.475297
0.519667
0.475452
0.494694
0.555708
0.480691
0.457287
0.450569
0.491085
0.551716
0.513866
0.489458
0.479236
0.514199
0.490977
0.509586
0.468141
0.462602
0.426174
0.472838
0.472509
0.580632
0.580632
0.580632
0.580632
0.580632
0.471904
0.517421
0.490218
0.444972
0.528677
0.530547
0.481415
0.547478
0.404337
0.404337
0.541196
0.517407
0.510889
0.352381
0.578549
0.578549
0.414311
0.414311
0.487701
0.538423
0.541007
0.389234
0.389234
0.562926
0.513490
0.535928
0.503447
0.493553
0.497878
0.504145
0.504568
0.544179
0.561209
0.431826
0.431826
0.431826
0.440453
0.538595
0.475521
0.379023
0.379023
0.423036
0.412343
0.576837
0.576837
0.576837
0.576837
0.523287
0.479657
0.531136
0.464365
0.536766
0.398731
0.398731
0.451195
0.343746
0.343746
0.343746
0.590495
0.590495
0.398447
0.399011
0.399011
0.400736
0.400736
0.462330
0.563196
0.624973
0.624973
0.624973
0.624973
0.624973
0.624973
0.509737
0.445855
0.498685
0.481588
0.458950
0.516807
0.454733
0.572339
0.572339
0.421096
0.520728
0.412628
0.540039
0.519682
0.452707
0.410965
0.413688
0.596926
0.596926
0.596926
0.596926
0.431426
0.404847
0.404847
0.478358
0.447781
0.586640
0.530622
0.554937
0.432976
0.506825
0.456828
0.456828
0.466865
0.537994
0.319179
0.319179
0.319179
0.319179
0.319179
0.319179
0.319179
0.319179
0.319179
0.319179
0.406656
0.521035
0.545513
0.545513
0.478563
0.514505
0.459279
0.540388
0.495351
0.599011
0.396131
0.396131
0.396131
0.520672
0.524451
0.467023
0.534189
0.535871
0.440683
0.606134
0.606134
0.598009
0.598009
0.551739
0.490818
0.521280
0.471459
0.432028
0.404871
0.404871
0.432447
0.432447
0.576109
0.535531
0.499264
0.472907
0.519445
0.612392
0.445106
0.512161
0.493384
0.548726
0.496733
0.578411
0.533451
0.490151
0.492047
0.613073
0.468697
0.481740
0.554039
0.549404
0.547523
0.579317
0.554471
0.554471
0.554471
0.554471
0.459393
0.625250
0.625250
0.625250
0.625250
0.625250
0.625250
0.625250
0.625250
0.625250
0.625250
0.625250
0.534444
0.513816
0.377206
0.614636
0.614636
0.614636
0.614636
0.397799
0.440316
0.521693
0.497345
0.502094
0.510103
0.584113
0.584113
0.438204
0.415798
0.415798
0.446191
0.658417
0.658417
0.658417
0.658417
0.658417
0.658417
0.658417
0.658417
0.388531
0.388531
0.599421
0.412894
0.432990
0.530306
0.451247
0.451247
0.524206
0.426277
0.539550
0.496648
0.563434
0.433227
0.528077
0.533202
0.474986
0.378279
0.378279
0.519969
0.542516
0.546493
0.454432
0.500330
0.522428
0.538882
0.486740
0.454132
0.515992
0.492333
0.525100
0.562522
0.546295
0.546295
0.470888
0.535183
0.484927
0.513198
0.539722
0.474788
0.550557
0.550557
0.480298
0.491154
0.518713
0.544027
0.569309
0.569309
0.490048
0.504402
0.500940
0.447927
0.514976
0.541753
0.470146
0.578452
0.505877
0.549125
0.518785
0.502645
0.502449
0.532239
0.503739
0.435044
0.598440
0.598440
0.598440
0.598440
0.598440
0.516390
0.576901
0.413060
0.413060
0.360109
0.360109
0.360109
0.539223
0.482870
0.467925
0.536567
0.489193
0.425752
0.553516
0.433362
0.558856
0.428874
0.492442
0.577226
0.452956
0.573446
0.472749
0.518005
0.416811
0.565978
0.457419
0.460892
0.481746
0.484396
0.525488
0.503412
0.508678
0.467811
0.369646
0.369646
0.369646
0.369646
0.369646
0.369646
0.369646
0.369646
0.369646
0.369646
0.429091
0.545964
0.446956
0.555583
0.468733
0.489995
0.457782
0.465714
0.587204
0.587204
0.541458
0.369719
0.369719
0.369719
0.586528
0.470855
0.472777
0.535862
0.394265
0.394265
0.447631
0.556792
0.384474
0.384474
0.384474
0.384474
0.565181
0.482669
0.505617
0.477234
0.491649
0.527386
0.402453
0.458811
0.626984
0.626984
0.626984
0.626984
0.314262
0.314262
0.314262
0.314262
0.314262
0.314262
0.314262
0.618910
0.618910
0.343009
0.343009
0.343009
0.343009
0.343009
0.494235
0.448465
0.572675
0.488901
0.318969
0.318969
0.318969
0.318969
0.318969
0.515871
0.554453
0.524044
0.518453
0.439585
0.521093
0.503840
0.518079
0.473596
0.598951
0.598951
0.618358
0.618358
0.618358
0.618358
0.618358
0.387645
0.539256
0.632958
0.632958
0.388842
0.388842
0.388842
0.388842
0.542225
0.535485
0.565201
0.509500
0.465664
0.532791
0.490576
0.524930
0.350721
0.448441
0.493126
0.517477
0.549729
0.549729
0.525000
0.545683
0.454627
0.510155
0.438901
0.444472
0.499430
0.388840
0.388840
0.388840
0.449732
0.513903
0.533868
0.421405
0.544972
0.542399
0.391472
0.391472
0.391472
0.391472
0.391472
0.391472
0.448631
0.586969
0.586969
0.440777
0.440777
0.532792
0.487861
0.519507
0.447777
0.495086
0.465212
0.582068
0.519571
0.415774
0.448451
0.617838
0.617838
0.617838
0.617838
0.617838
0.446532
0.539303
0.511752
0.511599
0.520512
0.603052
0.603052
0.535792
0.483575
0.557302
0.553408
0.553408
0.544710
0.434549
0.476263
0.452898
0.590251
0.440485
0.520063
0.505893
0.445074
0.603962
0.548140
0.477258
0.481014
0.538997
0.491657
0.425073
0.488441
0.476560
0.467711
0.396547
0.396547
0.445130
0.541587
0.380094
0.380094
0.590218
0.590218
0.425314
0.457072
0.546087
0.562263
0.416743
0.416743
0.533997
0.525612
0.497761
0.513304
0.583158
0.583158
0.527449
0.511423
0.556878
0.557128
0.451805
0.386764
0.386764
0.386764
0.427011
0.567630
0.434744
0.540585
0.379890
0.379890
0.589530
0.384118
0.384118
0.572061
0.572061
0.531756
0.529902
0.487562
0.473002
0.491493
0.451247
0.513879
0.469437
0.619632
0.619632
0.619632
0.619632
0.619632
0.388868
0.388868
0.494531
0.446477
0.420758
0.544585
0.502655
0.483751
0.483108
0.453641
0.538415
0.410067
0.522233
0.508135
0.486898
0.453105
0.453105
0.531449
0.463035
0.471914
0.429934
0.468282
0.513177
0.539325
0.539325
0.432397
0.468559
0.538171
0.535185
0.411770
0.411770
0.418697
0.462707
0.463498
0.542479
0.542479
0.532673
0.484283
0.519252
0.566125
0.452983
0.452983
0.535920
0.535554
0.466281
0.434989
0.516573
0.503494
0.554864
0.444009
0.560771
0.528698
0.559526
0.559526
0.465381
0.493418
0.550054
0.452087
0.526865
0.441648
0.461033
0.567946
0.577867
0.577867
0.577867
0.577867
0.526474
0.404964
0.404964
0.543822
0.499969
0.468265
0.581254
0.581254
0.498626
0.505061
0.590849
0.590849
0.590849
0.590849
0.377354
0.377354
0.377354
0.377354
0.513064
0.444020
0.565541
0.565541
0.471007
0.446853
0.562915
0.525209
0.595032
0.595032
0.460390
0.500733
0.382697
0.382697
0.505123
0.563292
0.461447
0.453866
0.569118
0.445095
0.381878
0.542506
0.537278
0.536912
0.464681
0.527819
0.482433
0.562033
0.431523
0.431523
0.574841
0.523555
0.508042
0.518598
0.444585
0.444585
0.564474
0.473573
0.397185
0.668607
0.305166
0.305166
0.305166
0.305166
0.305166
0.640771
0.640771
0.640771
0.640771
0.640771
0.640771
0.640771
0.640771
0.640771
0.640771
0.640771
0.640771
0.640771
0.367935
0.367935
0.367935
0.367935
0.367935
0.367935
0.608391
0.608391
0.608391
0.608391
0.459808
0.428197
0.556719
0.449649
0.480562
0.489751
0.523383
0.524510
0.547258
0.541025
0.377687
0.377687
0.377687
0.537628
0.463676
0.541630
0.463863
0.520476
0.435036
0.606372
0.280291
0.280291
0.280291
0.280291
0.280291
0.280291
0.280291
0.280291
0.280291
0.280291
0.280291
0.280291
0.280291
0.280291
0.280291
0.280291
0.280291
0.280291
0.280291
0.280291
0.280291
0.280291
0.280291
0.280291
0.280291
0.280291
0.280291
0.280291
0.280291
0.280291
0.280291
0.280291
0.280291
0.280291
0.280291
0.280291
0.280291
0.280291
0.280291
0.280291
0.280291
0.280291
0.531162
0.416159
0.416159
0.577050
0.424671
0.424671
0.486879
0.513309
0.481616
0.591348
0.434960
0.478057
0.540516
0.511304
0.557258
0.484739
0.431254
0.440803
0.357331
0.357331
0.357331
0.357331
0.357331
0.357331
0.357331
0.357331
0.357331
0.595442
0.435714
0.561612
0.462022
0.485454
0.573657
0.387970
0.387970
0.579447
0.414007
0.491166
0.492320
0.579909
0.579909
0.445179
0.526892
0.422633
0.450214
0.580978
0.560880
0.456291
0.533921
0.512423
0.412907
0.586595
0.586595
0.449282
0.550681
0.449884
0.501997
0.501318
0.515297
0.494345
0.501848
0.508414
0.489504
0.447921
0.595215
0.478301
0.468999
0.546988
0.488480
0.489167
0.440290
0.576358
0.540191
0.525738
0.524697
0.340359
0.340359
0.340359
0.340359
0.641029
0.317425
0.317425
0.317425
0.317425
0.660603
0.660603
0.660603
0.660603
0.660603
0.660603
0.660603
0.660603
0.660603
0.660603
0.660603
0.660603
0.660603
0.660603
0.384133
0.384133
0.608081
0.608081
0.309339
0.309339
0.309339
0.582031
0.395977
0.551324
0.474305
0.496548
0.473842
0.377895
0.613514
0.613514
0.613514
0.613514
0.473971
0.568046
0.398814
0.502739
0.465144
0.526242
0.555082
0.487399
0.470182
0.436181
0.503394
0.552800
0.451623
0.556072
0.390622
0.390622
0.567645
0.384219
0.384219
0.384219
0.603612
0.603612
0.603612
0.509013
0.434031
0.492420
0.560989
0.434713
0.434713
0.442747
0.512454
0.532241
0.478860
0.472600
0.472600
0.515365
0.578622
0.493459
0.472132
0.485521
0.491334
0.499273
0.544013
0.382709
0.464867
0.516125
0.294280
0.560605
0.499490
0.492262
0.569224
0.453909
0.517436
0.517436
0.565337
0.526473
0.534437
0.436642
0.578328
0.401382
0.535677
0.500839
0.471100
0.657303
0.319366
0.319366
0.319366
0.455900
0.564815
0.451482
0.548811
0.451291
0.573372
0.573372
0.573372
0.388083
0.546183
0.501771
0.523527
0.447564
0.485835
0.548092
0.359674
0.359674
0.359674
0.359674
0.359674
0.359674
0.359674
0.610189
0.449519
0.499568
0.514398
0.523548
0.408954
0.475748
0.464618
0.486900
0.459106
0.511342
0.504342
0.470395
0.489668
0.586444
0.586444
0.586444
0.343538
0.343538
0.343538
0.543315
0.565529
0.565529
0.479691
0.401826
0.498320
0.536558
0.587763
0.587763
0.587763
0.373065
0.411695
0.522055
0.445629
0.445629
0.575415
0.575415
0.493811
0.554011
0.303794
0.303794
0.303794
0.303794
0.303794
0.303794
0.303794
0.303794
0.303794
0.303794
0.303794
0.303794
0.632346
0.421429
0.508570
0.549028
0.570154
0.552887
0.513170
0.483244
0.562720
0.450885
0.462118
0.511265
0.550246
0.345693
0.345693
0.345693
0.601534
0.601534
0.425654
0.488005
0.615759
0.505256
0.432935
0.377753
0.377753
0.377753
0.520578
0.555901
0.452850
0.467775
0.483657
0.430863
0.569927
0.569927
0.500658
0.510659
0.544553
0.525952
0.432730
0.478386
0.604571
0.604571
0.604571
0.604571
0.446348
0.467225
0.560585
0.441053
0.611392
0.611392
0.479358
0.563184
0.410870
0.596891
0.417961
0.497377
0.491294
0.516263
0.575794
0.468274
0.538392
0.398570
0.510073
0.546765
0.462472
0.391794
0.630813
0.630813
0.630813
0.630813
0.630813
0.630813
0.630813
0.630813
0.630813
0.630813
0.630813
0.630813
0.630813
0.488163
0.540285
0.480376
0.475740
0.552984
0.481301
0.591931
0.512391
0.448667
0.465679
0.487838
0.434427
0.483228
0.543687
0.387649
0.487594
0.576757
0.569062
0.486589
0.455405
0.541072
0.422639
0.409133
0.428336
0.474577
0.393997
0.571977
0.534335
0.540244
0.401881
0.568850
0.505793
0.471558
0.495537
0.449702
0.431324
0.431324
0.487476
0.507227
0.427195
0.485930
0.524242
0.441331
0.521577
0.458317
0.454038
0.537489
0.402940
0.564296
0.506371
0.487779
0.394335
0.394335
0.481406
0.571194
0.414272
0.524736
0.461845
0.385961
0.385961
0.385961
0.385961
0.495984
0.485237
0.513952
0.524564
0.477068
0.629868
0.629868
0.629868
0.409067
0.409067
0.409067
0.409067
0.409067
0.398933
0.593999
0.368294
0.368294
0.368294
0.618269
0.618269
0.618269
0.618269
0.618269
0.618269
0.618269
0.618269
0.355816
0.355816
0.355816
0.545865
0.522902
0.408078
0.516611
0.441926
0.478479
0.519984
0.540673
0.503518
0.477093
0.491061
0.584600
0.584600
0.293529
0.293529
0.293529
0.293529
0.293529
0.293529
0.293529
0.293529
0.293529
0.293529
0.293529
0.293529
0.293529
0.293529
0.293529
0.293529
0.293529
0.293529
0.619077
0.619077
0.619077
0.619077
0.394109
0.538791
0.538269
0.524276
0.497461
0.515534
0.461713
0.583397
0.528135
0.372246
0.372246
0.634727
0.634727
0.634727
0.634727
0.634727
0.634727
0.397741
0.397741
0.502089
0.454043
0.564053
0.564053
0.434169
0.507445
0.564644
0.451095
0.622268
0.493854
0.502737
0.498516
0.492778
0.467492
0.469745
0.516927
0.585369
0.421198
0.553356
0.493411
0.436430
0.524582
0.513885
0.583466
0.399211
0.399211
0.623438
0.623438
0.433058
0.550359
0.562982
0.562982
0.464182
0.397359
0.397359
0.522537
0.414648
0.414648
0.414648
0.414648
0.452515
0.571232
0.535525
0.412506
0.478866
0.493086
0.491334
0.528427
0.402035
0.402035
0.402035
0.580342
0.386228
0.386228
0.386228
0.619788
0.619788
0.619788
0.619788
0.348691
0.580665
0.580665
0.580665
0.405238
0.554936
0.486338
0.486338
0.491023
0.432841
0.446696
0.371229
0.371229
0.371229
0.371229
0.371229
0.609604
0.459465
0.563758
0.430429
0.583896
0.512177
0.583104
0.583104
0.439576
0.534518
0.528549
0.594558
0.413983
0.555905
0.555905
0.529039
0.499822
0.472615
0.406387
0.442180
0.501276
0.491170
0.482968
0.606642
0.606642
0.606642
0.553231
0.421397
0.632024
0.512837
0.461577
0.518914
0.521644
0.548315
0.495208
0.494543
0.594580
0.594580
0.362212
0.362212
0.362212
0.362212
0.362212
0.535146
0.535146
0.509051
0.544938
0.488377
0.507121
0.466313
0.594529
0.548788
0.449168
0.487817
0.480998
0.508989
0.533167
0.462328
0.508515
0.451207
0.361094
0.361094
0.361094
0.361094
0.361094
0.590889
0.332375
0.332375
0.662843
0.662843
0.662843
0.662843
0.662843
0.662843
0.662843
0.662843
0.662843
0.325455
0.325455
0.325455
0.325455
0.325455
0.518477
0.460011
0.571638
0.427445
0.519054
0.494077
0.369530
0.369530
0.369530
0.369530
0.369530
0.620867
0.620867
0.620867
0.620867
0.620867
0.620867
0.620867
0.475157
0.557084
0.420072
0.510641
0.495094
0.469685
0.548449
0.500449
0.486443
0.481000
0.533287
0.547914
0.537736
0.507109
0.441717
0.441717
0.572685
0.465889
0.563596
0.460483
0.419721
0.419721
0.543473
0.414509
0.456632
0.607847
0.607847
0.607847
0.607847
0.607847
0.508398
0.532225
0.432626
0.572497
0.572497
0.572497
0.398315
0.398315
0.409466
0.576292
0.576292
0.555082
0.440439
0.648014
0.648014
0.648014
0.648014
0.648014
0.648014
0.648014
0.648014
0.648014
0.648014
0.648014
0.648014
0.648014
0.412951
0.412951
0.430870
0.580766
0.521191
0.454643
0.533922
0.481888
0.618766
0.505786
0.516194
0.476429
0.509150
0.454496
0.525521
0.471974
0.555276
0.555276
0.548318
0.548318
0.564896
0.457720
0.521903
0.486292
0.504092
0.469684
0.496050
0.446325
0.474189
0.609231
0.609231
0.609231
0.545579
0.581056
0.402861
0.585877
0.585877
0.495277
0.393527
0.393527
0.561800
0.448264
0.629802
0.629802
0.629802
0.421900
0.421900
0.539152
0.582100
0.582100
0.582100
0.582100
0.424866
0.549729
0.549729
0.517157
0.414186
0.435403
0.421569
0.510274
0.587671
0.587671
0.462319
0.526699
0.512317
0.466766
0.474178
0.455154
0.543965
0.538979
0.588523
0.588523
0.475002
0.417834
0.500479
0.583322
0.494432
0.484857
0.547052
0.491728
0.463494
0.554751
0.523879
0.545944
0.545944
0.453746
0.549523
0.521854
0.562076
0.470911
0.532242
0.460731
0.517271
0.449165
0.417420
0.615511
0.459361
0.622342
0.622342
0.622342
0.436971
0.488452
0.487781
0.540735
0.540735
0.411244
0.503359
0.455916
0.522696
0.332520
0.332520
0.572897
0.540401
0.443778
0.443778
0.575767
0.362422
0.534159
0.562611
0.587097
0.382497
0.561458
0.322402
0.643369
0.367431
0.367431
0.367431
0.536673
0.522100
0.407029
0.407029
0.407029
0.407029
0.512076
0.352566
0.352566
0.352566
0.352566
0.352566
0.352566
0.352566
0.352566
0.352566
0.352566
0.656310
0.656310
0.656310
0.656310
0.656310
0.656310
0.656310
0.656310
0.319508
0.319508
0.319508
0.319508
0.319508
0.319508
0.319508
0.319508
0.319508
0.319508
0.319508
0.319508
0.319508
0.533579
0.447245
0.447245
0.467679
0.555679
0.439569
0.589179
0.589179
0.545562
0.434412
0.592335
0.592335
0.434848
0.540553
0.526609
0.528089
0.434472
0.530152
0.515472
0.495077
0.415952
0.415952
0.415952
0.494652
0.526579
0.359569
0.359569
0.359569
0.359569
0.359569
0.359569
0.359569
0.359569
0.359569
0.465016
0.578496
0.578496
0.512926
0.576128
0.432906
0.554750
0.520251
0.438855
0.518978
0.530261
0.539655
0.515025
0.388648
0.388648
0.565977
0.565977
0.499154
0.434333
0.626374
0.534515
0.382595
0.528034
0.420710
0.420710
0.559197
0.466364
0.497332
0.565098
0.318974
0.623196
0.382028
0.590782
0.590782
0.520894
0.435379
0.435379
0.475467
0.572290
0.572290
0.572290
0.516625
0.523782
0.491182
0.532462
0.412525
0.552349
0.486522
0.472731
0.444535
0.400332
0.501146
0.519850
0.475076
0.389567
0.389567
0.459819
0.477162
0.544364
0.404635
0.404635
0.404635
0.572536
0.572536
0.572536
0.423436
0.637358
0.637358
0.637358
0.389991
0.389991
0.389991
0.420125
0.617181
0.617181
0.466100
0.552392
0.591200
0.463430
0.340948
0.355602
0.355602
0.517183
0.532221
0.538834
0.322842
0.322842
0.322842
0.322842
0.322842
0.322842
0.322842
0.322842
0.322842
0.322842
0.322842
0.322842
0.322842
0.322842
0.322842
0.322842
0.322842
0.535991
0.551768
0.315610
0.315610
0.315610
0.666375
0.666375
0.666375
0.666375
0.666375
0.666375
0.666375
0.666375
0.666375
0.666375
0.666375
0.666375
0.666375
0.666375
0.666375
0.666375
0.666375
0.666375
0.666375
0.666375
0.666375
0.666375
0.666375
0.666375
0.666375
0.666375
0.666375
0.666375
0.339217
0.339217
0.339217
0.526045
0.526995
0.587251
0.459765
0.445316
0.547376
0.386311
0.478747
0.498209
0.506296
0.453191
0.536645
0.437501
0.520902
0.526740
0.504000
0.459090
0.618500
0.618500
0.618500
0.618500
0.379999
0.379999
0.379999
0.598758
0.598758
0.422775
0.614922
0.614922
0.614922
0.614922
0.614922
0.419766
0.559553
0.453296
0.587855
0.587855
0.532622
0.463184
0.463184
0.450161
0.450161
0.538911
0.423377
0.478557
0.493944
0.436910
0.436910
0.615681
0.505646
0.519130
0.437578
0.529732
0.539940
0.539940
0.442316
0.549367
0.442064
0.487734
0.528996
0.420359
0.434323
0.432110
0.470870
0.385304
0.603834
0.603834
0.603834
0.603834
0.393470
0.615938
0.615938
0.510611
0.515811
0.540501
0.548431
0.521640
0.379750
0.490695
0.548990
0.598366
0.466165
0.565411
0.437053
0.546707
0.394498
0.483063
0.486531
0.502410
0.549188
0.533072
0.551124
0.429227
0.534631
0.592041
0.476287
0.402424
0.517941
0.456216
0.447718
0.559277
0.424536
0.603650
0.297545
0.297545
0.297545
0.297545
0.297545
0.297545
0.297545
0.618189
0.618189
0.618189
0.618189
0.618189
0.618189
0.618189
0.618189
0.371249
0.371249
0.371249
0.579190
0.579190
0.380594
0.380594
0.380594
0.496241
0.497113
0.473914
0.203940
0.203940
0.203940
0.203940
0.203940
0.203940
0.203940
0.203940
0.203940
0.203940
0.203940
0.203940
0.203940
0.203940
0.203940
0.203940
0.203940
0.203940
0.203940
0.203940
0.203940
0.203940
0.203940
0.203940
0.203940
0.203940
0.203940
0.203940
0.203940
0.203940
0.203940
0.203940
0.203940
0.203940
0.203940
0.203940
0.203940
0.203940
0.203940
0.203940
0.203940
0.203940
0.203940
0.203940
0.203940
0.203940
0.203940
0.203940
0.203940
0.203940
0.203940
0.203940
0.203940
0.203940
0.203940
0.203940
0.203940
0.203940
0.203940
0.203940
0.203940
0.203940
0.203940
0.203940
0.203940
0.203940
0.203940
0.203940
0.203940
0.203940
0.203940
0.203940
0.203940
0.203940
0.203940
0.203940
0.203940
0.203940
0.203940
0.203940
0.203940
0.203940
0.203940
0.203940
0.203940
0.203940
0.203940
0.203940
0.203940
0.203940
0.203940
0.203940
0.203940
0.203940
0.203940
0.203940
0.203940
0.203940
0.203940
0.203940
0.203940
0.203940
0.203940
0.203940
0.203940
0.203940
0.203940
0.203940
0.203940
0.203940
0.203940
0.203940
0.203940
0.203940
0.203940
0.203940
0.203940
0.203940
0.203940
0.203940
0.203940
0.203940
0.203940
0.203940
0.203940
0.203940
0.203940
0.203940
0.203940
0.203940
0.203940
0.203940
0.203940
0.203940
0.203940
0.203940
0.203940
0.203940
0.203940
0.203940
0.203940
0.203940
0.203940
0.203940
0.203940
0.203940
0.203940
0.203940
0.203940
0.203940
0.203940
0.203940
0.203940
0.203940
0.203940
0.203940
0.203940
0.203940
0.203940
0.203940
0.203940
0.203940
0.203940
0.203940
0.203940
0.203940
0.203940
0.203940
0.203940
0.203940
0.203940
0.203940
0.203940
0.203940
0.203940
0.203940
0.203940
0.203940
0.203940
0.203940
0.203940
0.203940
0.203940
0.203940
0.203940
0.203940
0.203940
0.203940
0.203940
0.203940
0.203940
0.203940
0.203940
0.203940
0.203940
0.203940
0.203940
0.203940
0.203940
0.203940
0.203940
0.203940
0.203940
0.203940
0.203940
0.203940
0.203940
0.203940
0.203940
0.203940
0.203940
0.203940
0.203940
0.203940
0.203940
0.203940
0.203940
0.203940
0.203940
0.203940
0.203940
0.203940
0.203940
0.203940
0.203940
0.203940
0.203940
0.203940
0.203940
0.203940
0.203940
0.203940
0.203940
0.203940
0.203940
0.203940
0.203940
0.203940
0.203940
0.203940
0.203940
0.203940
0.203940
0.203940
0.203940
0.203940
0.203940
0.203940
0.203940
0.203940
0.203940
0.203940
0.203940
0.203940
0.203940
0.203940
0.203940
0.203940
0.203940
0.203940
0.203940
0.203940
0.203940
0.203940
0.203940
0.203940
0.203940
0.203940
0.203940
0.203940
0.203940
0.203940
0.203940
0.203940
0.203940
0.203940
0.203940
0.203940
0.203940
0.203940
0.203940
0.203940
0.203940
0.203940
0.203940
0.203940
0.203940
0.203940
0.203940
0.203940
0.203940
0.203940
0.203940
0.203940
0.203940
0.203940
0.203940
0.203940
0.203940
0.203940
0.203940
0.203940
0.203940
0.203940
0.203940
0.203940
0.203940
0.203940
0.203940
0.203940
0.203940
0.203940
0.203940
0.203940
0.203940
0.203940
0.203940
0.203940
0.203940
0.203940
0.203940
0.203940
0.203940
0.203940
0.203940
0.203940
0.203940
0.203940
0.203940
0.203940
0.203940
0.203940
0.203940
0.203940
0.203940
0.203940
0.203940
0.203940
0.203940
0.203940
0.203940
0.203940
0.203940
0.203940
0.203940
0.203940
0.203940
0.203940
0.203940
0.203940
0.203940
0.203940
0.203940
0.203940
0.203940
0.203940
0.203940
0.203940
0.203940
0.203940
0.203940
0.203940
0.203940
0.203940
0.203940
0.203940
0.203940
0.203940
0.203940
0.203940
0.203940
0.203940
0.203940
0.203940
0.203940
0.203940
0.203940
0.203940
0.203940
0.203940
0.203940
0.203940
0.203940
0.203940
0.203940
0.203940
0.203940
0.203940
0.203940
0.203940
0.203940
0.203940
0.203940
0.203940
0.203940
0.203940
0.203940
0.203940
0.203940
0.203940
0.203940
0.203940
0.685490
0.685490
0.685490
0.685490
0.685490
0.685490
0.685490
0.685490
0.685490
0.685490
0.685490
0.685490
0.685490
0.685490
0.685490
0.685490
0.685490
0.685490
0.685490
0.685490
0.685490
0.685490
0.685490
0.685490
0.685490
0.685490
0.685490
0.685490
0.685490
0.685490
0.685490
0.685490
0.685490
0.685490
0.685490
0.685490
0.685490
0.685490
0.685490
0.685490
0.685490
0.685490
0.685490
0.685490
0.685490
0.685490
0.685490
0.685490
0.685490
0.685490
0.685490
0.685490
0.685490
0.685490
0.685490
0.685490
0.685490
0.685490
0.685490
0.685490
0.685490
0.685490
0.685490
0.685490
0.685490
0.685490
0.685490
0.685490
0.685490
0.685490
0.685490
0.685490
0.368834
0.368834
0.368834
0.614673
0.614673
0.614673
0.614673
0.522880
0.536845
0.444375
0.444375
0.562074
0.498523
0.524692
0.457044
0.594086
0.594086
0.594086
0.594086
0.427873
0.585499
0.432041
0.429993
0.429993
0.562054
0.371143
0.371143
0.371143
0.371143
0.641346
0.641346
0.641346
0.641346
0.641346
0.641346
0.641346
0.641346
0.641346
0.641346
0.641346
0.641346
0.641346
0.641346
0.641346
0.641346
0.641346
0.641346
0.641346
0.641346
0.641346
0.641346
0.641346
0.641346
0.453190
0.495678
0.525482
0.548866
0.548866
0.450318
0.550075
0.464661
0.521830
0.496067
0.495674
0.473400
0.545790
0.419056
0.419056
0.454670
0.390269
0.593428
0.428881
0.362662
0.362662
0.533826
0.507371
0.536263
0.464773
0.553404
0.441999
0.449189
0.530983
0.534543
0.428475
0.617338
0.617338
0.617338
0.617338
0.617338
0.395842
0.571727
0.375656
0.375656
0.498709
0.551016
0.512672
0.506369
0.505316
0.398529
0.597979
0.418569
0.492686
0.423040
0.531475
0.550940
0.551752
0.551752
0.536588
0.408745
0.408745
0.408745
0.460829
0.460514
0.460514
0.495213
0.538694
0.538694
0.440120
0.546193
0.535624
0.475026
0.547006
0.519247
0.522526
0.489940
0.531136
0.537130
0.457634
0.387786
0.387786
0.387786
0.387786
0.387786
0.584602
0.421962
0.637884
0.637884
0.637884
0.637884
0.637884
0.637884
0.637884
0.637884
0.637884
0.391626
0.445617
0.493602
0.550795
0.498591
0.434977
0.634173
0.634173
0.634173
0.634173
0.634173
0.634173
0.634173
0.634173
0.634173
0.372845
0.372845
0.372845
0.372845
0.372845
0.555951
0.572986
0.525717
0.453198
0.540154
0.303755
0.303755
0.303755
0.610479
0.610479
0.374254
0.374254
0.506889
0.483494
0.573480
0.434704
0.416026
0.523220
0.479561
0.498748
0.463844
0.528635
0.516848
0.519567
0.491464
0.523781
0.473822
0.457644
0.472859
0.457151
0.541381
0.503389
0.532148
0.586629
0.586629
0.586629
0.586629
0.482477
0.500530
0.584171
0.584171
0.415382
0.505797
0.498641
0.481708
0.527586
0.543929
0.478589
0.478589
0.560142
0.560142
0.398386
0.560295
0.415394
0.427401
0.445395
0.528767
0.505270
0.458276
0.487783
0.582229
0.582229
0.582229
0.582229
0.582229
0.582229
0.522032
0.456554
0.518948
0.506354
0.525796
0.516182
0.466732
0.499864
0.400008
0.446947
0.446947
0.522876
0.562593
0.451237
0.465025
0.624464
0.624464
0.624464
0.624464
0.624464
0.624464
0.624464
0.383484
0.544680
0.519283
0.497180
0.483614
0.500951
0.539753
0.451280
0.455696
0.545832
0.545832
0.435057
0.430878
0.518018
0.496793
0.535254
0.479098
0.460877
0.574191
0.574191
0.434177
0.434177
0.505534
0.486392
0.445496
0.419831
0.419831
0.493962
0.449386
0.439850
0.539673
0.525493
0.445689
0.371970
0.371970
0.371970
0.371970
0.371970
0.371970
0.371970
0.476861
0.537505
0.542044
0.565943
0.487902
0.530359
0.425566
0.431659
0.431659
0.494617
0.578525
0.578525
0.549494
0.442193
0.548155
0.397522
0.397522
0.563768
0.468355
0.485172
0.540861
0.490689
0.518426
0.364693
0.364693
0.364693
0.614332
0.614332
0.614332
0.409792
0.409792
0.527169
0.542962
0.487422
0.558211
0.405542
0.528284
0.457172
0.485077
0.520111
0.503930
0.498374
0.477140
0.457635
0.597807
0.398466
0.398466
0.599810
0.442807
0.510763
0.620770
0.620770
0.620770
0.620770
0.620770
0.620770
0.620770
0.450038
0.550512
0.450919
0.417236
0.574370
0.417713
0.474224
0.425415
0.584145
0.562682
0.503365
0.477642
0.506389
0.520954
0.558055
0.474836
0.547695
0.477510
0.428218
0.428218
0.564493
0.460300
0.395535
0.526975
0.468437
0.476139
0.597691
0.402379
0.510966
0.514594
0.490483
0.595788
0.358440
0.358440
0.427796
0.447588
0.510313
0.499057
0.451936
0.464123
0.422847
0.422847
0.603982
0.603982
0.362625
0.362625
0.362625
0.362625
0.362625
0.362625
0.362625
0.362625
0.480575
0.453986
0.553638
0.440539
0.437106
0.511261
0.464788
0.365405
0.365405
0.365405
0.585421
0.561132
0.436003
0.457843
0.532276
0.615215
0.615215
0.615215
0.372471
0.372471
0.545558
0.517202
0.542462
0.476996
0.640979
0.640979
0.640979
0.640979
0.412394
0.575391
0.451830
0.533624
0.466875
0.577197
0.484122
0.522117
0.538980
0.371495
0.371495
0.371495
0.446925
0.573375
0.573375
0.426728
0.448832
0.570270
0.469678
0.591060
0.591060
0.591060
0.505948
0.478696
0.532181
0.462670
0.425102
0.510746
0.450927
0.534675
0.493874
0.456069
0.592165
0.592165
0.592165
0.592165
0.452297
0.543527
0.536323
0.551648
0.530529
0.558998
0.564707
0.564707
0.564707
0.501462
0.328743
0.328743
0.328743
0.328743
0.328743
0.328743
0.328743
0.328743
0.328743
0.328743
0.328743
0.328743
0.328743
0.328743
0.328743
0.328743
0.328743
0.328743
0.328743
0.328743
0.328743
0.328743
0.328743
0.328743
0.328743
0.328743
0.328743
0.328743
0.496807
0.523248
0.492119
0.441910
0.449234
0.550310
0.501711
0.616461
0.376077
0.634584
0.634584
0.634584
0.634584
0.422070
0.422070
0.565111
0.455107
0.455519
0.516342
0.337736
0.337736
0.337736
